# z, T

# time = 0.0 hrs
5.000000000000000000e+00 2.953500000000000227e+02
1.500000000000000000e+01 2.955350000000000250e+02
2.500000000000000000e+01 2.958249999999999886e+02
3.500000000000000000e+01 2.960350000000000250e+02
4.500000000000000000e+01 2.962375000000000114e+02
5.500000000000000000e+01 2.964325000000000045e+02
6.500000000000000000e+01 2.966100000000000136e+02
7.500000000000000000e+01 2.967699999999999818e+02
8.500000000000000000e+01 2.969150000000000205e+02
9.500000000000000000e+01 2.970450000000000159e+02
1.050000000000000000e+02 2.971675000000000182e+02
1.150000000000000000e+02 2.972825000000000273e+02
1.250000000000000000e+02 2.973924999999999841e+02
1.350000000000000000e+02 2.974975000000000023e+02
1.450000000000000000e+02 2.976025000000000205e+02
1.550000000000000000e+02 2.977074999999999818e+02
1.650000000000000000e+02 2.978075000000000045e+02
1.750000000000000000e+02 2.979024999999999750e+02
1.850000000000000000e+02 2.979925000000000068e+02
1.950000000000000000e+02 2.980774999999999864e+02
2.050000000000000000e+02 2.981700000000000159e+02
2.150000000000000000e+02 2.982699999999999818e+02
2.250000000000000000e+02 2.983774999999999977e+02
2.350000000000000000e+02 2.984925000000000068e+02
2.450000000000000000e+02 2.986100000000000136e+02
2.550000000000000000e+02 2.987300000000000182e+02
2.650000000000000000e+02 2.988500000000000227e+02
2.750000000000000000e+02 2.989700000000000273e+02
2.850000000000000000e+02 2.990924999999999727e+02
2.950000000000000000e+02 2.992174999999999727e+02
3.050000000000000000e+02 2.993330000000000268e+02
3.150000000000000000e+02 2.994390000000000214e+02
3.250000000000000000e+02 2.995450000000000159e+02
3.350000000000000000e+02 2.996510000000000105e+02
3.450000000000000000e+02 2.997570000000000050e+02
3.550000000000000000e+02 2.998530000000000086e+02
3.650000000000000000e+02 2.999390000000000214e+02
3.750000000000000000e+02 3.000249999999999773e+02
3.850000000000000000e+02 3.001109999999999900e+02
3.950000000000000000e+02 3.001970000000000027e+02
4.050000000000000000e+02 3.002769999999999868e+02
4.150000000000000000e+02 3.003509999999999991e+02
4.250000000000000000e+02 3.004250000000000114e+02
4.350000000000000000e+02 3.004990000000000236e+02
4.450000000000000000e+02 3.005729999999999791e+02
4.550000000000000000e+02 3.006460000000000150e+02
4.650000000000000000e+02 3.007180000000000177e+02
4.750000000000000000e+02 3.007900000000000205e+02
4.900000000000000000e+02 3.008980000000000246e+02
5.100000000000000000e+02 3.010419999999999732e+02
5.300000000000000000e+02 3.011859999999999786e+02
5.500000000000000000e+02 3.013299999999999841e+02
5.700000000000000000e+02 3.014499999999999886e+02
5.900000000000000000e+02 3.015699999999999932e+02
6.100000000000000000e+02 3.016859999999999786e+02
6.300000000000000000e+02 3.017980000000000018e+02
6.500000000000000000e+02 3.019100000000000250e+02
6.700000000000000000e+02 3.019580000000000268e+02
6.900000000000000000e+02 3.020059999999999718e+02
7.100000000000000000e+02 3.020559999999999832e+02
7.300000000000000000e+02 3.021080000000000041e+02
7.500000000000000000e+02 3.021600000000000250e+02
7.700000000000000000e+02 3.021879999999999882e+02
7.900000000000000000e+02 3.022160000000000082e+02
8.200000000000000000e+02 3.022620000000000005e+02
8.600000000000000000e+02 3.023260000000000218e+02
9.000000000000000000e+02 3.023899999999999864e+02
9.400000000000000000e+02 3.024460000000000264e+02
9.800000000000000000e+02 3.025079999999999814e+02
1.020000000000000000e+03 3.025720000000000027e+02
1.060000000000000000e+03 3.026340000000000146e+02
1.100000000000000000e+03 3.026899999999999977e+02
1.160000000000000000e+03 3.027819999999999823e+02
1.240000000000000000e+03 3.028860000000000241e+02
1.320000000000000000e+03 3.029879999999999995e+02
1.400000000000000000e+03 3.030899999999999750e+02
1.480000000000000000e+03 3.032080000000000268e+02
1.560000000000000000e+03 3.033240000000000123e+02
1.640000000000000000e+03 3.034440000000000168e+02
1.720000000000000000e+03 3.035500000000000114e+02
1.800000000000000000e+03 3.036299999999999955e+02
1.880000000000000000e+03 3.036999999999999886e+02
1.960000000000000000e+03 3.037699999999999818e+02
2.040000000000000000e+03 3.038419999999999845e+02
2.120000000000000000e+03 3.039440000000000168e+02
2.200000000000000000e+03 3.041600000000000250e+02
2.280000000000000000e+03 3.043899999999999864e+02
2.360000000000000000e+03 3.046279999999999859e+02
2.440000000000000000e+03 3.048600000000000136e+02
2.520000000000000000e+03 3.050899999999999750e+02
2.600000000000000000e+03 3.053700000000000045e+02
2.680000000000000000e+03 3.058399999999999750e+02
2.760000000000000000e+03 3.063079999999999927e+02
2.840000000000000000e+03 3.067799999999999727e+02
2.920000000000000000e+03 3.072500000000000000e+02

# time = 1.0 hrs
5.000000000000000000e+00 2.951290146310000182e+02
1.500000000000000000e+01 2.954123784720000003e+02
2.500000000000000000e+01 2.956486089840000204e+02
3.500000000000000000e+01 2.958434818599999971e+02
4.500000000000000000e+01 2.960375842469999839e+02
5.500000000000000000e+01 2.962330465979999872e+02
6.500000000000000000e+01 2.964256151609999961e+02
7.500000000000000000e+01 2.966152241379999737e+02
8.500000000000000000e+01 2.967873222380000016e+02
9.500000000000000000e+01 2.969423428019999847e+02
1.050000000000000000e+02 2.970848939190000237e+02
1.150000000000000000e+02 2.972150225620000015e+02
1.250000000000000000e+02 2.973400414129999945e+02
1.350000000000000000e+02 2.974600091660000203e+02
1.450000000000000000e+02 2.975725510330000247e+02
1.550000000000000000e+02 2.976775674159999880e+02
1.650000000000000000e+02 2.977825589770000079e+02
1.750000000000000000e+02 2.978875945330000263e+02
1.850000000000000000e+02 2.979875566410000260e+02
1.950000000000000000e+02 2.980826025380000033e+02
2.050000000000000000e+02 2.981801439999999843e+02
2.150000000000000000e+02 2.982801425370000175e+02
2.250000000000000000e+02 2.983901328420000141e+02
2.350000000000000000e+02 2.985101145940000151e+02
2.450000000000000000e+02 2.986301278239999988e+02
2.550000000000000000e+02 2.987501688039999976e+02
2.650000000000000000e+02 2.988776922860000127e+02
2.750000000000000000e+02 2.990126974230000201e+02
2.850000000000000000e+02 2.991476898899999810e+02
2.950000000000000000e+02 2.992826678220000076e+02
3.050000000000000000e+02 2.994051618149999854e+02
3.150000000000000000e+02 2.995151638309999953e+02
3.250000000000000000e+02 2.996251704939999740e+02
3.350000000000000000e+02 2.997351710620000063e+02
3.450000000000000000e+02 2.998451630280000018e+02
3.550000000000000000e+02 2.999421560050000153e+02
3.650000000000000000e+02 3.000261401789999809e+02
3.750000000000000000e+02 3.001101168129999905e+02
3.850000000000000000e+02 3.001941008890000262e+02
3.950000000000000000e+02 3.002780873770000198e+02
4.050000000000000000e+02 3.003530808880000222e+02
4.150000000000000000e+02 3.004190793989999975e+02
4.250000000000000000e+02 3.004850840569999946e+02
4.350000000000000000e+02 3.005510754659999861e+02
4.450000000000000000e+02 3.006170743060000063e+02
4.550000000000000000e+02 3.006780727859999729e+02
4.650000000000000000e+02 3.007340801249999913e+02
4.750000000000000000e+02 3.007900788850000140e+02
4.900000000000000000e+02 3.008740779259999840e+02
5.100000000000000000e+02 3.009760670509999727e+02
5.300000000000000000e+02 3.010680452490000221e+02
5.500000000000000000e+02 3.011600233839999987e+02
5.700000000000000000e+02 3.012200359170000183e+02
5.900000000000000000e+02 3.012800483429999758e+02
6.100000000000000000e+02 3.013400546490000238e+02
6.300000000000000000e+02 3.014000545270000089e+02
6.500000000000000000e+02 3.014600546899999927e+02
6.700000000000000000e+02 3.015321325080000179e+02
6.900000000000000000e+02 3.016042105450000008e+02
7.100000000000000000e+02 3.016762713520000148e+02
7.300000000000000000e+02 3.017483150109999883e+02
7.500000000000000000e+02 3.018203587429999857e+02
7.700000000000000000e+02 3.018963368779999996e+02
7.900000000000000000e+02 3.019723151480000070e+02
8.200000000000000000e+02 3.020862698390000105e+02
8.600000000000000000e+02 3.022162074350000012e+02
9.000000000000000000e+02 3.022801638880000041e+02
9.400000000000000000e+02 3.023360515680000162e+02
9.800000000000000000e+02 3.023860421659999815e+02
1.020000000000000000e+03 3.024301013580000017e+02
1.060000000000000000e+03 3.024721481130000029e+02
1.100000000000000000e+03 3.025200546149999923e+02
1.160000000000000000e+03 3.025841403179999816e+02
1.240000000000000000e+03 3.026961403049999717e+02
1.320000000000000000e+03 3.028080545959999768e+02
1.400000000000000000e+03 3.029200545950000105e+02
1.480000000000000000e+03 3.030481060220000131e+02
1.560000000000000000e+03 3.031860545970000089e+02
1.640000000000000000e+03 3.033141231700000162e+02
1.720000000000000000e+03 3.034520670509999718e+02
1.800000000000000000e+03 3.035800857209999890e+02
1.880000000000000000e+03 3.037080529639999895e+02
1.960000000000000000e+03 3.038439438799999834e+02
2.040000000000000000e+03 3.039719687709999789e+02
2.120000000000000000e+03 3.041338721490000125e+02
2.200000000000000000e+03 3.044298051160000114e+02
2.280000000000000000e+03 3.047397848090000139e+02
2.360000000000000000e+03 3.050477878649999752e+02
2.440000000000000000e+03 3.053597441900000149e+02
2.520000000000000000e+03 3.056756537840000192e+02
2.600000000000000000e+03 3.060095867449999787e+02
2.680000000000000000e+03 3.064416413310000280e+02
2.760000000000000000e+03 3.068737395040000138e+02
2.840000000000000000e+03 3.073063142159999757e+02
2.920000000000000000e+03 3.077412553330000264e+02

# time = 2.0 hrs
5.000000000000000000e+00 2.951529423289999841e+02
1.500000000000000000e+01 2.954300105749999830e+02
2.500000000000000000e+01 2.956547672269999794e+02
3.500000000000000000e+01 2.958250594169999772e+02
4.500000000000000000e+01 2.959970677809999984e+02
5.500000000000000000e+01 2.961726481090000220e+02
6.500000000000000000e+01 2.963475117319999868e+02
7.500000000000000000e+01 2.965223263749999774e+02
8.500000000000000000e+01 2.966848311539999941e+02
9.500000000000000000e+01 2.968350119439999730e+02
1.050000000000000000e+02 2.969775578819999851e+02
1.150000000000000000e+02 2.971125592060000145e+02
1.250000000000000000e+02 2.972350659019999739e+02
1.350000000000000000e+02 2.973450060719999897e+02
1.450000000000000000e+02 2.974523641619999808e+02
1.550000000000000000e+02 2.975573398770000040e+02
1.650000000000000000e+02 2.976573731519999910e+02
1.750000000000000000e+02 2.977524833539999918e+02
1.850000000000000000e+02 2.978450220589999731e+02
1.950000000000000000e+02 2.979349765919999982e+02
2.050000000000000000e+02 2.980250240959999815e+02
2.150000000000000000e+02 2.981149967729999730e+02
2.250000000000000000e+02 2.982000117759999966e+02
2.350000000000000000e+02 2.982800095169999963e+02
2.450000000000000000e+02 2.983625297840000030e+02
2.550000000000000000e+02 2.984475753890000078e+02
2.650000000000000000e+02 2.985500829019999856e+02
2.750000000000000000e+02 2.986700681089999989e+02
2.850000000000000000e+02 2.987875730459999772e+02
2.950000000000000000e+02 2.989025929320000046e+02
3.050000000000000000e+02 2.990190966519999733e+02
3.150000000000000000e+02 2.991370784229999913e+02
3.250000000000000000e+02 2.992550621519999936e+02
3.350000000000000000e+02 2.993730466910000132e+02
3.450000000000000000e+02 2.994910288120000246e+02
3.550000000000000000e+02 2.995920234719999939e+02
3.650000000000000000e+02 2.996760302249999768e+02
3.750000000000000000e+02 2.997600330739999777e+02
3.850000000000000000e+02 2.998440419180000163e+02
3.950000000000000000e+02 2.999280444060000264e+02
4.050000000000000000e+02 3.000000400189999823e+02
4.150000000000000000e+02 3.000600387150000188e+02
4.250000000000000000e+02 3.001200330560000111e+02
4.350000000000000000e+02 3.001800220509999804e+02
4.450000000000000000e+02 3.002400114100000224e+02
4.550000000000000000e+02 3.002960188900000276e+02
4.650000000000000000e+02 3.003480342610000093e+02
4.750000000000000000e+02 3.004000529329999836e+02
4.900000000000000000e+02 3.004780773219999901e+02
5.100000000000000000e+02 3.005821113279999963e+02
5.300000000000000000e+02 3.006861485430000016e+02
5.500000000000000000e+02 3.007901860740000188e+02
5.700000000000000000e+02 3.008941393430000062e+02
5.900000000000000000e+02 3.009980924380000147e+02
6.100000000000000000e+02 3.010980760859999918e+02
6.300000000000000000e+02 3.011940904100000012e+02
6.500000000000000000e+02 3.012901041790000249e+02
6.700000000000000000e+02 3.013701186010000015e+02
6.900000000000000000e+02 3.014501326050000216e+02
7.100000000000000000e+02 3.015281396660000155e+02
7.300000000000000000e+02 3.016041397960000268e+02
7.500000000000000000e+02 3.016801395090000142e+02
7.700000000000000000e+02 3.017361211919999846e+02
7.900000000000000000e+02 3.017921025080000277e+02
8.200000000000000000e+02 3.018760603989999822e+02
8.600000000000000000e+02 3.019840112879999765e+02
9.000000000000000000e+02 3.020800113829999987e+02
9.400000000000000000e+02 3.021760394899999937e+02
9.800000000000000000e+02 3.022480465709999748e+02
1.020000000000000000e+03 3.022960465740000018e+02
1.060000000000000000e+03 3.023260629360000280e+02
1.100000000000000000e+03 3.023501283690000037e+02
1.160000000000000000e+03 3.024021283469999730e+02
1.240000000000000000e+03 3.024981655569999930e+02
1.320000000000000000e+03 3.026040905400000156e+02
1.400000000000000000e+03 3.027101043769999933e+02
1.480000000000000000e+03 3.028601748620000080e+02
1.560000000000000000e+03 3.030201585070000192e+02
1.640000000000000000e+03 3.031800930800000060e+02
1.720000000000000000e+03 3.033440744690000201e+02
1.800000000000000000e+03 3.035300465459999941e+02
1.880000000000000000e+03 3.037219647609999811e+02
1.960000000000000000e+03 3.039040352590000111e+02
2.040000000000000000e+03 3.040959698300000014e+02
2.120000000000000000e+03 3.043199419150000153e+02
2.200000000000000000e+03 3.046598716880000097e+02
2.280000000000000000e+03 3.050118716879999852e+02
2.360000000000000000e+03 3.053539887219999969e+02
2.440000000000000000e+03 3.057059887199999935e+02
2.520000000000000000e+03 3.060579887210000152e+02
2.600000000000000000e+03 3.064297899040000175e+02
2.680000000000000000e+03 3.068358857869999952e+02
2.760000000000000000e+03 3.072518750419999947e+02
2.840000000000000000e+03 3.076606084609999812e+02
2.920000000000000000e+03 3.080732251690000112e+02

# time = 3.0 hrs
5.000000000000000000e+00 2.951176422949999960e+02
1.500000000000000000e+01 2.954289110419999815e+02
2.500000000000000000e+01 2.956709636960000012e+02
3.500000000000000000e+01 2.958374398930000098e+02
4.500000000000000000e+01 2.960021374049999849e+02
5.500000000000000000e+01 2.961676651239999956e+02
6.500000000000000000e+01 2.963349099229999979e+02
7.500000000000000000e+01 2.965048713809999867e+02
8.500000000000000000e+01 2.966724954129999787e+02
9.500000000000000000e+01 2.968375420579999968e+02
1.050000000000000000e+02 2.969875467410000169e+02
1.150000000000000000e+02 2.971225527689999808e+02
1.250000000000000000e+02 2.972425144029999728e+02
1.350000000000000000e+02 2.973474624639999888e+02
1.450000000000000000e+02 2.974449328379999997e+02
1.550000000000000000e+02 2.975349764019999839e+02
1.650000000000000000e+02 2.976225064710000083e+02
1.750000000000000000e+02 2.977075327000000016e+02
1.850000000000000000e+02 2.977925315919999889e+02
1.950000000000000000e+02 2.978775051729999745e+02
2.050000000000000000e+02 2.979600052530000198e+02
2.150000000000000000e+02 2.980400079209999831e+02
2.250000000000000000e+02 2.981175702020000244e+02
2.350000000000000000e+02 2.981925944870000080e+02
2.450000000000000000e+02 2.982725739040000121e+02
2.550000000000000000e+02 2.983575087670000130e+02
2.650000000000000000e+02 2.984450077700000179e+02
2.750000000000000000e+02 2.985350697129999844e+02
2.850000000000000000e+02 2.986275826199999983e+02
2.950000000000000000e+02 2.987225493739999820e+02
3.050000000000000000e+02 2.988220347179999976e+02
3.150000000000000000e+02 2.989260382649999883e+02
3.250000000000000000e+02 2.990300418479999962e+02
3.350000000000000000e+02 2.991340454350000186e+02
3.450000000000000000e+02 2.992380475009999827e+02
3.550000000000000000e+02 2.993330559830000084e+02
3.650000000000000000e+02 2.994190711699999952e+02
3.750000000000000000e+02 2.995050849560000188e+02
3.850000000000000000e+02 2.995911018209999952e+02
3.950000000000000000e+02 2.996771168970000190e+02
4.050000000000000000e+02 2.997541173540000159e+02
4.150000000000000000e+02 2.998221060540000167e+02
4.250000000000000000e+02 2.998900965889999952e+02
4.350000000000000000e+02 2.999580881989999739e+02
4.450000000000000000e+02 3.000260777419999840e+02
4.550000000000000000e+02 3.000870673250000209e+02
4.650000000000000000e+02 3.001410558740000170e+02
4.750000000000000000e+02 3.001950441430000183e+02
4.900000000000000000e+02 3.002760264649999726e+02
5.100000000000000000e+02 3.003720025040000223e+02
5.300000000000000000e+02 3.004559764289999748e+02
5.500000000000000000e+02 3.005399503969999842e+02
5.700000000000000000e+02 3.005999991300000147e+02
5.900000000000000000e+02 3.006600484680000136e+02
6.100000000000000000e+02 3.007220613599999979e+02
6.300000000000000000e+02 3.007860384580000073e+02
6.500000000000000000e+02 3.008500154669999915e+02
6.700000000000000000e+02 3.009140415159999975e+02
6.900000000000000000e+02 3.009780677620000233e+02
7.100000000000000000e+02 3.010460562569999752e+02
7.300000000000000000e+02 3.011180071460000249e+02
7.500000000000000000e+02 3.011899583879999795e+02
7.700000000000000000e+02 3.012699842509999826e+02
7.900000000000000000e+02 3.013500104269999724e+02
8.200000000000000000e+02 3.014700233309999930e+02
8.600000000000000000e+02 3.016200231899999835e+02
9.000000000000000000e+02 3.017400234340000225e+02
9.400000000000000000e+02 3.018600232759999926e+02
9.800000000000000000e+02 3.019560233000000267e+02
1.020000000000000000e+03 3.020240462510000157e+02
1.060000000000000000e+03 3.020740562369999793e+02
1.100000000000000000e+03 3.021299581829999852e+02
1.160000000000000000e+03 3.022020155339999974e+02
1.240000000000000000e+03 3.022980614090000131e+02
1.320000000000000000e+03 3.023940077560000077e+02
1.400000000000000000e+03 3.025000077970000234e+02
1.480000000000000000e+03 3.026760077480000177e+02
1.560000000000000000e+03 3.028520651160000057e+02
1.640000000000000000e+03 3.030280651140000145e+02
1.720000000000000000e+03 3.032240161419999822e+02
1.800000000000000000e+03 3.034899348800000212e+02
1.880000000000000000e+03 3.037579792220000172e+02
1.960000000000000000e+03 3.040319630939999911e+02
2.040000000000000000e+03 3.043039568890000055e+02
2.120000000000000000e+03 3.045899423199999774e+02
2.200000000000000000e+03 3.049200418440000249e+02
2.280000000000000000e+03 3.052660157980000122e+02
2.360000000000000000e+03 3.056119438680000258e+02
2.440000000000000000e+03 3.059559438680000198e+02
2.520000000000000000e+03 3.062979354999999941e+02
2.600000000000000000e+03 3.066599271380000005e+02
2.680000000000000000e+03 3.070759500969999749e+02
2.760000000000000000e+03 3.074919300440000143e+02
2.840000000000000000e+03 3.079085863110000219e+02
2.920000000000000000e+03 3.083233453089999898e+02

# time = 4.0 hrs
5.000000000000000000e+00 2.951144830420000176e+02
1.500000000000000000e+01 2.954506995560000178e+02
2.500000000000000000e+01 2.957116418049999993e+02
3.500000000000000000e+01 2.958980751779999991e+02
4.500000000000000000e+01 2.960772722059999751e+02
5.500000000000000000e+01 2.962524452420000216e+02
6.500000000000000000e+01 2.964298945319999916e+02
7.500000000000000000e+01 2.966098717489999785e+02
8.500000000000000000e+01 2.967749007849999998e+02
9.500000000000000000e+01 2.969249521550000281e+02
1.050000000000000000e+02 2.970624468070000148e+02
1.150000000000000000e+02 2.971873954550000008e+02
1.250000000000000000e+02 2.972998675229999890e+02
1.350000000000000000e+02 2.973998711630000003e+02
1.450000000000000000e+02 2.974948705259999997e+02
1.550000000000000000e+02 2.975848737769999843e+02
1.650000000000000000e+02 2.976724075829999947e+02
1.750000000000000000e+02 2.977574824899999726e+02
1.850000000000000000e+02 2.978400220610000133e+02
1.950000000000000000e+02 2.979200222200000212e+02
2.050000000000000000e+02 2.980024837479999746e+02
2.150000000000000000e+02 2.980874095290000128e+02
2.250000000000000000e+02 2.981723986399999831e+02
2.350000000000000000e+02 2.982574514710000244e+02
2.450000000000000000e+02 2.983449903989999825e+02
2.550000000000000000e+02 2.984350107989999970e+02
2.650000000000000000e+02 2.985325097420000020e+02
2.750000000000000000e+02 2.986374890170000072e+02
2.850000000000000000e+02 2.987400053370000137e+02
2.950000000000000000e+02 2.988400591989999953e+02
3.050000000000000000e+02 2.989430665539999836e+02
3.150000000000000000e+02 2.990490282839999736e+02
3.250000000000000000e+02 2.991549901569999861e+02
3.350000000000000000e+02 2.992609515490000263e+02
3.450000000000000000e+02 2.993669118669999989e+02
3.550000000000000000e+02 2.994578925089999757e+02
3.650000000000000000e+02 2.995338934129999870e+02
3.750000000000000000e+02 2.996098940410000182e+02
3.850000000000000000e+02 2.996858940079999911e+02
3.950000000000000000e+02 2.997618933449999759e+02
4.050000000000000000e+02 2.998269081569999912e+02
4.150000000000000000e+02 2.998809381500000200e+02
4.250000000000000000e+02 2.999349677779999865e+02
4.350000000000000000e+02 2.999889970500000231e+02
4.450000000000000000e+02 3.000430298190000258e+02
4.550000000000000000e+02 3.000920377840000128e+02
4.650000000000000000e+02 3.001360303050000198e+02
4.750000000000000000e+02 3.001800234099999898e+02
4.900000000000000000e+02 3.002460071890000108e+02
5.100000000000000000e+02 3.003240085389999763e+02
5.300000000000000000e+02 3.003920256160000122e+02
5.500000000000000000e+02 3.004600425049999899e+02
5.700000000000000000e+02 3.005200430740000002e+02
5.900000000000000000e+02 3.005800427340000169e+02
6.100000000000000000e+02 3.006400341820000222e+02
6.300000000000000000e+02 3.007000170009999920e+02
6.500000000000000000e+02 3.007600000290000253e+02
6.700000000000000000e+02 3.008199743010000020e+02
6.900000000000000000e+02 3.008799487929999827e+02
7.100000000000000000e+02 3.009419146480000222e+02
7.300000000000000000e+02 3.010058718689999750e+02
7.500000000000000000e+02 3.010698294389999887e+02
7.700000000000000000e+02 3.011418292220000126e+02
7.900000000000000000e+02 3.012138293790000034e+02
8.200000000000000000e+02 3.013218463329999963e+02
8.600000000000000000e+02 3.014538717460000044e+02
9.000000000000000000e+02 3.015498720800000001e+02
9.400000000000000000e+02 3.016538718510000194e+02
9.800000000000000000e+02 3.017398719199999846e+02
1.020000000000000000e+03 3.018118548499999747e+02
1.060000000000000000e+03 3.018758292549999851e+02
1.100000000000000000e+03 3.019398292330000118e+02
1.160000000000000000e+03 3.020378932890000101e+02
1.240000000000000000e+03 3.021819786689999887e+02
1.320000000000000000e+03 3.023360000179999929e+02
1.400000000000000000e+03 3.024901281520000111e+02
1.480000000000000000e+03 3.026881451959999936e+02
1.560000000000000000e+03 3.028940512699999772e+02
1.640000000000000000e+03 3.030940512689999764e+02
1.720000000000000000e+03 3.033081708159999721e+02
1.800000000000000000e+03 3.036000640589999762e+02
1.880000000000000000e+03 3.039040213810000068e+02
1.960000000000000000e+03 3.041981707979999783e+02
2.040000000000000000e+03 3.045020512610000196e+02
2.120000000000000000e+03 3.048060384490000274e+02
2.200000000000000000e+03 3.051200640509999857e+02
2.280000000000000000e+03 3.054340640490000283e+02
2.360000000000000000e+03 3.057500640480000129e+02
2.440000000000000000e+03 3.060699786530000210e+02
2.520000000000000000e+03 3.063800896500000022e+02
2.600000000000000000e+03 3.067199573089999944e+02
2.680000000000000000e+03 3.071200640399999884e+02
2.760000000000000000e+03 3.075300032929999929e+02
2.840000000000000000e+03 3.079306327059999830e+02
2.920000000000000000e+03 3.083393639170000142e+02

# time = 5.0 hrs
5.000000000000000000e+00 2.950347477209999738e+02
1.500000000000000000e+01 2.953970585029999825e+02
2.500000000000000000e+01 2.956758347979999826e+02
3.500000000000000000e+01 2.958593236350000097e+02
4.500000000000000000e+01 2.960493686199999956e+02
5.500000000000000000e+01 2.962499181509999744e+02
6.500000000000000000e+01 2.964574071170000025e+02
7.500000000000000000e+01 2.966723073079999722e+02
8.500000000000000000e+01 2.968622977929999820e+02
9.500000000000000000e+01 2.970273367099999859e+02
1.050000000000000000e+02 2.971698329089999788e+02
1.150000000000000000e+02 2.972899010009999756e+02
1.250000000000000000e+02 2.973924553890000197e+02
1.350000000000000000e+02 2.974775099739999860e+02
1.450000000000000000e+02 2.975649909269999966e+02
1.550000000000000000e+02 2.976549170270000104e+02
1.650000000000000000e+02 2.977424105650000001e+02
1.750000000000000000e+02 2.978274711579999803e+02
1.850000000000000000e+02 2.979224929349999798e+02
1.950000000000000000e+02 2.980274788230000240e+02
2.050000000000000000e+02 2.981324720339999885e+02
2.150000000000000000e+02 2.982374724339999830e+02
2.250000000000000000e+02 2.983474729050000178e+02
2.350000000000000000e+02 2.984624721069999964e+02
2.450000000000000000e+02 2.985774719120000213e+02
2.550000000000000000e+02 2.986924725299999750e+02
2.650000000000000000e+02 2.988049724250000168e+02
2.750000000000000000e+02 2.989149713940000197e+02
2.850000000000000000e+02 2.990274661270000252e+02
2.950000000000000000e+02 2.991424518140000259e+02
3.050000000000000000e+02 2.992439501410000275e+02
3.150000000000000000e+02 2.993319616730000234e+02
3.250000000000000000e+02 2.994199724110000034e+02
3.350000000000000000e+02 2.995079839620000257e+02
3.450000000000000000e+02 2.995959939840000175e+02
3.550000000000000000e+02 2.996719876770000042e+02
3.650000000000000000e+02 2.997359649850000096e+02
3.750000000000000000e+02 2.997999411700000110e+02
3.850000000000000000e+02 2.998639169140000149e+02
3.950000000000000000e+02 2.999278930219999779e+02
4.050000000000000000e+02 2.999808924440000055e+02
4.150000000000000000e+02 3.000229172780000226e+02
4.250000000000000000e+02 3.000649411420000092e+02
4.350000000000000000e+02 3.001069638719999944e+02
4.450000000000000000e+02 3.001489881050000008e+02
4.550000000000000000e+02 3.001860004499999945e+02
4.650000000000000000e+02 3.002179995829999939e+02
4.750000000000000000e+02 3.002499989919999734e+02
4.900000000000000000e+02 3.002980005659999847e+02
5.100000000000000000e+02 3.003579944019999743e+02
5.300000000000000000e+02 3.004139837330000091e+02
5.500000000000000000e+02 3.004699723379999909e+02
5.700000000000000000e+02 3.005139723500000173e+02
5.900000000000000000e+02 3.005579723920000106e+02
6.100000000000000000e+02 3.005999724860000129e+02
6.300000000000000000e+02 3.006399724010000227e+02
6.500000000000000000e+02 3.006799724840000181e+02
6.700000000000000000e+02 3.007199723929999777e+02
6.900000000000000000e+02 3.007599725520000220e+02
7.100000000000000000e+02 3.007999906769999825e+02
7.300000000000000000e+02 3.008400271040000007e+02
7.500000000000000000e+02 3.008800636880000070e+02
7.700000000000000000e+02 3.009240636010000003e+02
7.900000000000000000e+02 3.009680636169999843e+02
8.200000000000000000e+02 3.010380635469999788e+02
8.600000000000000000e+02 3.011380818110000064e+02
9.000000000000000000e+02 3.012501546679999933e+02
9.400000000000000000e+02 3.013702054550000184e+02
9.800000000000000000e+02 3.014902181879999716e+02
1.020000000000000000e+03 3.016101817339999798e+02
1.060000000000000000e+03 3.017281325600000059e+02
1.100000000000000000e+03 3.018401547359999881e+02
1.160000000000000000e+03 3.020160690120000027e+02
1.240000000000000000e+03 3.022240182520000076e+02
1.320000000000000000e+03 3.024319199330000174e+02
1.400000000000000000e+03 3.026399365030000013e+02
1.480000000000000000e+03 3.028698928530000103e+02
1.560000000000000000e+03 3.030999458499999832e+02
1.640000000000000000e+03 3.033318729640000129e+02
1.720000000000000000e+03 3.035818254900000284e+02
1.800000000000000000e+03 3.038699005490000218e+02
1.880000000000000000e+03 3.041838072510000188e+02
1.960000000000000000e+03 3.044877818479999974e+02
2.040000000000000000e+03 3.047917818430000239e+02
2.120000000000000000e+03 3.050958293209999965e+02
2.200000000000000000e+03 3.054097818419999726e+02
2.280000000000000000e+03 3.057297818310000252e+02
2.360000000000000000e+03 3.060398729519999961e+02
2.440000000000000000e+03 3.063598000320000097e+02
2.520000000000000000e+03 3.066698729010000193e+02
2.600000000000000000e+03 3.069998728329999835e+02
2.680000000000000000e+03 3.073679284190000089e+02
2.760000000000000000e+03 3.077458315669999820e+02
2.840000000000000000e+03 3.081144982010000035e+02
2.920000000000000000e+03 3.084813077580000140e+02

# time = 6.0 hrs
5.000000000000000000e+00 2.950831211830000029e+02
1.500000000000000000e+01 2.954036712239999929e+02
2.500000000000000000e+01 2.956681817250000108e+02
3.500000000000000000e+01 2.958701009669999848e+02
4.500000000000000000e+01 2.960822293560000276e+02
5.500000000000000000e+01 2.963075165760000118e+02
6.500000000000000000e+01 2.965325689750000038e+02
7.500000000000000000e+01 2.967576727370000071e+02
8.500000000000000000e+01 2.969526380689999883e+02
9.500000000000000000e+01 2.971174648339999749e+02
1.050000000000000000e+02 2.972500255709999806e+02
1.150000000000000000e+02 2.973501395420000222e+02
1.250000000000000000e+02 2.974376176000000100e+02
1.350000000000000000e+02 2.975125456580000218e+02
1.450000000000000000e+02 2.975849996759999954e+02
1.550000000000000000e+02 2.976550002469999754e+02
1.650000000000000000e+02 2.977225004719999788e+02
1.750000000000000000e+02 2.977875001699999871e+02
1.850000000000000000e+02 2.978549995089999811e+02
1.950000000000000000e+02 2.979249996579999902e+02
2.050000000000000000e+02 2.979950423349999937e+02
2.150000000000000000e+02 2.980651269830000274e+02
2.250000000000000000e+02 2.981426696560000096e+02
2.350000000000000000e+02 2.982276691089999758e+02
2.450000000000000000e+02 2.983151687060000086e+02
2.550000000000000000e+02 2.984051687130000232e+02
2.650000000000000000e+02 2.984977111740000169e+02
2.750000000000000000e+02 2.985927963810000278e+02
2.850000000000000000e+02 2.986878385410000192e+02
2.950000000000000000e+02 2.987828387150000253e+02
3.050000000000000000e+02 2.988783729049999920e+02
3.150000000000000000e+02 2.989744407200000182e+02
3.250000000000000000e+02 2.990705079800000021e+02
3.350000000000000000e+02 2.991665749890000257e+02
3.450000000000000000e+02 2.992626429499999858e+02
3.550000000000000000e+02 2.993506605889999719e+02
3.650000000000000000e+02 2.994306267929999876e+02
3.750000000000000000e+02 2.995105921389999821e+02
3.850000000000000000e+02 2.995905588549999834e+02
3.950000000000000000e+02 2.996705245320000017e+02
4.050000000000000000e+02 2.997395068879999940e+02
4.150000000000000000e+02 2.997975082479999855e+02
4.250000000000000000e+02 2.998555082880000100e+02
4.350000000000000000e+02 2.999135075510000092e+02
4.450000000000000000e+02 2.999715081919999875e+02
4.550000000000000000e+02 3.000215082209999764e+02
4.650000000000000000e+02 3.000635080889999813e+02
4.750000000000000000e+02 3.001055081470000232e+02
4.900000000000000000e+02 3.001685081449999757e+02
5.100000000000000000e+02 3.002424744030000170e+02
5.300000000000000000e+02 3.003064064370000210e+02
5.500000000000000000e+02 3.003703385979999894e+02
5.700000000000000000e+02 3.004182710649999990e+02
5.900000000000000000e+02 3.004662033349999888e+02
6.100000000000000000e+02 3.005121692139999823e+02
6.300000000000000000e+02 3.005561694360000047e+02
6.500000000000000000e+02 3.006001693210000099e+02
6.700000000000000000e+02 3.006401694560000237e+02
6.900000000000000000e+02 3.006801694470000257e+02
7.100000000000000000e+02 3.007201693289999866e+02
7.300000000000000000e+02 3.007601694859999952e+02
7.500000000000000000e+02 3.008001694629999747e+02
7.700000000000000000e+02 3.008402372090000085e+02
7.900000000000000000e+02 3.008803050430000212e+02
8.200000000000000000e+02 3.009442710970000121e+02
8.600000000000000000e+02 3.010361695189999978e+02
9.000000000000000000e+02 3.011401693369999748e+02
9.400000000000000000e+02 3.012361695139999824e+02
9.800000000000000000e+02 3.013441694320000011e+02
1.020000000000000000e+03 3.014561694220000163e+02
1.060000000000000000e+03 3.015681694190000144e+02
1.100000000000000000e+03 3.016801693869999781e+02
1.160000000000000000e+03 3.018502033180000126e+02
1.240000000000000000e+03 3.020982032860000004e+02
1.320000000000000000e+03 3.023502371519999770e+02
1.400000000000000000e+03 3.026003388550000182e+02
1.480000000000000000e+03 3.028883388159999868e+02
1.560000000000000000e+03 3.031861693920000107e+02
1.640000000000000000e+03 3.034740338720000068e+02
1.720000000000000000e+03 3.037660000079999918e+02
1.800000000000000000e+03 3.040799999789999788e+02
1.880000000000000000e+03 3.043899999899999784e+02
1.960000000000000000e+03 3.046999661350000110e+02
2.040000000000000000e+03 3.050198305590000132e+02
2.120000000000000000e+03 3.053258305979999818e+02
2.200000000000000000e+03 3.056298305710000136e+02
2.280000000000000000e+03 3.059279322159999879e+02
2.360000000000000000e+03 3.062258643370000186e+02
2.440000000000000000e+03 3.065219994839999913e+02
2.520000000000000000e+03 3.068161002049999979e+02
2.600000000000000000e+03 3.071201704729999733e+02
2.680000000000000000e+03 3.074561742509999931e+02
2.760000000000000000e+03 3.077901446889999875e+02
2.840000000000000000e+03 3.081188882359999752e+02
2.920000000000000000e+03 3.084499120940000125e+02

# time = 7.0 hrs
5.000000000000000000e+00 2.950965842200000111e+02
1.500000000000000000e+01 2.953897284910000280e+02
2.500000000000000000e+01 2.956314725070000122e+02
3.500000000000000000e+01 2.958174447530000180e+02
4.500000000000000000e+01 2.960071719310000162e+02
5.500000000000000000e+01 2.962026563659999852e+02
6.500000000000000000e+01 2.964077292650000004e+02
7.500000000000000000e+01 2.966226347520000104e+02
8.500000000000000000e+01 2.968152885100000162e+02
9.500000000000000000e+01 2.969853389849999985e+02
1.050000000000000000e+02 2.971303385140000159e+02
1.150000000000000000e+02 2.972502053619999742e+02
1.250000000000000000e+02 2.973476287170000205e+02
1.350000000000000000e+02 2.974226388139999813e+02
1.450000000000000000e+02 2.974926723629999969e+02
1.550000000000000000e+02 2.975577422879999858e+02
1.650000000000000000e+02 2.976227410860000191e+02
1.750000000000000000e+02 2.976876697100000229e+02
1.850000000000000000e+02 2.977526344039999913e+02
1.950000000000000000e+02 2.978176343050000128e+02
2.050000000000000000e+02 2.978826335559999734e+02
2.150000000000000000e+02 2.979476317880000238e+02
2.250000000000000000e+02 2.980126654879999819e+02
2.350000000000000000e+02 2.980777346419999958e+02
2.450000000000000000e+02 2.981428031730000043e+02
2.550000000000000000e+02 2.982078725690000169e+02
2.650000000000000000e+02 2.982754408069999954e+02
2.750000000000000000e+02 2.983455079450000085e+02
2.850000000000000000e+02 2.984155406070000254e+02
2.950000000000000000e+02 2.984855383409999945e+02
3.050000000000000000e+02 2.985545647819999999e+02
3.150000000000000000e+02 2.986226196580000192e+02
3.250000000000000000e+02 2.986906745649999948e+02
3.350000000000000000e+02 2.987587289909999981e+02
3.450000000000000000e+02 2.988267826109999987e+02
3.550000000000000000e+02 2.988938103639999895e+02
3.650000000000000000e+02 2.989598104489999741e+02
3.750000000000000000e+02 2.990258096119999891e+02
3.850000000000000000e+02 2.990918098440000108e+02
3.950000000000000000e+02 2.991578103690000034e+02
4.050000000000000000e+02 2.992207963480000217e+02
4.150000000000000000e+02 2.992807690010000101e+02
4.250000000000000000e+02 2.993407412860000250e+02
4.350000000000000000e+02 2.994007135690000041e+02
4.450000000000000000e+02 2.994606861479999793e+02
4.550000000000000000e+02 2.995166715689999819e+02
4.650000000000000000e+02 2.995686722469999950e+02
4.750000000000000000e+02 2.996206728629999816e+02
4.900000000000000000e+02 2.996986724089999825e+02
5.100000000000000000e+02 2.997927005720000011e+02
5.300000000000000000e+02 2.998767573970000058e+02
5.500000000000000000e+02 2.999608135529999799e+02
5.700000000000000000e+02 3.000327589060000264e+02
5.900000000000000000e+02 3.001047035479999749e+02
6.100000000000000000e+02 3.001746481829999880e+02
6.300000000000000000e+02 3.002425932400000193e+02
6.500000000000000000e+02 3.003105379460000108e+02
6.700000000000000000e+02 3.003705380949999721e+02
6.900000000000000000e+02 3.004305380740000260e+02
7.100000000000000000e+02 3.004885104570000181e+02
7.300000000000000000e+02 3.005444554029999722e+02
7.500000000000000000e+02 3.006003999669999871e+02
7.700000000000000000e+02 3.006404016609999985e+02
7.900000000000000000e+02 3.006804029439999795e+02
8.200000000000000000e+02 3.007443497300000104e+02
8.600000000000000000e+02 3.008362959770000202e+02
9.000000000000000000e+02 3.009404034959999876e+02
9.400000000000000000e+02 3.010444035589999885e+02
9.800000000000000000e+02 3.011544035399999757e+02
1.020000000000000000e+03 3.012703483750000260e+02
1.060000000000000000e+03 3.013902656220000154e+02
1.100000000000000000e+03 3.015102656039999829e+02
1.160000000000000000e+03 3.016921311529999912e+02
1.240000000000000000e+03 3.019481311370000185e+02
1.320000000000000000e+03 3.022042690189999803e+02
1.400000000000000000e+03 3.024602724210000133e+02
1.480000000000000000e+03 3.027322723830000086e+02
1.560000000000000000e+03 3.030042730729999789e+02
1.640000000000000000e+03 3.032841627230000086e+02
1.720000000000000000e+03 3.035741345829999887e+02
1.800000000000000000e+03 3.039201378459999887e+02
1.880000000000000000e+03 3.042780551289999948e+02
1.960000000000000000e+03 3.046339999909999960e+02
2.040000000000000000e+03 3.049860027180000088e+02
2.120000000000000000e+03 3.053299480869999911e+02
2.200000000000000000e+03 3.056398654590000206e+02
2.280000000000000000e+03 3.059438653930000100e+02
2.360000000000000000e+03 3.062478650059999836e+02
2.440000000000000000e+03 3.065438675309999894e+02
2.520000000000000000e+03 3.068458669589999772e+02
2.600000000000000000e+03 3.071498711080000135e+02
2.680000000000000000e+03 3.074438645710000060e+02
2.760000000000000000e+03 3.077358729019999828e+02
2.840000000000000000e+03 3.080242879730000141e+02
2.920000000000000000e+03 3.083157408879999934e+02

# time = 8.0 hrs
5.000000000000000000e+00 2.951353251439999781e+02
1.500000000000000000e+01 2.954729353070000002e+02
2.500000000000000000e+01 2.957463995659999796e+02
3.500000000000000000e+01 2.959486478640000087e+02
4.500000000000000000e+01 2.961585763250000127e+02
5.500000000000000000e+01 2.963790703110000209e+02
6.500000000000000000e+01 2.965940132179999864e+02
7.500000000000000000e+01 2.968038064309999982e+02
8.500000000000000000e+01 2.969787838519999923e+02
9.500000000000000000e+01 2.971187957910000250e+02
1.050000000000000000e+02 2.972313702609999950e+02
1.150000000000000000e+02 2.973165209279999885e+02
1.250000000000000000e+02 2.973817469759999881e+02
1.350000000000000000e+02 2.974270512069999768e+02
1.450000000000000000e+02 2.974722737860000166e+02
1.550000000000000000e+02 2.975174247950000108e+02
1.650000000000000000e+02 2.975625000239999736e+02
1.750000000000000000e+02 2.976074999539999908e+02
1.850000000000000000e+02 2.976525002210000252e+02
1.950000000000000000e+02 2.976975000229999750e+02
2.050000000000000000e+02 2.977424996749999764e+02
2.150000000000000000e+02 2.977874997220000068e+02
2.250000000000000000e+02 2.978325001289999818e+02
2.350000000000000000e+02 2.978775000339999792e+02
2.450000000000000000e+02 2.979249998469999809e+02
2.550000000000000000e+02 2.979749998280000227e+02
2.650000000000000000e+02 2.980225752270000044e+02
2.750000000000000000e+02 2.980677262610000184e+02
2.850000000000000000e+02 2.981152261249999924e+02
2.950000000000000000e+02 2.981650749120000228e+02
3.050000000000000000e+02 2.982160298430000012e+02
3.150000000000000000e+02 2.982680904140000280e+02
3.250000000000000000e+02 2.983201507300000230e+02
3.350000000000000000e+02 2.983722106829999916e+02
3.450000000000000000e+02 2.984242711350000263e+02
3.550000000000000000e+02 2.984763312100000121e+02
3.650000000000000000e+02 2.985283911469999794e+02
3.750000000000000000e+02 2.985804518919999850e+02
3.850000000000000000e+02 2.986325124559999722e+02
3.950000000000000000e+02 2.986845721270000240e+02
4.050000000000000000e+02 2.987376018850000037e+02
4.150000000000000000e+02 2.987916019329999813e+02
4.250000000000000000e+02 2.988456023449999748e+02
4.350000000000000000e+02 2.988996023440000158e+02
4.450000000000000000e+02 2.989536023000000000e+02
4.550000000000000000e+02 2.990066021839999735e+02
4.650000000000000000e+02 2.990586020800000142e+02
4.750000000000000000e+02 2.991106021740000074e+02
4.900000000000000000e+02 2.991886023860000137e+02
5.100000000000000000e+02 2.992906625109999936e+02
5.300000000000000000e+02 2.993907830059999924e+02
5.500000000000000000e+02 2.994909035009999911e+02
5.700000000000000000e+02 2.995829036229999929e+02
5.900000000000000000e+02 2.996749034659999893e+02
6.100000000000000000e+02 2.997649034730000039e+02
6.300000000000000000e+02 2.998529036379999866e+02
6.500000000000000000e+02 2.999409032880000154e+02
6.700000000000000000e+02 3.000207831390000024e+02
6.900000000000000000e+02 3.001006624749999787e+02
7.100000000000000000e+02 3.001786023290000003e+02
7.300000000000000000e+02 3.002546025830000076e+02
7.500000000000000000e+02 3.003306019940000056e+02
7.700000000000000000e+02 3.003906024550000211e+02
7.900000000000000000e+02 3.004506024980000234e+02
8.200000000000000000e+02 3.005406024229999957e+02
8.600000000000000000e+02 3.006525420230000236e+02
9.000000000000000000e+02 3.007403011430000106e+02
9.400000000000000000e+02 3.008203013360000000e+02
9.800000000000000000e+02 3.009241204690000018e+02
1.020000000000000000e+03 3.010401204799999846e+02
1.060000000000000000e+03 3.011622409880000077e+02
1.100000000000000000e+03 3.012899999840000191e+02
1.160000000000000000e+03 3.014840602689999969e+02
1.240000000000000000e+03 3.017565421090000086e+02
1.320000000000000000e+03 3.020326023680000276e+02
1.400000000000000000e+03 3.023206024240000147e+02
1.480000000000000000e+03 3.026304216109999743e+02
1.560000000000000000e+03 3.029383011900000042e+02
1.640000000000000000e+03 3.032500601639999900e+02
1.720000000000000000e+03 3.035680001680000260e+02
1.800000000000000000e+03 3.039299999039999989e+02
1.880000000000000000e+03 3.042919999939999798e+02
1.960000000000000000e+03 3.046560000520000244e+02
2.040000000000000000e+03 3.050237589540000158e+02
2.120000000000000000e+03 3.053778795759999980e+02
2.200000000000000000e+03 3.057296986840000272e+02
2.280000000000000000e+03 3.060715180039999836e+02
2.360000000000000000e+03 3.064136384839999891e+02
2.440000000000000000e+03 3.067573972719999915e+02
2.520000000000000000e+03 3.071033973080000123e+02
2.600000000000000000e+03 3.074193957539999928e+02
2.680000000000000000e+03 3.076692743169999744e+02
2.760000000000000000e+03 3.079194023669999751e+02
2.840000000000000000e+03 3.081676106150000010e+02
2.920000000000000000e+03 3.084133662759999766e+02
