# z, uT, vT, wT

# time = 0.0 hrs
5.000000000000000000e+00 0.000000000000000000e+00 0.000000000000000000e+00 0.000000000000000000e+00
1.500000000000000000e+01 -5.619576224960000451e-29 3.240283101910000165e-28 0.000000000000000000e+00
2.500000000000000000e+01 6.578613164470000277e-20 -1.718360826580000004e-19 0.000000000000000000e+00
3.500000000000000000e+01 2.460534076070000088e-29 6.714687859340000080e-29 0.000000000000000000e+00
4.500000000000000000e+01 -1.422970094850000080e-16 1.331243059880000111e-16 0.000000000000000000e+00
5.500000000000000000e+01 -7.853525559469999462e-17 1.697461147940000005e-16 0.000000000000000000e+00
6.500000000000000000e+01 1.527789461530000059e-28 1.947362056170000038e-29 0.000000000000000000e+00
7.500000000000000000e+01 1.768984824269999971e-28 -7.451723838669999492e-29 0.000000000000000000e+00
8.500000000000000000e+01 4.737250238239999750e-29 -6.045192654130000382e-28 0.000000000000000000e+00
9.500000000000000000e+01 0.000000000000000000e+00 0.000000000000000000e+00 0.000000000000000000e+00
1.050000000000000000e+02 1.770560406389999884e-29 -9.763439259890000075e-29 0.000000000000000000e+00
1.150000000000000000e+02 1.615956410950000124e-29 -6.123140886710000234e-28 0.000000000000000000e+00
1.250000000000000000e+02 -3.240118978770000065e-29 -1.961275595139999984e-28 0.000000000000000000e+00
1.350000000000000000e+02 -6.812751433939999539e-30 -5.078942301100000025e-28 0.000000000000000000e+00
1.450000000000000000e+02 0.000000000000000000e+00 0.000000000000000000e+00 0.000000000000000000e+00
1.550000000000000000e+02 3.779017300459999900e-29 -8.786998911559999859e-32 0.000000000000000000e+00
1.650000000000000000e+02 -6.125350394450000178e-28 -6.053011377819999793e-27 0.000000000000000000e+00
1.750000000000000000e+02 0.000000000000000000e+00 0.000000000000000000e+00 0.000000000000000000e+00
1.850000000000000000e+02 -2.495825935899999829e-28 -6.003577822210000333e-28 0.000000000000000000e+00
1.950000000000000000e+02 -1.402937400709999985e-28 -1.821730668490000096e-27 0.000000000000000000e+00
2.050000000000000000e+02 -3.151302588970000029e-28 -1.205202700230000070e-27 0.000000000000000000e+00
2.150000000000000000e+02 -8.780001720340000403e-29 9.738787151250000537e-29 0.000000000000000000e+00
2.250000000000000000e+02 -4.860453783119999766e-29 -2.254093496120000188e-28 0.000000000000000000e+00
2.350000000000000000e+02 -5.335068189270000078e-28 -2.961505081960000109e-27 0.000000000000000000e+00
2.450000000000000000e+02 -3.440232837060000242e-27 -7.935525177600000428e-27 0.000000000000000000e+00
2.550000000000000000e+02 0.000000000000000000e+00 0.000000000000000000e+00 0.000000000000000000e+00
2.650000000000000000e+02 -3.113646429520000189e-29 -3.954972927319999858e-28 0.000000000000000000e+00
2.750000000000000000e+02 -9.567707763540000824e-28 -1.504531746689999944e-27 0.000000000000000000e+00
2.850000000000000000e+02 -2.698266919879999838e-28 -1.802906688629999923e-27 0.000000000000000000e+00
2.950000000000000000e+02 0.000000000000000000e+00 0.000000000000000000e+00 0.000000000000000000e+00
3.050000000000000000e+02 -6.962791876990000328e-29 3.039207095159999881e-28 0.000000000000000000e+00
3.150000000000000000e+02 -9.569160259060000499e-28 -2.051709912119999966e-27 0.000000000000000000e+00
3.250000000000000000e+02 -8.471834805470000438e-27 -1.861309221919999978e-26 0.000000000000000000e+00
3.350000000000000000e+02 0.000000000000000000e+00 0.000000000000000000e+00 0.000000000000000000e+00
3.450000000000000000e+02 -2.217019696669999953e-27 -5.046814523789999649e-27 0.000000000000000000e+00
3.550000000000000000e+02 -9.087677628150000261e-28 -1.538784597819999884e-26 0.000000000000000000e+00
3.650000000000000000e+02 -1.166218795060000009e-26 -1.366054792600000098e-26 0.000000000000000000e+00
3.750000000000000000e+02 -5.856503360360000280e-27 9.000320523830000026e-27 0.000000000000000000e+00
3.850000000000000000e+02 -1.202073760340000074e-33 -1.602765013779999878e-33 0.000000000000000000e+00
3.950000000000000000e+02 1.226836479799999954e-26 -3.288764359470000233e-26 0.000000000000000000e+00
4.050000000000000000e+02 1.349198272529999971e-27 -2.319175330699999970e-26 0.000000000000000000e+00
4.150000000000000000e+02 4.159821325410000074e-27 1.481683930470000082e-27 0.000000000000000000e+00
4.250000000000000000e+02 2.079702603770000066e-27 9.151010086280000116e-27 0.000000000000000000e+00
4.350000000000000000e+02 -1.769716530580000013e-27 1.039418254809999996e-26 0.000000000000000000e+00
4.450000000000000000e+02 -6.892319300630000045e-27 -9.195756079939999816e-27 0.000000000000000000e+00
4.550000000000000000e+02 -1.648609622720000013e-26 -2.396749638200000045e-26 0.000000000000000000e+00
4.650000000000000000e+02 0.000000000000000000e+00 0.000000000000000000e+00 0.000000000000000000e+00
4.750000000000000000e+02 7.963444154159999485e-27 1.553519658039999929e-26 0.000000000000000000e+00
4.900000000000000000e+02 -2.221340951500000053e-27 -3.299769404850000295e-27 0.000000000000000000e+00
5.100000000000000000e+02 -1.193350711750000037e-28 -5.033599726249999706e-28 0.000000000000000000e+00
5.300000000000000000e+02 2.657294237319999811e-28 -1.611367854989999914e-28 0.000000000000000000e+00
5.500000000000000000e+02 -1.464720866600000028e-27 -2.651502245249999988e-27 0.000000000000000000e+00
5.700000000000000000e+02 -5.948045284120000084e-27 -1.092682163170000054e-26 0.000000000000000000e+00
5.900000000000000000e+02 1.374716996219999919e-27 2.364394941420000046e-27 0.000000000000000000e+00
6.100000000000000000e+02 8.573294238449999427e-28 2.504253819289999897e-27 0.000000000000000000e+00
6.300000000000000000e+02 9.816058195569999551e-28 -1.905996935030000154e-27 0.000000000000000000e+00
6.500000000000000000e+02 9.826268810439999646e-27 -2.207123143609999960e-26 0.000000000000000000e+00
6.700000000000000000e+02 1.162300946170000010e-27 1.208145434900000066e-27 0.000000000000000000e+00
6.900000000000000000e+02 -3.815830488820000016e-27 -9.850169041979999594e-27 0.000000000000000000e+00
7.100000000000000000e+02 -6.013797116049999904e-27 3.210232540119999999e-27 0.000000000000000000e+00
7.300000000000000000e+02 -7.930401149939999491e-27 -1.573272053929999862e-26 0.000000000000000000e+00
7.500000000000000000e+02 0.000000000000000000e+00 0.000000000000000000e+00 0.000000000000000000e+00
7.700000000000000000e+02 4.582030300199999832e-27 6.269861265710000267e-27 0.000000000000000000e+00
7.900000000000000000e+02 -4.172057835250000042e-27 1.551790314660000007e-26 0.000000000000000000e+00
8.200000000000000000e+02 -3.821312345860000025e-29 1.495995219619999997e-27 0.000000000000000000e+00
8.600000000000000000e+02 1.554786243090000056e-28 -9.209808322200000708e-28 0.000000000000000000e+00
9.000000000000000000e+02 -1.059191666960000051e-27 -1.652707171610000040e-28 0.000000000000000000e+00
9.400000000000000000e+02 -3.891914144720000257e-29 -8.056458618280000296e-29 0.000000000000000000e+00
9.800000000000000000e+02 2.023262435889999990e-28 -6.138125200930000273e-28 0.000000000000000000e+00
1.020000000000000000e+03 2.540162166660000021e-28 -3.031197277019999813e-28 0.000000000000000000e+00
1.060000000000000000e+03 6.486638439349999677e-28 -3.098785877649999864e-29 0.000000000000000000e+00
1.100000000000000000e+03 -3.969840579689999861e-28 1.946160623519999833e-27 0.000000000000000000e+00
1.160000000000000000e+03 -4.715334670550000018e-30 -1.146810422660000021e-28 0.000000000000000000e+00
1.240000000000000000e+03 0.000000000000000000e+00 0.000000000000000000e+00 0.000000000000000000e+00
1.320000000000000000e+03 0.000000000000000000e+00 0.000000000000000000e+00 0.000000000000000000e+00
1.400000000000000000e+03 0.000000000000000000e+00 0.000000000000000000e+00 0.000000000000000000e+00
1.480000000000000000e+03 3.898004651769999947e-28 5.904733765160000086e-27 0.000000000000000000e+00
1.560000000000000000e+03 0.000000000000000000e+00 0.000000000000000000e+00 0.000000000000000000e+00
1.640000000000000000e+03 4.986903167570000199e-29 -3.177395090509999945e-27 0.000000000000000000e+00
1.720000000000000000e+03 -5.676327529609999953e-29 -5.846412351830000327e-27 0.000000000000000000e+00
1.800000000000000000e+03 0.000000000000000000e+00 0.000000000000000000e+00 0.000000000000000000e+00
1.880000000000000000e+03 0.000000000000000000e+00 0.000000000000000000e+00 0.000000000000000000e+00
1.960000000000000000e+03 -2.085371583629999806e-28 -4.800037595999999864e-27 0.000000000000000000e+00
2.040000000000000000e+03 0.000000000000000000e+00 0.000000000000000000e+00 0.000000000000000000e+00
2.120000000000000000e+03 3.581747059250000141e-28 -5.067481377259999718e-27 0.000000000000000000e+00
2.200000000000000000e+03 -8.455161441380000658e-30 1.585115365449999933e-27 0.000000000000000000e+00
2.280000000000000000e+03 0.000000000000000000e+00 0.000000000000000000e+00 0.000000000000000000e+00
2.360000000000000000e+03 0.000000000000000000e+00 0.000000000000000000e+00 0.000000000000000000e+00
2.440000000000000000e+03 1.223376110129999985e-27 -3.967260128009999963e-27 0.000000000000000000e+00
2.520000000000000000e+03 6.978070234059999704e-28 -3.509699566349999789e-27 0.000000000000000000e+00
2.600000000000000000e+03 -2.803587014640000007e-27 4.044163998910000236e-27 0.000000000000000000e+00
2.680000000000000000e+03 0.000000000000000000e+00 0.000000000000000000e+00 0.000000000000000000e+00
2.760000000000000000e+03 0.000000000000000000e+00 0.000000000000000000e+00 0.000000000000000000e+00
2.840000000000000000e+03 0.000000000000000000e+00 0.000000000000000000e+00 0.000000000000000000e+00
2.920000000000000000e+03 1.193098276260000064e-29 5.285919015450000280e-30 0.000000000000000000e+00

# time = 1.0 hrs
5.000000000000000000e+00 1.384180221459999907e-03 -5.695988674369999866e-03 -5.720646797830000220e-04
1.500000000000000000e+01 2.754636831809999871e-04 -3.161885082779999998e-03 -1.940157101590000109e-04
2.500000000000000000e+01 3.393347687070000186e-04 -2.484281715439999854e-03 -1.628914016969999865e-04
3.500000000000000000e+01 3.869049944910000018e-04 -2.854737958889999941e-03 -5.918655019610000271e-05
4.500000000000000000e+01 -4.966457437580000522e-04 -6.055144944369999886e-03 9.889787276010000155e-05
5.500000000000000000e+01 -4.424121504780000394e-03 -1.133245287580000003e-02 3.876691421320000081e-04
6.500000000000000000e+01 -1.053274195420000024e-02 -1.537808889089999943e-02 -1.789059497499999953e-05
7.500000000000000000e+01 -1.414679373739999996e-02 -1.644048595389999839e-02 -6.881972338259999961e-04
8.500000000000000000e+01 -1.307441638869999943e-02 -1.151842065409999956e-02 -5.247047744870000007e-04
9.500000000000000000e+01 -1.003771617150000031e-02 -6.742724304820000257e-03 -9.633781248410000096e-05
1.050000000000000000e+02 -6.889454506240000158e-03 -3.364468484040000155e-03 -2.934648475309999924e-05
1.150000000000000000e+02 -4.893992503820000263e-03 -1.759820242480000102e-03 -1.859687591250000149e-05
1.250000000000000000e+02 -3.907181738049999610e-03 -9.095384968830000144e-04 1.202364626830000052e-04
1.350000000000000000e+02 -2.356397231300000079e-03 -9.214744802719999927e-05 3.735519879690000014e-05
1.450000000000000000e+02 -2.000730872270000196e-03 -7.791740363820000509e-04 -1.184217400669999929e-06
1.550000000000000000e+02 -1.136949186580000094e-03 -1.012843132869999975e-03 2.439941551750000014e-04
1.650000000000000000e+02 -3.013989355599999980e-04 2.863413183430000135e-05 -9.960129965390000125e-06
1.750000000000000000e+02 -8.493518927189999939e-04 -4.134300807259999990e-04 2.302884032059999888e-04
1.850000000000000000e+02 -3.682492486680000003e-04 -2.465403714609999881e-04 3.225395802190000123e-05
1.950000000000000000e+02 -1.077980109800000041e-04 -3.000107166819999965e-05 1.509347036500000038e-05
2.050000000000000000e+02 -6.002803182739999751e-05 1.103954511870000021e-05 6.820563789649999753e-06
2.150000000000000000e+02 -5.353039199789999840e-05 7.390845035190000103e-07 -5.731051014340000331e-06
2.250000000000000000e+02 -5.889175108210000008e-05 4.628401571549999987e-06 -8.879133778629999985e-06
2.350000000000000000e+02 -4.902269355050000230e-05 -9.071191181530000112e-06 -1.245968111570000084e-06
2.450000000000000000e+02 -4.715389955439999774e-05 3.585257076480000169e-07 -2.171573530519999882e-06
2.550000000000000000e+02 -5.904413765720000303e-05 2.549846977880000077e-06 1.806964970289999945e-06
2.650000000000000000e+02 -5.217570802759999711e-05 -2.466765056609999794e-06 2.937932926409999852e-05
2.750000000000000000e+02 -3.234059243609999995e-05 7.957443828730000515e-06 3.588662779119999817e-06
2.850000000000000000e+02 -3.371049498830000322e-05 -1.158944178890000037e-05 1.814815127829999940e-05
2.950000000000000000e+02 -4.418366193130000152e-05 -3.132698533640000055e-06 4.551684918399999985e-06
3.050000000000000000e+02 -2.515232181219999853e-05 1.284350844789999938e-05 1.674862575049999980e-05
3.150000000000000000e+02 -1.765658052300000025e-05 1.608695312179999888e-05 2.855387834639999979e-05
3.250000000000000000e+02 -1.774961769489999907e-05 3.886746635640000248e-05 1.388797383590000036e-06
3.350000000000000000e+02 -2.077092162589999923e-05 2.373616943220000134e-05 8.874676268079999527e-06
3.450000000000000000e+02 -1.453421230569999964e-05 1.652904320389999852e-05 -2.154990620779999921e-05
3.550000000000000000e+02 -5.122588985360000064e-06 4.091226129050000313e-05 -8.041883791599999386e-06
3.650000000000000000e+02 -6.395066953449999655e-06 2.791483148329999866e-05 2.539078746749999976e-05
3.750000000000000000e+02 3.504444103719999883e-06 5.355632591909999701e-05 -1.362701894060000068e-05
3.850000000000000000e+02 4.669012266929999744e-06 2.752020542219999966e-05 1.441212862610000062e-05
3.950000000000000000e+02 3.403950893850000098e-06 2.173476582910000100e-05 5.516393430240000347e-06
4.050000000000000000e+02 4.624808941399999764e-06 5.469192973639999867e-05 -1.582733865949999911e-05
4.150000000000000000e+02 2.388136065229999848e-06 6.171151883209999647e-05 6.996708054099999927e-06
4.250000000000000000e+02 -5.867759466070000381e-07 3.682645147459999712e-05 -2.248814993359999882e-05
4.350000000000000000e+02 -6.735471335030000239e-06 5.768013480769999986e-05 -1.517871017039999975e-05
4.450000000000000000e+02 2.817260726670000258e-07 7.259582265899999548e-05 -5.343728872790000410e-06
4.550000000000000000e+02 1.764212338510000077e-06 5.924082979390000166e-06 -5.873720278859999598e-06
4.650000000000000000e+02 -4.097904321130000160e-07 1.548440412360000104e-05 1.058597401969999972e-05
4.750000000000000000e+02 3.942158238749999710e-08 -6.050746687539999591e-06 -3.285161176070000174e-06
4.900000000000000000e+02 -2.078976669090000042e-07 5.993773081629999577e-06 -3.032231819740000033e-06
5.100000000000000000e+02 3.790029155299999816e-07 3.410402455730000209e-06 -2.389876410490000047e-06
5.300000000000000000e+02 -5.669701046530000469e-07 3.610348801829999827e-06 -1.673392661219999969e-06
5.500000000000000000e+02 2.433261972149999978e-06 8.499278359150000052e-07 -1.240528042219999969e-06
5.700000000000000000e+02 3.843384868850000182e-06 -1.388531250690000015e-06 -1.747050019229999971e-06
5.900000000000000000e+02 9.107731478549999566e-07 -2.659659079259999968e-07 4.231958581450000109e-08
6.100000000000000000e+02 8.927198572619999697e-07 7.151064814429999476e-08 -8.115298492449999883e-07
6.300000000000000000e+02 5.689354456740000029e-07 3.038216972539999999e-08 -2.143375460579999896e-07
6.500000000000000000e+02 5.905625933649999948e-07 1.090137788600000039e-07 -1.906520897310000056e-07
6.700000000000000000e+02 1.169654822049999948e-06 1.448849044709999884e-07 7.986086777369999470e-08
6.900000000000000000e+02 1.586719081860000027e-06 1.383291136500000014e-08 -1.152451063959999976e-07
7.100000000000000000e+02 1.505146233899999924e-06 -1.753278966140000089e-07 -7.032011660669999535e-08
7.300000000000000000e+02 1.316841590430000010e-06 -2.387409248199999924e-07 -1.115794449610000048e-07
7.500000000000000000e+02 8.631256532299999725e-07 -2.599645193700000198e-07 -7.587239347729999752e-08
7.700000000000000000e+02 4.269594559639999797e-07 -3.146882147629999738e-07 -6.211252550159999992e-08
7.900000000000000000e+02 2.625778483790000102e-07 -2.143042935719999880e-07 -3.877104770369999927e-08
8.200000000000000000e+02 1.258520706309999966e-07 -1.174341373499999946e-08 -9.428504305210000135e-08
8.600000000000000000e+02 5.257641755510000227e-08 -8.473501927319999196e-09 -9.087746004740000034e-10
9.000000000000000000e+02 2.298956279950000141e-08 3.557174696920000103e-10 -7.901728349089999232e-09
9.400000000000000000e+02 1.547734357930000095e-08 2.376912431619999816e-09 -4.967063638639999776e-09
9.800000000000000000e+02 1.265882639240000050e-08 3.660158409579999927e-09 -2.884514648469999831e-09
1.020000000000000000e+03 1.087728461780000046e-08 4.091074034149999854e-09 -2.024090685390000189e-09
1.060000000000000000e+03 9.233896698250000477e-09 3.560420033340000139e-09 -1.795305954379999955e-09
1.100000000000000000e+03 8.409958751230000816e-09 3.598003740510000168e-09 -1.363963320890000034e-09
1.160000000000000000e+03 5.808599722899999662e-09 2.469975342750000109e-09 -1.015490904699999970e-09
1.240000000000000000e+03 3.073880802969999832e-09 2.856948674679999943e-09 -6.298027152009999606e-10
1.320000000000000000e+03 2.009432318840000118e-09 1.688881390360000017e-09 1.426862172139999974e-11
1.400000000000000000e+03 1.080565722899999980e-09 8.984947487149999723e-10 -1.293651881459999914e-10
1.480000000000000000e+03 9.092070418689999673e-10 4.002186951920000115e-10 -1.386029671969999955e-10
1.560000000000000000e+03 5.417770723609999516e-10 2.154236146410000118e-10 -1.260337897679999883e-10
1.640000000000000000e+03 3.450945557449999796e-10 9.204869374870000022e-11 -9.279714342730000164e-11
1.720000000000000000e+03 1.665852680049999953e-10 2.880024184919999915e-11 -4.555105056819999718e-11
1.800000000000000000e+03 4.547905003360000072e-11 -3.633522889810000110e-12 -2.098340421110000008e-11
1.880000000000000000e+03 2.399798400429999884e-11 -6.134747383239999644e-12 -1.044122051039999977e-11
1.960000000000000000e+03 1.669505833680000043e-11 -5.306089617769999833e-12 -5.896008205719999785e-12
2.040000000000000000e+03 1.104390844379999924e-11 -3.134706048999999851e-12 -3.013207469169999941e-12
2.120000000000000000e+03 3.012669104539999988e-12 -6.780237240189999447e-14 -4.682768471599999882e-12
2.200000000000000000e+03 -6.297146954820000350e-12 7.078585341910000109e-13 -4.957674724750000128e-12
2.280000000000000000e+03 -3.805590620119999611e-12 -5.336396264700000358e-13 -3.379380591139999825e-12
2.360000000000000000e+03 -2.270855489879999863e-12 -7.289538320840000101e-14 -3.137518289949999887e-12
2.440000000000000000e+03 -1.001691380219999927e-12 -1.500057927290000034e-13 -2.737846861389999851e-12
2.520000000000000000e+03 8.103340796080000104e-13 -8.648443634970000476e-14 -1.794365382670000032e-12
2.600000000000000000e+03 1.464625938100000049e-12 -7.902613579679999925e-13 -1.023521568399999972e-12
2.680000000000000000e+03 1.105086015990000020e-12 -1.107228617779999999e-12 -5.924115186959999748e-13
2.760000000000000000e+03 -1.798907889589999901e-12 -1.447862874859999980e-12 -4.209271813860000171e-13
2.840000000000000000e+03 -6.801451969790000279e-12 1.195001662019999983e-12 2.513007940020000115e-12
2.920000000000000000e+03 -8.955115576569999490e-12 3.359900134489999944e-12 3.232189770389999818e-13

# time = 2.0 hrs
5.000000000000000000e+00 1.146908432770000016e-04 -7.122273440169999553e-04 -2.782475023729999851e-06
1.500000000000000000e+01 2.547766038940000138e-05 -1.026823713769999978e-03 -5.064897298790000074e-05
2.500000000000000000e+01 1.494208935300000063e-04 -1.125967892279999957e-03 -9.181580256410000387e-05
3.500000000000000000e+01 3.085949735680000149e-04 -1.622053606880000066e-03 -7.027332052829999719e-05
4.500000000000000000e+01 1.764737349619999944e-04 -4.039473437879999643e-03 4.196711619199999782e-05
5.500000000000000000e+01 -1.704134001559999903e-03 -9.077115374500000639e-03 3.304560275510000237e-04
6.500000000000000000e+01 -5.820908675059999725e-03 -1.460929303549999940e-02 3.312187520240000242e-04
7.500000000000000000e+01 -6.837644062159999730e-03 -1.376735281019999917e-02 2.908913787449999796e-04
8.500000000000000000e+01 -4.997234031040000135e-03 -6.430419246670000116e-03 3.482710192009999886e-04
9.500000000000000000e+01 -3.246588999450000096e-03 -2.314125268869999825e-03 2.663808364479999823e-04
1.050000000000000000e+02 -2.314154093109999869e-03 -7.279378113490000361e-04 1.795299290859999968e-04
1.150000000000000000e+02 -2.927444690139999802e-03 6.194226604489999665e-04 1.816220802590000111e-04
1.250000000000000000e+02 -4.969309671199999973e-03 2.524296935479999979e-03 1.495554144500000086e-04
1.350000000000000000e+02 -6.161942193540000112e-03 3.783784280089999910e-03 1.387314432709999944e-04
1.450000000000000000e+02 -5.003899357109999578e-03 3.288531639979999904e-03 1.107878593639999998e-04
1.550000000000000000e+02 -3.086886126859999992e-03 2.280780473310000181e-03 9.699216347859999682e-05
1.650000000000000000e+02 -1.556451755159999999e-03 1.184066387889999962e-03 5.819312662959999765e-05
1.750000000000000000e+02 -1.037114317360000046e-03 5.381700629499999548e-04 1.038688499440000031e-04
1.850000000000000000e+02 -9.170247650450000145e-04 -2.918388147699999899e-05 -8.565727898640000497e-05
1.950000000000000000e+02 -5.441011278160000396e-04 6.588563363560000002e-05 1.218377399779999964e-04
2.050000000000000000e+02 -3.411502681219999965e-04 7.032859253690000168e-06 -2.760644342879999897e-05
2.150000000000000000e+02 -1.587775340279999907e-04 8.224029694819999601e-05 9.727318034850000112e-06
2.250000000000000000e+02 -7.157655580910000513e-05 1.715066396730000151e-05 -3.266026422650000029e-06
2.350000000000000000e+02 -6.247352823939999902e-05 2.856626142159999845e-05 -8.938552517550000387e-06
2.450000000000000000e+02 -5.744745399350000058e-05 4.006292699349999734e-05 3.524427406650000142e-06
2.550000000000000000e+02 -4.461109791629999720e-05 2.028859632670000119e-05 -4.481108515150000048e-06
2.650000000000000000e+02 -3.899971751939999864e-05 1.748512622250000115e-05 -1.312895056130000098e-06
2.750000000000000000e+02 -2.562009833340000148e-05 1.214854520469999978e-05 1.606773120230000067e-06
2.850000000000000000e+02 -2.863190635100000011e-05 1.675015218040000063e-06 -1.073571555719999970e-05
2.950000000000000000e+02 -2.547790741670000100e-05 4.014689982010000230e-06 -1.050943988200000017e-05
3.050000000000000000e+02 -1.247003870660000050e-05 7.771927137039999803e-07 -1.020882200110000078e-05
3.150000000000000000e+02 -4.493175897149999949e-06 6.647299525050000087e-06 -7.412477183499999841e-06
3.250000000000000000e+02 -7.320918729250000226e-06 1.499907794099999960e-05 -8.686391524530000081e-06
3.350000000000000000e+02 -3.884321114710000335e-06 1.289557042979999977e-05 -6.395315842289999590e-06
3.450000000000000000e+02 3.683764446160000058e-06 -4.692193904320000218e-06 -9.938121700580000015e-06
3.550000000000000000e+02 1.333556509610000015e-05 -2.666063644479999829e-07 -1.643627952019999921e-06
3.650000000000000000e+02 1.270374567320000057e-05 -2.730524792240000102e-06 5.727783237509999912e-06
3.750000000000000000e+02 1.364422011779999951e-05 1.780462943850000018e-05 2.880798048379999866e-06
3.850000000000000000e+02 1.522703186519999966e-05 1.222796610459999953e-05 1.504235376960000053e-05
3.950000000000000000e+02 8.619128012869999990e-06 -2.196854575950000132e-05 -1.799085822510000109e-05
4.050000000000000000e+02 1.120981428129999985e-05 1.071406007029999900e-06 5.686255583379999741e-06
4.150000000000000000e+02 1.266644252109999981e-05 1.194589061149999951e-05 -2.942827125840000081e-06
4.250000000000000000e+02 5.424921473050000147e-06 1.068096153989999985e-05 -1.761595942549999981e-06
4.350000000000000000e+02 2.084432599230000033e-05 1.473998761109999940e-05 -1.740098671710000062e-05
4.450000000000000000e+02 7.954786861860000318e-06 -3.646482124749999925e-05 -3.514508829700000022e-06
4.550000000000000000e+02 1.385211131849999983e-05 5.556218970550000098e-05 -7.376714640789999877e-07
4.650000000000000000e+02 1.179637196310000016e-05 1.613414360479999935e-05 -2.818182714180000164e-06
4.750000000000000000e+02 4.931035700639999673e-06 3.224124795810000098e-05 1.216427424129999937e-06
4.900000000000000000e+02 2.713797285889999924e-06 2.560253024040000166e-05 -2.570169699869999781e-07
5.100000000000000000e+02 4.887226880469999604e-06 2.682384277789999898e-05 -3.071405803339999893e-07
5.300000000000000000e+02 2.870398410829999992e-06 2.043621059290000002e-05 1.965479018939999875e-06
5.500000000000000000e+02 7.345115476109999944e-07 1.192054994670000006e-05 -3.960327525949999982e-07
5.700000000000000000e+02 1.140425373889999910e-06 6.152468152139999777e-06 -6.688995953360000509e-07
5.900000000000000000e+02 1.137772610680000057e-06 5.166055521700000187e-06 -4.261852242779999914e-07
6.100000000000000000e+02 7.406965643769999505e-07 3.873244337070000320e-06 -4.549448790360000116e-08
6.300000000000000000e+02 5.413371009930000348e-07 3.588708765330000197e-06 -1.269991379489999962e-07
6.500000000000000000e+02 2.278216976180000024e-07 2.399204185970000192e-06 -9.813770189529999713e-08
6.700000000000000000e+02 -3.252757209709999750e-07 9.275579652639999521e-07 6.469333918069999490e-08
6.900000000000000000e+02 -1.549893120170000100e-07 8.944009965180000094e-07 4.539572760679999788e-08
7.100000000000000000e+02 -7.867073430650000163e-08 7.826845508069999525e-07 3.682179331939999832e-08
7.300000000000000000e+02 -2.013177537389999900e-08 7.966617205100000004e-07 2.861452646910000126e-08
7.500000000000000000e+02 2.078222968869999932e-07 3.634398159429999748e-07 1.069654199849999996e-08
7.700000000000000000e+02 2.451729938220000223e-07 -7.113361916860000353e-08 -2.873265710819999839e-08
7.900000000000000000e+02 1.928807994590000112e-07 -1.346006774949999878e-07 -4.578490212000000258e-08
8.200000000000000000e+02 3.218764941950000160e-07 -8.912563865660000621e-09 -6.667389465559999853e-08
8.600000000000000000e+02 3.085631710370000071e-07 3.821305155539999900e-08 -2.510397141050000089e-08
9.000000000000000000e+02 2.708612312449999887e-07 8.083733772240000594e-08 -3.245118199250000202e-08
9.400000000000000000e+02 2.660484746829999878e-07 3.997313519949999918e-08 -1.899316912170000080e-08
9.800000000000000000e+02 3.022622713179999787e-07 1.468036715950000076e-08 -9.185724989179999828e-09
1.020000000000000000e+03 3.299029002530000004e-07 -8.705040100680000769e-09 5.845815616840000190e-10
1.060000000000000000e+03 2.160293351259999949e-07 -1.622241694380000107e-08 5.284174726149999654e-09
1.100000000000000000e+03 1.516097486249999938e-07 -2.046266759849999986e-08 1.388336777120000042e-08
1.160000000000000000e+03 1.903635278439999882e-07 1.360977087500000011e-08 -9.525000860730000326e-09
1.240000000000000000e+03 7.712602195449999631e-08 4.351257675050000141e-08 -1.231557650670000073e-08
1.320000000000000000e+03 3.816826029229999734e-08 1.808507583500000074e-08 -6.845703884839999989e-09
1.400000000000000000e+03 2.441223484510000050e-08 1.466630826039999983e-08 -3.109192871910000006e-09
1.480000000000000000e+03 8.747739022589999283e-09 7.965087206139999748e-09 2.365530685899999881e-11
1.560000000000000000e+03 6.742706880770000028e-09 4.021691206980000195e-09 2.608338943710000219e-10
1.640000000000000000e+03 6.386207682180000196e-09 3.680442255549999808e-09 -3.160255796559999860e-10
1.720000000000000000e+03 3.702686112940000076e-09 2.677798915900000033e-09 -3.500191506920000013e-10
1.800000000000000000e+03 1.105250378359999996e-09 1.113924124259999972e-09 1.556349194740000036e-11
1.880000000000000000e+03 1.099328394059999968e-09 3.851434691939999938e-10 5.363008159960000177e-11
1.960000000000000000e+03 9.889020518729999495e-10 6.809456454359999455e-11 -3.144569527119999940e-11
2.040000000000000000e+03 7.183820858889999945e-10 4.066505002180000161e-11 -5.964522230529999851e-11
2.120000000000000000e+03 1.960848601949999944e-10 3.242090701539999923e-10 -8.850024965319999834e-11
2.200000000000000000e+03 -9.180532582639999972e-11 4.840925516090000014e-10 -1.814123458849999882e-11
2.280000000000000000e+03 7.765586498279999804e-11 2.747746205199999863e-10 6.735727329119999715e-12
2.360000000000000000e+03 1.620045603260000011e-10 1.823844986670000013e-10 -2.390431848239999855e-11
2.440000000000000000e+03 1.640425130860000098e-10 1.287973117039999930e-10 -7.150595071439999860e-12
2.520000000000000000e+03 1.938877763129999975e-10 6.023024268649999516e-11 -1.176836528010000061e-12
2.600000000000000000e+03 3.150599003370000145e-10 -5.235838543949999792e-12 2.764710760170000110e-12
2.680000000000000000e+03 3.893391097649999911e-10 -2.251932217820000056e-11 -2.317099809040000216e-13
2.760000000000000000e+03 3.352941311629999978e-10 5.425902370749999863e-11 -4.729135302359999738e-11
2.840000000000000000e+03 -6.840059035339999559e-10 5.341849782920000054e-10 7.733760954730000435e-11
2.920000000000000000e+03 -9.078757055569999716e-11 1.759106442509999953e-10 3.146293345540000213e-11

# time = 3.0 hrs
5.000000000000000000e+00 8.409819105630000587e-05 -3.763308577199999750e-04 -2.328325055029999948e-06
1.500000000000000000e+01 5.388143162399999748e-05 -5.514492847029999704e-04 -2.479368878319999884e-05
2.500000000000000000e+01 1.446308889639999896e-04 -7.291147988310000454e-04 -5.191143187650000090e-05
3.500000000000000000e+01 2.410799180019999920e-04 -1.178834829089999911e-03 -6.488378137279999483e-05
4.500000000000000000e+01 1.290436442220000096e-04 -3.810740312670000095e-03 1.569368708080000051e-05
5.500000000000000000e+01 -1.303386467479999934e-03 -1.014913751750000023e-02 2.340626383629999894e-04
6.500000000000000000e+01 -3.035679209169999792e-03 -1.501984307439999979e-02 2.289984619610000035e-04
7.500000000000000000e+01 -2.936184364130000127e-03 -9.873394214360000851e-03 2.291168430760000100e-04
8.500000000000000000e+01 -1.742943817119999971e-03 -3.350796389240000110e-03 7.146727792519999675e-05
9.500000000000000000e+01 -1.118064489269999942e-03 -1.191790046330000030e-03 7.643123325330000337e-05
1.050000000000000000e+02 -1.001716486349999921e-03 -7.074607198309999616e-04 5.968020607529999711e-05
1.150000000000000000e+02 -1.212807355360000098e-03 -3.395334427909999821e-04 1.227324488009999884e-04
1.250000000000000000e+02 -1.645441313579999948e-03 3.632063134339999781e-04 1.460438588659999915e-04
1.350000000000000000e+02 -1.739953358130000077e-03 9.261987287340000489e-04 1.828627120559999904e-04
1.450000000000000000e+02 -1.384348386150000085e-03 1.179705445179999928e-03 1.803842712209999906e-04
1.550000000000000000e+02 -9.112465649570000150e-04 1.148581172940000075e-03 1.737185797550000086e-04
1.650000000000000000e+02 -6.717853541629999724e-04 9.921448425700000236e-04 1.185300784260000066e-04
1.750000000000000000e+02 -4.607204998409999909e-04 8.527668395949999968e-04 8.102013305299999397e-05
1.850000000000000000e+02 -3.137166457579999867e-04 7.871827494979999991e-04 8.340026433810000079e-05
1.950000000000000000e+02 -2.517010000929999973e-04 7.693533467959999756e-04 1.466102903530000056e-04
2.050000000000000000e+02 -3.477167730389999758e-04 6.873246895049999784e-04 1.277164884729999994e-04
2.150000000000000000e+02 -1.391523039329999956e-04 3.114832663619999877e-04 7.654430114859999865e-05
2.250000000000000000e+02 -4.444794269290000169e-05 1.336274339829999949e-04 -4.795443642789999666e-07
2.350000000000000000e+02 -2.588951567460000166e-05 7.534728666719999661e-05 -3.147240412880000074e-06
2.450000000000000000e+02 -2.462346310270000158e-05 5.536544935100000186e-05 -2.867445263050000182e-06
2.550000000000000000e+02 -2.294605430840000141e-05 4.341958661269999678e-05 -1.285824337869999946e-06
2.650000000000000000e+02 -1.461075413459999981e-05 2.937038819540000083e-05 -1.960051851500000183e-06
2.750000000000000000e+02 -9.888598787240000446e-06 1.936880135949999965e-05 -2.491986981279999998e-06
2.850000000000000000e+02 -1.467452969219999929e-05 3.062530232600000154e-05 -4.977944240849999879e-06
2.950000000000000000e+02 -1.100179130980000058e-05 3.388145394179999936e-06 -3.789604806550000055e-06
3.050000000000000000e+02 1.545537156389999977e-06 -5.613331604069999631e-06 -2.264154863290000067e-07
3.150000000000000000e+02 8.419456792330000215e-06 -1.299046854290000045e-05 6.415368727839999795e-07
3.250000000000000000e+02 8.249795771819999249e-06 -7.921992624960000093e-06 9.312327053089999750e-07
3.350000000000000000e+02 8.499813412270000511e-06 -2.511560857020000152e-06 1.230105827730000044e-06
3.450000000000000000e+02 1.392360026670000062e-05 -7.765753822369999906e-06 -2.223212550919999912e-06
3.550000000000000000e+02 3.319047388909999790e-05 -3.967531488039999864e-06 1.486373435110000100e-06
3.650000000000000000e+02 2.988927883919999831e-05 -1.400045097500000061e-05 3.715009702479999856e-06
3.750000000000000000e+02 2.419678173079999948e-05 -2.358265088149999887e-05 7.690349271650000366e-07
3.850000000000000000e+02 3.135049179289999943e-05 -3.399208932289999729e-05 9.061091563139999665e-06
3.950000000000000000e+02 3.736773522590000119e-05 -6.723869779849999458e-05 -1.928524874180000072e-06
4.050000000000000000e+02 2.459440564460000096e-05 -7.366231855709999706e-05 -2.688973357909999919e-06
4.150000000000000000e+02 5.395608344580000309e-05 -6.161268654280000585e-05 -8.823731348219999556e-06
4.250000000000000000e+02 2.660580863740000132e-05 -2.592888643070000089e-05 -1.558935926710000063e-06
4.350000000000000000e+02 5.113799519970000144e-05 5.432662425409999580e-06 -1.372847527089999941e-06
4.450000000000000000e+02 3.259493591800000117e-05 -5.428684612160000167e-06 1.502898693800000028e-06
4.550000000000000000e+02 1.919638216329999907e-05 -4.621267036879999870e-06 7.896981794749999790e-07
4.650000000000000000e+02 1.967563324789999975e-05 5.376059205199999944e-06 -1.542594059939999900e-06
4.750000000000000000e+02 1.521766427360000034e-05 2.800311910790000002e-06 -2.947522573930000018e-06
4.900000000000000000e+02 2.242676474420000158e-05 3.148998264659999916e-06 5.270208296280000274e-07
5.100000000000000000e+02 1.614552204080000160e-05 7.116410446370000243e-06 2.686267097159999849e-07
5.300000000000000000e+02 1.588497700869999902e-05 1.376465565110000056e-05 5.273276027339999815e-07
5.500000000000000000e+02 5.228516465270000127e-06 1.676024027850000001e-05 -1.382480679480000022e-07
5.700000000000000000e+02 -1.051335789680000076e-06 3.079317922339999767e-05 4.348664371599999922e-07
5.900000000000000000e+02 -1.840904333719999997e-06 2.446309099500000009e-05 1.204870274209999958e-07
6.100000000000000000e+02 -3.117988069589999813e-06 2.521441514020000038e-05 7.889654220539999583e-07
6.300000000000000000e+02 -2.632873523200000161e-06 1.952191060169999908e-05 -1.484481005399999936e-07
6.500000000000000000e+02 -2.352742550719999944e-06 1.306529083360000020e-05 -2.741468058500000114e-08
6.700000000000000000e+02 -2.443262944729999901e-06 1.344977314290000019e-05 3.877610418100000219e-07
6.900000000000000000e+02 -1.555454732330000100e-06 8.823977030960000493e-06 2.720334488640000051e-08
7.100000000000000000e+02 -7.914205349349999727e-07 6.148504014219999902e-06 -3.624884370459999838e-08
7.300000000000000000e+02 -3.692940803050000177e-07 5.274249247919999612e-06 -1.911611445100000131e-07
7.500000000000000000e+02 -5.243230225809999922e-07 3.870137184619999961e-06 -8.971220954110000581e-08
7.700000000000000000e+02 -3.012512480640000113e-07 2.456262326260000171e-06 -2.335165741109999908e-07
7.900000000000000000e+02 -7.351504112359999728e-07 2.111714932130000074e-06 -8.111005626950000400e-08
8.200000000000000000e+02 2.113639134549999881e-07 1.802526659959999970e-06 1.312947669209999938e-08
8.600000000000000000e+02 3.155300794919999766e-07 1.054749516719999905e-06 -1.122103724570000001e-07
9.000000000000000000e+02 2.134548223340000109e-07 5.157287915329999636e-07 -7.533171768259999792e-08
9.400000000000000000e+02 2.428222186849999902e-07 4.592502398020000234e-07 7.044785965229999456e-08
9.800000000000000000e+02 1.868365895860000101e-07 3.844101078070000031e-07 -6.881798971360000028e-10
1.020000000000000000e+03 1.566036330250000015e-07 2.981245437140000049e-07 2.648092644540000021e-08
1.060000000000000000e+03 1.202526505090000040e-07 2.127335245930000088e-07 -1.392678224509999924e-08
1.100000000000000000e+03 8.342458761719999841e-08 1.192265847119999996e-07 -5.249920722820000057e-09
1.160000000000000000e+03 1.070800176780000040e-07 5.912825410199999871e-08 8.524479975420000446e-09
1.240000000000000000e+03 8.207465931339999934e-08 1.271135659459999951e-08 4.318910981730000017e-09
1.320000000000000000e+03 5.233478409979999843e-08 1.935618320519999837e-08 -7.715178158029999784e-10
1.400000000000000000e+03 4.144334425369999937e-08 2.143501400659999886e-08 -2.031612357219999916e-10
1.480000000000000000e+03 2.973808252699999857e-08 8.245950539879999225e-09 -1.874686638929999888e-09
1.560000000000000000e+03 2.270982958319999962e-08 6.792201422000000188e-09 -1.803966350659999967e-09
1.640000000000000000e+03 2.211978087189999979e-08 5.042060885040000357e-09 -1.027164860720000066e-09
1.720000000000000000e+03 1.091208218030000064e-08 3.203840169309999955e-09 -1.294889391730000103e-09
1.800000000000000000e+03 4.378175259820000381e-09 1.945617610549999887e-09 -8.207246890839999809e-10
1.880000000000000000e+03 4.008015050939999832e-09 4.605054961989999896e-10 -8.568462412370000031e-10
1.960000000000000000e+03 3.606304727509999852e-09 6.203080448499999762e-11 -2.498791152350000026e-10
2.040000000000000000e+03 2.979428355020000122e-09 -3.418542411590000109e-10 -1.569634519840000158e-11
2.120000000000000000e+03 1.761072747610000015e-09 -3.177406573470000221e-11 -1.481642897370000085e-10
2.200000000000000000e+03 1.214659864709999927e-09 6.620880026529999583e-10 -2.040269663829999897e-10
2.280000000000000000e+03 8.710239808680000154e-10 2.669441789799999876e-10 -1.220912695889999951e-10
2.360000000000000000e+03 7.137214909429999725e-10 4.535447767849999938e-11 -1.066323550480000051e-10
2.440000000000000000e+03 5.176034676110000285e-10 4.994784363590000230e-11 5.090276604960000379e-12
2.520000000000000000e+03 6.066708248109999722e-10 1.380643819379999945e-11 1.492399321859999934e-10
2.600000000000000000e+03 1.057331778279999901e-09 -5.591662901800000431e-10 2.123464538119999967e-10
2.680000000000000000e+03 1.795586415769999871e-11 -4.572583919249999817e-10 -2.026590632910000036e-10
2.760000000000000000e+03 -9.290009236029999364e-09 3.524222597369999981e-09 -3.569552494340000026e-09
2.840000000000000000e+03 -2.863900565619999848e-08 5.510892478909999774e-09 1.264570948249999946e-08
2.920000000000000000e+03 -5.986313655380000267e-08 4.180680082499999987e-09 -2.985795296540000194e-09

# time = 4.0 hrs
5.000000000000000000e+00 4.641005820489999857e-04 -5.033285467689999765e-03 -7.036734964270000220e-04
1.500000000000000000e+01 -1.814763963069999887e-04 -1.595131949059999926e-03 -9.939273932970000018e-05
2.500000000000000000e+01 -1.006352870350000007e-05 -6.544227703589999964e-04 -3.062417152050000078e-08
3.500000000000000000e+01 5.723326472200000281e-05 -6.241834091339999507e-04 -1.125031613139999930e-05
4.500000000000000000e+01 -1.352566585500000079e-04 -2.493371391000000041e-03 7.226012821239999589e-05
5.500000000000000000e+01 -7.169508853700000232e-04 -5.750260622830000341e-03 2.919875789020000213e-04
6.500000000000000000e+01 -1.036189733939999998e-03 -5.434345915819999845e-03 2.305102676920000096e-04
7.500000000000000000e+01 -8.679943224000000049e-04 -2.741136394639999852e-03 9.635044117080000315e-05
8.500000000000000000e+01 -5.774130623669999473e-04 -1.250378237920000014e-03 3.615936752820000282e-05
9.500000000000000000e+01 -4.561446750530000053e-04 -6.977887560020000100e-04 6.333544297859999828e-05
1.050000000000000000e+02 -5.183768389919999773e-04 -5.096440033809999763e-04 1.000561714850000067e-04
1.150000000000000000e+02 -4.664254021869999791e-04 -2.704290845000000237e-04 1.019600047990000031e-04
1.250000000000000000e+02 -3.826990841509999870e-04 4.683504448999999996e-08 8.322124826439999956e-05
1.350000000000000000e+02 -2.850315422990000198e-04 1.446461612450000017e-04 7.095432823429999520e-05
1.450000000000000000e+02 -2.386155426790000089e-04 2.142095644300000073e-04 5.589554819320000079e-05
1.550000000000000000e+02 -2.056398455069999992e-04 2.457661697670000095e-04 5.421503616030000301e-05
1.650000000000000000e+02 -1.709033843240000063e-04 2.055807891449999909e-04 4.266034638739999975e-05
1.750000000000000000e+02 -8.583146828790000598e-05 1.443956302699999977e-04 6.292275174739999989e-06
1.850000000000000000e+02 -4.458693675400000179e-05 1.201898588069999995e-04 4.260939920490000101e-07
1.950000000000000000e+02 -3.629106110530000082e-05 1.092975474029999976e-04 -2.281214194210000111e-06
2.050000000000000000e+02 -1.998967279640000052e-05 7.703586648719999437e-05 -1.775799855870000044e-06
2.150000000000000000e+02 -1.238880952279999922e-05 5.806728795219999890e-05 -5.184618266389999661e-07
2.250000000000000000e+02 -1.785493727140000043e-06 4.797164217549999691e-05 -5.356934022659999891e-06
2.350000000000000000e+02 7.918931921500000761e-06 4.201725345760000179e-05 -2.816933495759999820e-07
2.450000000000000000e+02 1.301688353460000048e-05 3.636212914149999941e-05 -3.529566484960000061e-06
2.550000000000000000e+02 2.114637017010000038e-05 2.038496400110000138e-05 -3.681594555549999966e-06
2.650000000000000000e+02 2.850835252780000052e-05 5.802318870959999577e-06 -1.097642350520000066e-06
2.750000000000000000e+02 3.486519110819999705e-05 -5.263879099399999666e-06 5.028000748479999739e-07
2.850000000000000000e+02 3.558841884150000154e-05 -4.969989892449999834e-06 1.907162835440000052e-06
2.950000000000000000e+02 3.768905796809999702e-05 -8.038842120150000554e-06 1.922195514399999901e-06
3.050000000000000000e+02 3.392173330380000249e-05 -3.298367043430000122e-05 7.482799578189999986e-07
3.150000000000000000e+02 3.362793379699999919e-05 -3.662582760259999921e-05 1.578425117839999981e-06
3.250000000000000000e+02 3.554560230280000050e-05 -3.492807220000000186e-05 -2.030739337620000022e-07
3.350000000000000000e+02 3.560024964200000209e-05 -2.813068262330000133e-05 -1.132453691090000005e-06
3.450000000000000000e+02 3.356990870100000205e-05 -3.202862877700000249e-05 -1.752557143769999990e-06
3.550000000000000000e+02 2.555256280410000082e-05 -2.434575664819999907e-05 1.193171511499999907e-06
3.650000000000000000e+02 2.045325169870000097e-05 -2.569947270560000061e-05 1.728668849909999935e-06
3.750000000000000000e+02 2.254243199380000044e-05 -3.026805533119999867e-05 1.777920099239999920e-06
3.850000000000000000e+02 1.132798523509999956e-05 -2.871496137800000150e-05 -2.059669178980000023e-07
3.950000000000000000e+02 2.466521810150000026e-05 -1.914319693550000138e-05 -3.672357434129999916e-07
4.050000000000000000e+02 2.074262511179999929e-05 -1.462783267480000027e-05 -4.289720767470000196e-07
4.150000000000000000e+02 2.252553247469999862e-05 -9.944385264030000150e-06 -6.016815682849999535e-07
4.250000000000000000e+02 2.396189362550000030e-05 -9.512351073380000629e-06 -3.733774508909999791e-07
4.350000000000000000e+02 1.652316072579999994e-05 -8.446540215679999977e-06 1.903107941329999955e-06
4.450000000000000000e+02 2.084427940020000002e-05 -1.025212496340000081e-05 1.234533885079999921e-06
4.550000000000000000e+02 2.988045341670000077e-05 -1.025495572770000082e-05 -7.037507636079999851e-07
4.650000000000000000e+02 2.218534699359999972e-05 7.292473059380000001e-06 1.795700854520000031e-06
4.750000000000000000e+02 1.620420965759999959e-05 -7.370317237899999751e-06 -3.603709631590000170e-06
4.900000000000000000e+02 2.845718694140000115e-05 2.089380714339999854e-06 -5.628666719510000310e-06
5.100000000000000000e+02 2.391853165980000013e-05 6.397129424510000369e-06 1.016733107150000079e-06
5.300000000000000000e+02 3.863536428560000193e-05 1.638143480280000082e-05 3.645851229890000081e-06
5.500000000000000000e+02 2.721356314920000041e-05 2.225464451519999987e-05 7.911249406420000043e-06
5.700000000000000000e+02 2.082924368459999838e-05 2.320876156680000161e-05 -6.501727392660000438e-07
5.900000000000000000e+02 1.598899537460000096e-05 2.134000562370000115e-05 9.998012233199999770e-07
6.100000000000000000e+02 1.319929367089999972e-05 1.872404962210000030e-05 -6.608663533860000277e-07
6.300000000000000000e+02 1.225751481869999917e-05 2.089440694679999870e-05 8.290597657339999820e-07
6.500000000000000000e+02 5.794255374060000273e-06 1.771011382920000072e-05 -3.207391130620000164e-07
6.700000000000000000e+02 -1.672229315919999955e-06 1.365076923200000001e-05 1.359012664599999884e-07
6.900000000000000000e+02 2.313410241730000087e-07 9.783259936569999317e-06 1.983825411590000085e-07
7.100000000000000000e+02 -9.622121223169999692e-07 8.468790602260000707e-06 9.925607818900000065e-08
7.300000000000000000e+02 -8.364400474780000177e-07 7.937283349290000218e-06 3.745486898949999841e-07
7.500000000000000000e+02 -1.205764062669999921e-06 6.364465993149999791e-06 1.124756590999999963e-07
7.700000000000000000e+02 -2.490971615860000180e-06 4.944205840089999829e-06 1.182068725759999998e-07
7.900000000000000000e+02 -2.339300356959999836e-06 4.489876939570000109e-06 6.409803418410000403e-08
8.200000000000000000e+02 -1.443732726779999991e-06 3.836372900629999997e-06 1.689627971320000069e-07
8.600000000000000000e+02 -6.910541200360000124e-07 2.449239283739999826e-06 3.887373934799999971e-08
9.000000000000000000e+02 -4.550096316199999875e-07 1.886897365970000068e-06 -3.124066115540000244e-08
9.400000000000000000e+02 -3.503637118060000081e-07 1.351316963410000052e-06 -9.684240415160000240e-09
9.800000000000000000e+02 -1.827306225290000033e-07 5.845022259609999571e-07 -3.015332261850000095e-09
1.020000000000000000e+03 -1.568236403619999908e-08 3.536430175030000017e-07 -1.727796789849999957e-08
1.060000000000000000e+03 1.038790946749999966e-07 1.991078909080000064e-07 -1.652602495930000062e-08
1.100000000000000000e+03 -3.860288503299999802e-08 1.757572423759999977e-07 6.786089329620000047e-09
1.160000000000000000e+03 3.029428094410000115e-08 6.134094614269999382e-08 -1.784527073710000065e-08
1.240000000000000000e+03 4.552047895550000292e-08 -2.532992657860000021e-09 -1.369537356060000070e-10
1.320000000000000000e+03 2.434833493929999934e-08 -1.015145283870000085e-09 1.142418867609999968e-09
1.400000000000000000e+03 5.759471040740000167e-09 1.324375120959999955e-08 1.636728335960000093e-09
1.480000000000000000e+03 1.375433519090000039e-08 1.069264383210000013e-08 3.468571966800000137e-09
1.560000000000000000e+03 1.601180855399999967e-08 7.324007254590000171e-09 1.140124356029999975e-09
1.640000000000000000e+03 1.177703167229999969e-08 5.772149879510000178e-09 -3.665655987509999785e-10
1.720000000000000000e+03 7.109763403279999546e-10 1.045210700500000000e-08 -2.465576393750000173e-10
1.800000000000000000e+03 -3.954659311320000033e-09 1.225470700559999997e-08 -1.057586797280000012e-10
1.880000000000000000e+03 -6.269637185269999863e-10 8.315240511869999682e-09 4.532266908189999874e-10
1.960000000000000000e+03 7.607587636909999636e-10 5.563054656899999840e-09 -6.326123542009999795e-10
2.040000000000000000e+03 7.671559804920000454e-10 3.761194859080000266e-09 -4.377744712540000050e-10
2.120000000000000000e+03 6.416303935469999593e-10 1.935711287039999821e-09 -5.155180493909999508e-10
2.200000000000000000e+03 -9.645978360670000531e-10 1.803792737129999917e-09 -7.556058286110000461e-10
2.280000000000000000e+03 -7.049430381140000223e-10 1.211761972249999972e-09 -4.625908329800000248e-10
2.360000000000000000e+03 -1.214577906269999999e-09 1.409652889859999927e-09 -5.483335673210000051e-10
2.440000000000000000e+03 -1.901072674880000036e-09 2.100415585709999880e-09 -5.181531411769999905e-10
2.520000000000000000e+03 -5.442144322179999968e-09 6.577052617949999774e-09 -4.871817745699999960e-10
2.600000000000000000e+03 -5.854019717670000141e-10 1.212259937229999945e-08 6.947326061019999579e-10
2.680000000000000000e+03 -3.639110394330000311e-08 3.032379066430000166e-08 -1.726298546090000043e-09
2.760000000000000000e+03 -5.254041241310000087e-07 1.810153446120000057e-07 -4.008823542390000238e-07
2.840000000000000000e+03 -3.949182455619999968e-06 -4.872992929219999707e-07 1.614097555279999928e-06
2.920000000000000000e+03 -4.667278632829999719e-06 2.174097198789999896e-08 -4.358494812100000067e-07

# time = 5.0 hrs
5.000000000000000000e+00 7.875852844000000733e-06 -1.157696825730000024e-04 1.717466371859999914e-06
1.500000000000000000e+01 -2.239734988350000149e-06 -1.569571232610000075e-04 -5.500588240750000259e-06
2.500000000000000000e+01 2.097105950959999942e-05 -1.262992166169999906e-04 -5.339359310819999957e-06
3.500000000000000000e+01 4.347943160909999708e-05 -1.427007940639999912e-04 -7.658090067819999961e-06
4.500000000000000000e+01 6.420127675210000081e-05 -9.513287240320000273e-04 2.328566024339999985e-05
5.500000000000000000e+01 -8.401038781019999971e-05 -2.242367851489999921e-03 9.451911544640000595e-05
6.500000000000000000e+01 -1.912406700100000012e-04 -1.480578672229999936e-03 5.845815972809999738e-05
7.500000000000000000e+01 -1.403669090289999999e-04 -1.073003595850000090e-03 8.930766262529999777e-05
8.500000000000000000e+01 -1.418903650620000100e-04 -1.151284078050000088e-03 1.689570836560000031e-04
9.500000000000000000e+01 -2.485157877729999784e-04 -1.206803196280000065e-03 2.380782943229999926e-04
1.050000000000000000e+02 -3.867700808190000232e-04 -6.079165834569999569e-04 1.593016455339999913e-04
1.150000000000000000e+02 -2.101131397520000104e-04 -1.303043869499999872e-04 9.502848517210000406e-05
1.250000000000000000e+02 -1.154960433540000030e-04 3.436821185919999698e-05 2.543978682309999911e-05
1.350000000000000000e+02 -2.949873980089999845e-05 5.669825721749999664e-05 2.888853579100000124e-06
1.450000000000000000e+02 -3.469319809829999940e-05 5.160474168370000035e-05 -2.479894175229999843e-06
1.550000000000000000e+02 -3.365549858960000147e-05 5.060455632739999907e-05 -5.213457583969999592e-07
1.650000000000000000e+02 -2.262641931710000027e-05 4.366838924569999908e-05 2.379384748809999959e-07
1.750000000000000000e+02 -1.903798786519999889e-05 4.717852580169999878e-05 -3.976229251610000048e-07
1.850000000000000000e+02 -8.897453558649999773e-06 4.714793693539999980e-05 -1.589129117379999960e-06
1.950000000000000000e+02 2.916014076610000027e-06 4.284636443220000312e-05 -2.823599590489999878e-08
2.050000000000000000e+02 2.685867020089999995e-06 4.188321988299999676e-05 -4.628871337539999971e-07
2.150000000000000000e+02 1.073988164450000036e-05 3.913796527120000167e-05 6.084162055590000181e-07
2.250000000000000000e+02 1.468095449739999959e-05 2.994468978460000002e-05 -4.552109690399999984e-07
2.350000000000000000e+02 1.973658212089999834e-05 2.878261383439999980e-05 -2.334071988729999940e-06
2.450000000000000000e+02 1.905713047099999845e-05 2.733649076459999990e-05 -6.153491079759999647e-07
2.550000000000000000e+02 1.848839810390000076e-05 1.421928436449999931e-05 2.414270915189999975e-08
2.650000000000000000e+02 1.770604818929999934e-05 4.729446969680000172e-06 -8.123507419129999588e-07
2.750000000000000000e+02 1.764010446910000061e-05 -7.385174181570000102e-06 9.586203432100000253e-07
2.850000000000000000e+02 1.524366594730000010e-05 -1.158068429319999932e-05 3.196140471880000045e-06
2.950000000000000000e+02 1.414178369939999957e-05 -1.335636377539999958e-05 -3.861472767340000189e-07
3.050000000000000000e+02 1.328197371110000080e-05 -2.669763890919999930e-05 1.416590687880000011e-06
3.150000000000000000e+02 1.159788121970000000e-05 -3.194662375899999952e-05 2.550117240670000005e-07
3.250000000000000000e+02 9.456820853719999999e-06 -3.082680732660000075e-05 7.158699238970000057e-07
3.350000000000000000e+02 1.018987916329999997e-05 -2.942695233449999905e-05 9.956762246950000559e-07
3.450000000000000000e+02 1.263402888879999916e-05 -2.565381156299999962e-05 -1.139053843479999955e-07
3.550000000000000000e+02 1.841197194060000122e-05 -2.271054323500000074e-05 3.312255638870000081e-06
3.650000000000000000e+02 1.970123463450000059e-05 -1.983378192280000146e-05 -9.316952222650000186e-07
3.750000000000000000e+02 1.739193932960000016e-05 -1.597305332770000095e-05 5.803555808759999891e-07
3.850000000000000000e+02 1.702902075789999934e-05 -1.907927408010000030e-05 -1.705929412710000077e-07
3.950000000000000000e+02 2.123093981029999840e-05 -1.827709905489999882e-05 -4.619436386949999904e-07
4.050000000000000000e+02 1.938228783070000075e-05 -8.646342377679999325e-06 5.958604072559999694e-07
4.150000000000000000e+02 2.175696282010000117e-05 -5.026901084439999956e-06 2.528755961020000201e-06
4.250000000000000000e+02 2.248991115810000034e-05 1.748605424609999945e-06 1.234325317609999904e-06
4.350000000000000000e+02 1.404787241149999993e-05 -6.616735468809999840e-06 1.022180201229999938e-06
4.450000000000000000e+02 1.612633834970000091e-05 -8.049274494049999689e-06 4.775783723399999675e-07
4.550000000000000000e+02 2.937867757009999836e-05 5.707925878559999821e-06 3.219356592880000021e-07
4.650000000000000000e+02 1.999625525360000137e-05 1.077755688879999958e-06 -5.776669352960000140e-07
4.750000000000000000e+02 1.994632073869999860e-05 -2.477529079319999861e-06 2.495711573459999917e-06
4.900000000000000000e+02 3.109508045639999867e-05 1.142057051390000009e-05 3.057824256900000115e-06
5.100000000000000000e+02 2.159855345799999970e-05 8.514236399540000603e-06 3.054445892839999992e-06
5.300000000000000000e+02 3.070292639639999948e-05 3.141307741229999853e-06 -1.354074528409999961e-06
5.500000000000000000e+02 1.765617219160000009e-05 1.282089659179999928e-05 -1.154907806789999987e-06
5.700000000000000000e+02 9.874422615830000217e-06 1.461302760749999972e-05 7.485249370140000225e-07
5.900000000000000000e+02 9.257885896589999522e-06 1.629057427899999991e-05 1.776711140210000046e-07
6.100000000000000000e+02 7.200107722090000380e-06 1.679912304210000003e-05 4.262007751139999909e-07
6.300000000000000000e+02 4.437725149440000105e-06 1.602693711240000006e-05 6.490364899570000215e-07
6.500000000000000000e+02 1.888367931859999989e-06 1.323889002290000047e-05 3.103989628939999912e-07
6.700000000000000000e+02 -3.335943397330000106e-06 1.687626469339999970e-05 5.453910446869999592e-07
6.900000000000000000e+02 -2.184475484790000115e-06 1.047779954929999941e-05 -2.610903846490000131e-07
7.100000000000000000e+02 -1.096334795839999927e-06 8.805601156189999212e-06 1.096680582600000041e-07
7.300000000000000000e+02 -1.071104505470000093e-06 6.591593557990000195e-06 7.468535429149999346e-08
7.500000000000000000e+02 -6.296772278070000101e-07 4.635600824119999743e-06 1.981890076930000068e-07
7.700000000000000000e+02 3.959202261600000108e-07 4.446443274259999690e-06 1.664780516149999875e-08
7.900000000000000000e+02 -3.400906642490000089e-08 3.318100827679999931e-06 3.210001714389999719e-08
8.200000000000000000e+02 2.316656979729999986e-07 3.439032569759999789e-06 1.003749171920000027e-07
8.600000000000000000e+02 1.790934624660000027e-07 2.816102179339999860e-06 6.856202996660000038e-08
9.000000000000000000e+02 3.256102941010000198e-07 1.903745280870000049e-06 -2.023497467519999936e-08
9.400000000000000000e+02 1.369823829130000002e-08 1.585569687029999954e-06 9.000542740519999965e-08
9.800000000000000000e+02 -1.517004297600000038e-07 8.504156923129999599e-07 -3.515723127880000051e-08
1.020000000000000000e+03 -3.079874353840000110e-07 4.379524299480000132e-07 3.223863545330000029e-09
1.060000000000000000e+03 -1.795153871180000051e-07 2.701957824759999813e-07 5.146315263169999761e-08
1.100000000000000000e+03 -1.738519966210000076e-07 1.668453785819999950e-07 6.931586460859999495e-08
1.160000000000000000e+03 -2.490297454629999900e-07 1.332538772490000128e-07 -1.025862389790000048e-08
1.240000000000000000e+03 -1.164947377160000050e-07 1.344512585349999990e-08 -2.645856715240000074e-08
1.320000000000000000e+03 -4.357880139469999794e-08 -3.337559846739999889e-09 -1.413687299250000005e-08
1.400000000000000000e+03 -1.534052670970000081e-08 -1.323903925350000009e-08 5.956404900269999753e-09
1.480000000000000000e+03 1.542877495209999918e-09 -1.311921764220000010e-08 1.585248393000000018e-08
1.560000000000000000e+03 1.194871788350000025e-09 -9.758399958709999796e-09 7.810445622069999196e-09
1.640000000000000000e+03 4.526741361389999971e-09 -3.405714353679999945e-09 5.129718700600000362e-09
1.720000000000000000e+03 -1.085642334160000100e-09 7.601613568069999609e-09 2.393059416009999921e-09
1.800000000000000000e+03 -1.729714145069999884e-08 1.751516696289999981e-09 -3.295688062689999895e-09
1.880000000000000000e+03 -1.599455614429999957e-08 2.946443432390000023e-09 -1.931625726530000162e-09
1.960000000000000000e+03 -8.929551737329999886e-09 -1.218259784120000041e-09 -3.061061398389999857e-09
2.040000000000000000e+03 -7.352866574929999642e-09 6.540193078060000078e-10 -4.345594836939999734e-09
2.120000000000000000e+03 -6.444379373730000074e-09 5.552467784820000033e-09 -6.935709364149999742e-09
2.200000000000000000e+03 -1.768594389549999916e-08 1.230334099620000065e-08 -1.561670897780000102e-08
2.280000000000000000e+03 -2.815529066630000143e-08 1.365285675509999999e-08 -3.560882184469999744e-08
2.360000000000000000e+03 -3.404048726749999820e-08 1.902708139130000057e-08 -6.647808797509999383e-08
2.440000000000000000e+03 -1.454558470930000121e-07 7.617270299669999721e-08 -1.248180457230000111e-07
2.520000000000000000e+03 -7.359669065889999687e-07 5.264709828420000271e-07 -2.059502851390000020e-07
2.600000000000000000e+03 -5.696288596879999600e-07 -1.433284780309999880e-07 -2.257076676399999978e-07
2.680000000000000000e+03 -1.256488649439999956e-05 4.453701207789999739e-06 -7.381627342630000293e-06
2.760000000000000000e+03 -1.159880674439999984e-04 5.071222767500000097e-06 -4.844807877349999880e-05
2.840000000000000000e+03 -6.437152716189999688e-04 1.204896437949999947e-04 2.443073597120000180e-04
2.920000000000000000e+03 -3.928931020699999747e-04 -1.278267104030000087e-04 -5.150471702990000033e-05

# time = 6.0 hrs
5.000000000000000000e+00 2.678664392749999942e-05 -9.083988870519999544e-05 -3.353433318249999760e-07
1.500000000000000000e+01 1.665112793520000134e-05 -1.251187607089999866e-04 -2.539394334969999872e-06
2.500000000000000000e+01 2.783552468990000111e-05 -1.439781645080000054e-04 -7.441011558590000155e-06
3.500000000000000000e+01 4.354832039039999853e-05 -1.508498975040000118e-04 -5.650075697200000310e-06
4.500000000000000000e+01 7.268909091750000440e-05 -5.334712424190000100e-04 1.175861550969999967e-05
5.500000000000000000e+01 9.102161097029999538e-05 -1.443947585589999997e-03 8.071136542419999401e-05
6.500000000000000000e+01 1.349887246970000033e-04 -1.463761790110000051e-03 1.751519567849999870e-04
7.500000000000000000e+01 -1.064591855990000004e-04 -1.866315756490000101e-03 3.941876872559999922e-04
8.500000000000000000e+01 -6.230951218670000491e-04 -2.196152917749999954e-03 6.269710761879999580e-04
9.500000000000000000e+01 -9.279072272470000309e-04 -1.494450222080000038e-03 4.995436550669999634e-04
1.050000000000000000e+02 -4.632666760839999746e-04 -3.531463179770000195e-04 2.240599548280000088e-04
1.150000000000000000e+02 -2.149759251149999941e-04 5.471677462150000302e-05 1.223059599409999961e-04
1.250000000000000000e+02 -1.490611513239999901e-04 1.574016095240000045e-04 4.931244091449999746e-05
1.350000000000000000e+02 -4.504962015010000265e-05 8.690541049709999820e-05 2.917087368819999797e-06
1.450000000000000000e+02 -2.600776272160000005e-05 3.802291604510000015e-05 -7.768931686879999913e-07
1.550000000000000000e+02 -2.022925359630000153e-05 2.714340284129999838e-05 8.161357973309999895e-07
1.650000000000000000e+02 -1.550538717119999884e-05 2.200686325149999926e-05 4.817217795660000113e-07
1.750000000000000000e+02 -1.117870840810000009e-05 1.928372336849999908e-05 2.796809230689999790e-07
1.850000000000000000e+02 -5.046220517390000076e-06 2.320706136839999919e-05 -2.383795856869999981e-06
1.950000000000000000e+02 7.848667610220000028e-07 2.557977014580000132e-05 7.371483243029999526e-07
2.050000000000000000e+02 3.211483988680000190e-06 2.297212386610000050e-05 8.254515599860000450e-07
2.150000000000000000e+02 5.787058375999999820e-06 2.570288016509999896e-05 1.483942259469999922e-06
2.250000000000000000e+02 1.410726395179999955e-05 2.586559284560000123e-05 -4.663185398359999760e-07
2.350000000000000000e+02 1.374005272699999926e-05 2.713656757450000169e-05 2.123742432469999966e-07
2.450000000000000000e+02 1.681420326809999932e-05 2.682651354000000098e-05 7.730609507969999488e-07
2.550000000000000000e+02 1.886019130770000008e-05 2.081269438410000047e-05 5.154469434249999475e-07
2.650000000000000000e+02 2.456818250049999861e-05 1.301551681819999969e-05 1.959933064410000103e-06
2.750000000000000000e+02 2.803324720070000123e-05 1.030302467059999938e-05 2.018174395649999935e-06
2.850000000000000000e+02 2.805397643070000124e-05 1.426620863419999938e-05 1.246006231099999927e-06
2.950000000000000000e+02 2.902528006420000169e-05 7.116784849400000065e-06 1.027947266869999900e-06
3.050000000000000000e+02 3.053777544419999755e-05 -7.851997552010000039e-06 1.069432487140000024e-06
3.150000000000000000e+02 3.253495299600000292e-05 -1.471379480809999929e-05 -1.408909645009999982e-06
3.250000000000000000e+02 3.163903073099999958e-05 -1.263827898890000066e-05 -1.174394829149999917e-06
3.350000000000000000e+02 3.197742227699999751e-05 -1.526877850429999978e-05 -1.044866676419999988e-06
3.450000000000000000e+02 3.096120232460000308e-05 -1.524849111650000032e-05 8.864583856740000273e-07
3.550000000000000000e+02 2.716712900239999889e-05 -2.038488534570000152e-05 1.820508197800000025e-07
3.650000000000000000e+02 2.205932689669999990e-05 -2.095990630939999921e-05 -9.724706940329999817e-07
3.750000000000000000e+02 2.171293546449999930e-05 -2.054844362660000100e-05 -8.292992611109999757e-07
3.850000000000000000e+02 2.536543291409999989e-05 -2.334680318789999839e-05 5.050530240580000489e-07
3.950000000000000000e+02 2.540965414889999888e-05 -1.858048918469999900e-05 -1.372914459750000087e-06
4.050000000000000000e+02 1.590924841560000007e-05 -1.493632277150000032e-05 2.974205653070000082e-07
4.150000000000000000e+02 1.158955984630000064e-05 -4.046944809159999839e-06 2.466340495180000050e-06
4.250000000000000000e+02 8.964478270260000625e-06 -1.166412580939999921e-05 -8.562422000340000442e-07
4.350000000000000000e+02 8.984938204919999154e-06 -1.005819003779999961e-05 8.955753191840000041e-07
4.450000000000000000e+02 1.020285677089999946e-05 -4.653337379250000238e-06 2.853014416499999982e-06
4.550000000000000000e+02 2.486654349139999878e-06 -2.778748582320000169e-06 -5.279970754209999855e-07
4.650000000000000000e+02 6.709289038680000291e-06 -1.118467903920000070e-06 -1.782086077979999916e-07
4.750000000000000000e+02 -9.624409440929999468e-07 -3.221861646020000156e-06 -3.783000716209999806e-08
4.900000000000000000e+02 2.728165578820000159e-06 -1.697240719159999902e-06 -6.364985033159999722e-07
5.100000000000000000e+02 2.028110675010000052e-06 -3.557001370590000046e-06 -9.783501217379999658e-08
5.300000000000000000e+02 1.105475411569999916e-06 2.024548579219999855e-06 -2.710770872389999969e-06
5.500000000000000000e+02 4.100943559990000382e-06 6.028480297579999841e-06 4.154332252679999877e-08
5.700000000000000000e+02 2.044797345460000191e-06 1.518231106769999979e-05 6.194621120639999577e-07
5.900000000000000000e+02 8.775138884670000178e-07 1.214956554010000033e-05 -6.539107816979999729e-07
6.100000000000000000e+02 1.882995821109999928e-07 1.092588051940000033e-05 -4.804350620699999810e-07
6.300000000000000000e+02 8.220215373279999713e-07 9.902876551389999215e-06 4.127503885840000124e-07
6.500000000000000000e+02 -1.490350598079999880e-07 9.142177544430000690e-06 -2.418588687530000012e-07
6.700000000000000000e+02 -4.803751198319999588e-07 1.016520680720000006e-05 1.075758020940000038e-07
6.900000000000000000e+02 2.359807819010000106e-07 8.680066900530000282e-06 -4.458052085440000025e-07
7.100000000000000000e+02 2.877047853509999799e-07 1.151263867979999966e-05 2.749835029939999821e-07
7.300000000000000000e+02 6.192670968409999682e-07 6.904617640019999684e-06 -6.304517361660000163e-08
7.500000000000000000e+02 8.607385000559999704e-07 4.862605579740000012e-06 -8.482709802439999567e-08
7.700000000000000000e+02 1.035193692690000073e-06 3.593218119289999878e-06 1.812798257189999929e-07
7.900000000000000000e+02 3.979886958820000124e-07 2.084122765970000083e-06 4.226962960949999897e-08
8.200000000000000000e+02 1.377415081500000113e-07 1.793036480100000084e-06 -3.410003747379999840e-08
8.600000000000000000e+02 5.259019292180000494e-07 9.036834451350000110e-07 -9.046217041689999579e-08
9.000000000000000000e+02 6.322852559570000043e-07 4.145242593469999904e-07 3.209095864179999933e-10
9.400000000000000000e+02 3.957875577720000205e-07 4.498136778570000104e-07 -2.975035026559999937e-09
9.800000000000000000e+02 1.835526572650000039e-07 2.611201503710000204e-07 2.279582046769999846e-08
1.020000000000000000e+03 4.113173967110000220e-08 1.373884108389999953e-07 4.542863450019999862e-11
1.060000000000000000e+03 -4.932782363920000328e-08 6.119089119249999991e-08 3.213662261240000050e-08
1.100000000000000000e+03 6.828579089090000211e-08 7.479070717530000025e-08 4.043763620030000289e-08
1.160000000000000000e+03 2.845932652610000021e-08 6.573728286350000114e-08 2.866065050009999996e-08
1.240000000000000000e+03 9.570487585539999633e-10 -7.823105056410000782e-09 5.198804877479999994e-08
1.320000000000000000e+03 -1.204593501160000033e-08 1.511569577599999986e-08 4.300490351660000045e-08
1.400000000000000000e+03 -2.929302973560000153e-08 8.268598675289999758e-09 3.814051926230000066e-09
1.480000000000000000e+03 -1.041840558520000041e-07 4.267077994270000262e-08 5.690802989369999927e-09
1.560000000000000000e+03 -9.764301934410000024e-08 5.773570604649999839e-08 -2.785657737990000099e-08
1.640000000000000000e+03 -1.058292284189999955e-07 -1.908189096220000005e-08 -2.152581207639999944e-08
1.720000000000000000e+03 -1.027025596240000054e-07 -3.970669509560000121e-08 -2.016974868629999870e-08
1.800000000000000000e+03 -1.538899733160000057e-08 -1.717875942320000138e-08 -1.502182656520000020e-08
1.880000000000000000e+03 5.328218712310000329e-08 -5.361659835950000039e-08 -3.262901866559999840e-08
1.960000000000000000e+03 1.065403631970000043e-07 -1.230760999829999977e-07 -7.366307370059999836e-08
2.040000000000000000e+03 1.988131427539999906e-07 -1.382856787270000091e-07 -1.506116121800000014e-07
2.120000000000000000e+03 2.047793999219999969e-07 -9.013067475910000542e-08 -3.007333472719999993e-07
2.200000000000000000e+03 7.161034275710000543e-08 2.194530805020000042e-07 -6.355709773090000179e-07
2.280000000000000000e+03 -7.512439957019999777e-07 8.161869831099999529e-07 -1.274307744110000095e-06
2.360000000000000000e+03 -4.080647982089999938e-06 3.179938208330000161e-06 -2.251514167460000086e-06
2.440000000000000000e+03 -1.783160116789999895e-05 1.242593572609999998e-05 -2.693002431409999857e-06
2.520000000000000000e+03 -7.985013322509999507e-05 3.805570720590000248e-05 -7.851691305739999795e-07
2.600000000000000000e+03 4.989184392110000173e-05 -3.608007417000000302e-05 3.912477435730000238e-05
2.680000000000000000e+03 -1.175472728460000048e-08 -2.597165641529999825e-04 -9.169761351049999793e-05
2.760000000000000000e+03 -5.112392019899999508e-04 5.553500422439999924e-04 1.800327117319999964e-04
2.840000000000000000e+03 -2.300134422140000159e-03 7.172601691199999600e-05 5.366479442100000226e-04
2.920000000000000000e+03 -1.708742160399999996e-03 2.794485339420000008e-04 1.419009208579999945e-04

# time = 7.0 hrs
5.000000000000000000e+00 2.473273690639999882e-05 -7.844512152560000648e-05 -9.126556119389999548e-07
1.500000000000000000e+01 2.291666702680000053e-05 -1.173957691700000007e-04 -2.859186347079999938e-06
2.500000000000000000e+01 4.831996998189999973e-05 -1.933281273099999881e-04 -1.137835541839999949e-05
3.500000000000000000e+01 9.470836967419999904e-05 -3.289596974269999737e-04 -2.033810062190000021e-05
4.500000000000000000e+01 3.381033452550000163e-04 -1.385566516319999960e-03 5.521232217559999959e-05
5.500000000000000000e+01 1.125752601609999928e-03 -4.329915665290000326e-03 3.973620120860000150e-04
6.500000000000000000e+01 1.432673298360000094e-03 -5.876931771040000245e-03 7.366246866729999959e-04
7.500000000000000000e+01 6.529553856080000515e-04 -4.804096989680000165e-03 7.428724833239999615e-04
8.500000000000000000e+01 -5.524409831369999681e-05 -2.546097447009999966e-03 4.310584422170000030e-04
9.500000000000000000e+01 -2.804916156289999894e-04 -1.277180780799999898e-03 2.822553913390000242e-04
1.050000000000000000e+02 -2.551647253139999942e-04 -4.596645873179999882e-04 1.415306055410000012e-04
1.150000000000000000e+02 -2.531447696139999849e-04 -8.620881035950000136e-05 8.683480212539999854e-05
1.250000000000000000e+02 -2.031846695969999968e-04 1.489174458060000096e-04 5.223575791150000271e-05
1.350000000000000000e+02 -7.945961533880000079e-05 1.203090138370000031e-04 1.261937108180000002e-05
1.450000000000000000e+02 -3.770899271299999774e-05 6.714477018569999921e-05 1.681092174129999942e-06
1.550000000000000000e+02 -2.915495805800000134e-05 4.889705416120000296e-05 -1.322639778059999929e-07
1.650000000000000000e+02 -2.479696268390000149e-05 4.165661698529999740e-05 -3.523174563629999969e-07
1.750000000000000000e+02 -2.040994460310000086e-05 3.491197659990000044e-05 -1.626402064939999976e-06
1.850000000000000000e+02 -1.142582403650000047e-05 2.208960305849999941e-05 -5.113579218249999494e-07
1.950000000000000000e+02 -1.881913218150000027e-06 1.900958835239999962e-05 -8.307160671840000046e-07
2.050000000000000000e+02 -1.770355325300000078e-06 1.701131867629999923e-05 -9.498251513990000201e-07
2.150000000000000000e+02 -2.491082412220000189e-06 1.533936910729999864e-05 8.280797984729999756e-07
2.250000000000000000e+02 2.654348417280000211e-06 1.643466218839999862e-05 -1.514258060199999896e-07
2.350000000000000000e+02 6.194228689459999997e-06 1.483796767489999994e-05 1.111244717589999901e-06
2.450000000000000000e+02 6.707413923600000171e-06 1.464755815230000041e-05 6.566713144870000232e-07
2.550000000000000000e+02 8.694855454979999278e-06 1.170973227740000027e-05 1.583923732299999902e-06
2.650000000000000000e+02 1.024224008940000030e-05 5.828071126650000189e-06 5.104084132449999814e-07
2.750000000000000000e+02 1.281363606010000025e-05 4.867737624169999620e-06 -3.464274779279999852e-08
2.850000000000000000e+02 1.206890068229999992e-05 6.736345912270000103e-06 -7.703102324069999812e-07
2.950000000000000000e+02 1.289468743389999963e-05 6.752015423129999698e-06 -9.235785912490000387e-07
3.050000000000000000e+02 1.433710525850000073e-05 2.105631709319999989e-07 1.305423938360000057e-06
3.150000000000000000e+02 1.436221038120000033e-05 -1.695939607230000079e-06 3.341404678269999824e-07
3.250000000000000000e+02 1.530712864820000068e-05 6.644507459340000434e-07 7.342550842550000295e-07
3.350000000000000000e+02 1.956901617640000070e-05 1.260947186409999927e-07 -1.669133135890000025e-06
3.450000000000000000e+02 1.643819089819999912e-05 -3.846027168889999944e-06 -2.610838850059999746e-07
3.550000000000000000e+02 1.229856386430000009e-05 -1.318806076359999924e-05 -3.184334408690000168e-07
3.650000000000000000e+02 1.467911584909999985e-05 -1.863207916960000089e-05 -7.340012444909999535e-07
3.750000000000000000e+02 1.857131579140000005e-05 -1.877768406759999973e-05 -2.899193327739999913e-06
3.850000000000000000e+02 1.144161061549999924e-05 -1.377774004350000007e-05 9.980087076879999133e-07
3.950000000000000000e+02 9.485442853510000417e-06 -1.803728922540000142e-05 -4.962927075039999876e-07
4.050000000000000000e+02 1.154460691260000008e-05 -2.249633412380000090e-05 -1.774230514849999877e-07
4.150000000000000000e+02 1.227991949090000059e-05 -2.098107629929999902e-05 2.185476272319999977e-07
4.250000000000000000e+02 1.449811543999999941e-05 -2.014413912599999896e-05 -1.169449607900000072e-06
4.350000000000000000e+02 4.603155282169999961e-06 -1.847005157860000075e-05 4.464837136139999766e-07
4.450000000000000000e+02 7.121239550899999825e-06 -1.828519418970000058e-05 -7.415264705859999482e-07
4.550000000000000000e+02 1.048469932250000063e-05 -1.723475750749999915e-05 4.008080779139999672e-08
4.650000000000000000e+02 9.513974505470000837e-06 -1.139604781209999990e-05 1.617058722320000073e-06
4.750000000000000000e+02 1.248966163130000073e-06 -8.192770067519999970e-06 1.512821899309999867e-08
4.900000000000000000e+02 5.707879909819999768e-06 -1.085641497709999939e-05 -3.258828106369999904e-07
5.100000000000000000e+02 3.531324846410000047e-06 -7.268964688349999950e-06 -2.140756551370000120e-08
5.300000000000000000e+02 3.346378377970000182e-06 -5.797278950709999578e-06 -1.324878907450000065e-06
5.500000000000000000e+02 5.166980617909999819e-06 5.535233155160000346e-07 1.428921178940000052e-06
5.700000000000000000e+02 -1.773758269160000067e-06 4.299198719399999843e-06 3.208741590550000061e-07
5.900000000000000000e+02 -5.183476146759999551e-07 6.070960345619999764e-06 -5.487149884290000423e-07
6.100000000000000000e+02 -7.350691223709999761e-07 8.541980884179999821e-06 -2.512999051310000045e-07
6.300000000000000000e+02 -3.020819555390000062e-06 7.575704896030000345e-06 2.314938093440000019e-07
6.500000000000000000e+02 -1.481719841049999946e-06 8.461380706240000110e-06 -2.909712690679999788e-07
6.700000000000000000e+02 -4.013177888590000173e-06 1.457455733350000047e-05 5.296253048060000082e-08
6.900000000000000000e+02 -3.157484443400000137e-06 1.118737075950000031e-05 2.739719284929999793e-07
7.100000000000000000e+02 -3.049362265460000082e-06 1.016716186170000017e-05 -2.567136733240000120e-07
7.300000000000000000e+02 -2.813649426010000052e-06 9.489188996930000700e-06 2.851194036189999845e-07
7.500000000000000000e+02 -6.770660247989999757e-07 8.195356879349999400e-06 -6.034277873490000109e-08
7.700000000000000000e+02 1.787767923510000083e-06 6.604149049210000171e-06 3.820070117569999898e-07
7.900000000000000000e+02 7.639771568069999956e-07 3.931328849249999967e-06 -3.993123999120000176e-08
8.200000000000000000e+02 5.964913364649999572e-07 2.786694522220000046e-06 -2.887622989029999917e-08
8.600000000000000000e+02 7.160568482359999711e-07 1.387564182170000090e-06 5.610980290670000005e-08
9.000000000000000000e+02 8.747632890200000349e-07 8.937351642740000059e-07 1.171256332309999979e-07
9.400000000000000000e+02 6.022762105699999495e-07 6.914322651339999791e-07 7.454807579629999589e-08
9.800000000000000000e+02 5.240975550619999657e-07 3.808827162120000239e-07 2.933481531669999900e-08
1.020000000000000000e+03 3.357982671240000014e-07 1.274307291309999924e-07 1.263912772299999936e-08
1.060000000000000000e+03 2.853268590730000151e-07 -4.505816484640000010e-08 -1.292137414890000085e-09
1.100000000000000000e+03 2.152164473610000090e-07 1.062106738670000042e-07 -1.094003596850000002e-08
1.160000000000000000e+03 1.247472302129999995e-07 1.268108865930000039e-07 -7.319164592939999825e-09
1.240000000000000000e+03 4.646176013989999721e-08 9.614977272069999900e-08 2.193801480940000014e-08
1.320000000000000000e+03 9.512578617130000476e-08 -5.838799042169999980e-09 1.626030861269999887e-08
1.400000000000000000e+03 1.025708373010000036e-07 -1.418342816580000038e-08 3.471602287269999940e-09
1.480000000000000000e+03 1.016077321949999940e-07 -8.169405419089999838e-08 1.263923410920000044e-08
1.560000000000000000e+03 1.228962475189999965e-07 -8.470364811720000056e-08 -4.749393453359999933e-09
1.640000000000000000e+03 1.286246780340000070e-07 -1.463408425669999994e-07 -4.186126108150000199e-08
1.720000000000000000e+03 7.002957830380000353e-08 -1.894712847910000114e-07 -4.951494245490000225e-08
1.800000000000000000e+03 -3.735220696789999805e-08 -1.894488165090000036e-07 -7.748326757029999969e-08
1.880000000000000000e+03 1.144365818710000056e-07 -2.006479949800000098e-07 -9.676469376340000240e-08
1.960000000000000000e+03 3.887105045090000112e-07 -2.306052366170000028e-07 -1.832542857770000076e-07
2.040000000000000000e+03 3.192283883119999898e-07 -5.127157536039999784e-07 -4.840208833729999474e-07
2.120000000000000000e+03 -1.268292981199999987e-06 2.771040418150000215e-07 -1.156812032129999976e-06
2.200000000000000000e+03 -4.829589003169999850e-06 2.092223458280000109e-06 -2.042489147070000123e-06
2.280000000000000000e+03 -1.104234324859999950e-05 6.571635171239999693e-06 -4.040287729099999807e-06
2.360000000000000000e+03 -2.892683015810000165e-05 1.662919291289999927e-05 -6.132935634770000021e-06
2.440000000000000000e+03 -7.553633495879999850e-05 3.998478507679999899e-05 -6.496712992450000335e-06
2.520000000000000000e+03 -1.498514628580000006e-04 8.295067393260000346e-05 -1.282874912879999870e-07
2.600000000000000000e+03 -4.022023512299999952e-05 2.525147806369999832e-05 3.576666090800000188e-05
2.680000000000000000e+03 2.134282431719999960e-04 -4.318844738140000254e-04 -1.093955444539999969e-04
2.760000000000000000e+03 4.701237224970000104e-05 9.708823005630000044e-04 9.660790907719999743e-05
2.840000000000000000e+03 -3.640119606629999959e-03 2.213520749810000184e-03 5.053338597330000233e-04
2.920000000000000000e+03 -2.622147427630000006e-03 -2.401172826320000029e-04 5.045271657139999795e-04

# time = 8.0 hrs
5.000000000000000000e+00 1.088832239050000070e-05 -4.079461544169999933e-05 -2.699497364650000186e-07
1.500000000000000000e+01 8.838451360830000715e-06 -6.646691960570000367e-05 -1.648875923550000105e-06
2.500000000000000000e+01 1.742280055070000069e-05 -1.504384894050000043e-04 -9.348246230669999578e-06
3.500000000000000000e+01 3.940283588580000267e-05 -3.735183800680000050e-04 -2.398477412019999933e-05
4.500000000000000000e+01 9.458811660629999726e-05 -2.227371414030000080e-03 8.275064024520000178e-05
5.500000000000000000e+01 5.189648423559999621e-04 -4.807258167979999719e-03 3.400316393729999899e-04
6.500000000000000000e+01 5.170791558050000193e-04 -4.367951937899999977e-03 4.123832509450000216e-04
7.500000000000000000e+01 3.250527635859999762e-04 -3.165630553789999975e-03 2.941592179930000079e-04
8.500000000000000000e+01 1.266811811209999955e-04 -1.565867026839999924e-03 6.721551681500000184e-05
9.500000000000000000e+01 -2.275692986500000168e-05 -6.899277901969999658e-04 9.388614772460000723e-06
1.050000000000000000e+02 -4.892759562729999883e-05 -3.026607915159999925e-04 4.580699074790000378e-06
1.150000000000000000e+02 -6.303976050359999951e-05 -1.280087884189999928e-04 8.654256771340000168e-06
1.250000000000000000e+02 -7.344520058029999478e-05 -3.409224190890000074e-05 6.993982637819999772e-06
1.350000000000000000e+02 -5.849322555630000051e-05 1.116735688700000085e-05 4.620466161279999894e-06
1.450000000000000000e+02 -3.686604605180000333e-05 3.565221551830000080e-05 2.490970110840000191e-06
1.550000000000000000e+02 -3.826125021059999953e-05 4.139912924970000103e-05 -1.562505143390000138e-08
1.650000000000000000e+02 -2.892073885470000121e-05 3.626648664159999759e-05 6.292993180040000250e-07
1.750000000000000000e+02 -2.115746842409999912e-05 3.253224010860000109e-05 -4.711366585990000172e-07
1.850000000000000000e+02 -1.318167604580000035e-05 2.584539198930000168e-05 -6.784080596290000472e-07
1.950000000000000000e+02 -8.242871204329999416e-06 2.150433232700000100e-05 -5.692977907530000339e-07
2.050000000000000000e+02 -1.210480771689999978e-05 1.711615074649999971e-05 -9.379721729660000135e-07
2.150000000000000000e+02 -1.150635824680000061e-05 1.592328097170000092e-05 7.323174115459999930e-07
2.250000000000000000e+02 -8.272841505429999573e-06 1.354455972680000028e-05 3.048574117390000061e-07
2.350000000000000000e+02 -8.498440077240000253e-06 1.145487719949999952e-05 -7.370905857569999583e-07
2.450000000000000000e+02 -8.184780366150000327e-06 1.119675505919999954e-05 7.927675305299999610e-07
2.550000000000000000e+02 -7.830283709989999724e-06 1.079707363880000040e-05 2.178682202050000056e-07
2.650000000000000000e+02 -7.084208809740000123e-06 9.599063736599999899e-06 9.124399129670000053e-07
2.750000000000000000e+02 -6.157466278029999986e-06 8.944539713460000763e-06 5.091097394479999513e-07
2.850000000000000000e+02 -6.398629634859999916e-06 8.932111839890000238e-06 -7.582852424509999875e-07
2.950000000000000000e+02 -5.521174403000000182e-06 7.040950162700000163e-06 -1.263064623810000002e-07
3.050000000000000000e+02 -2.835508657149999962e-06 5.698044846729999845e-06 4.185117671310000088e-07
3.150000000000000000e+02 -6.518081047659999679e-07 6.469486950030000158e-06 9.078953756680000153e-07
3.250000000000000000e+02 -1.347990045049999978e-06 4.258099615890000307e-06 3.610766443659999754e-07
3.350000000000000000e+02 -7.477337549659999935e-07 4.407326506560000101e-06 2.937949521939999819e-07
3.450000000000000000e+02 1.855707706950000048e-06 3.497824660400000172e-06 4.137593778389999884e-07
3.550000000000000000e+02 1.304658416879999965e-05 1.369662876880000106e-06 4.069855558609999806e-07
3.650000000000000000e+02 1.703075459830000161e-05 6.588578207550000033e-07 8.011625997690000502e-07
3.750000000000000000e+02 1.421883674370000000e-05 -2.162314715849999834e-06 1.409212427639999957e-06
3.850000000000000000e+02 1.270997279980000015e-05 -7.037022949750000295e-07 -3.168904683940000002e-07
3.950000000000000000e+02 1.457040531829999990e-05 -4.699195322560000179e-06 -9.329444326750000508e-07
4.050000000000000000e+02 1.777595775780000113e-05 -1.423972279019999982e-05 -5.725368749639999980e-07
4.150000000000000000e+02 1.782278934489999977e-05 -1.900740187050000156e-05 4.082001806989999970e-07
4.250000000000000000e+02 1.751463507320000020e-05 -1.770555979569999935e-05 5.135080603020000160e-07
4.350000000000000000e+02 2.055355677880000033e-05 -1.634395155290000145e-05 -5.477267390219999582e-07
4.450000000000000000e+02 1.465645730349999932e-05 -1.571316923059999933e-05 2.124349957089999994e-07
4.550000000000000000e+02 1.512011573649999994e-05 -2.130538309089999923e-05 -9.301659161840000462e-07
4.650000000000000000e+02 1.203850302060000041e-05 -1.932724296940000085e-05 -1.880819462029999879e-07
4.750000000000000000e+02 8.193808764989999653e-06 -1.911973535629999960e-05 -7.758410285930000515e-07
4.900000000000000000e+02 1.034007099799999952e-05 -1.919848487609999971e-05 -3.086332811709999860e-07
5.100000000000000000e+02 7.154830841870000297e-06 -1.867779348189999844e-05 -3.442672372339999797e-07
5.300000000000000000e+02 4.117703612680000121e-06 -1.604409739440000021e-05 -5.226366142180000485e-07
5.500000000000000000e+02 3.321412523280000168e-06 -1.397647856970000032e-05 -2.644743977010000208e-07
5.700000000000000000e+02 -1.343381140349999952e-07 -1.000246991420000001e-05 -4.214746353780000001e-07
5.900000000000000000e+02 2.566662754069999881e-07 -1.003790335410000002e-05 -6.831103547989999793e-07
6.100000000000000000e+02 -4.139872914520000046e-07 -7.698671750710000690e-06 -1.396054997040000077e-08
6.300000000000000000e+02 -9.180231485750000264e-08 -8.210252703850000143e-06 -6.457370476140000409e-07
6.500000000000000000e+02 -1.054952926649999935e-06 -2.236100383429999960e-06 -7.406358834440000476e-07
6.700000000000000000e+02 5.886572615149999978e-07 2.886798502320000055e-06 1.695691885989999901e-07
6.900000000000000000e+02 1.038275198809999927e-06 3.521226043879999872e-06 -1.972976636890000112e-09
7.100000000000000000e+02 9.896129511450000660e-07 3.597243660879999925e-06 6.434528874190000394e-07
7.300000000000000000e+02 7.461451693809999655e-07 4.928862411949999605e-06 2.139745818939999951e-07
7.500000000000000000e+02 3.179416896439999696e-08 8.734979797449999483e-06 2.600995922289999849e-08
7.700000000000000000e+02 5.420564493869999908e-07 1.576397610609999871e-05 5.647837428199999708e-07
7.900000000000000000e+02 -1.003781201380000071e-06 1.161536198980000046e-05 3.249867524949999902e-07
8.200000000000000000e+02 1.890041632749999916e-07 1.379144070570000027e-05 4.248562890510000049e-07
8.600000000000000000e+02 3.676354335720000045e-07 9.248541742729999738e-06 -3.478648379340000065e-07
9.000000000000000000e+02 6.886302588760000206e-07 5.776912937999999830e-06 -2.973299539600000021e-07
9.400000000000000000e+02 8.528765047699999811e-07 5.203402855949999861e-06 -1.226670304809999928e-07
9.800000000000000000e+02 1.149935092739999981e-06 2.857701552160000174e-06 -1.596149960999999973e-07
1.020000000000000000e+03 1.717675178589999996e-06 1.630629480680000065e-06 -1.301224114060000051e-07
1.060000000000000000e+03 1.366581426929999967e-06 9.203988793189999861e-07 -1.420258265899999869e-07
1.100000000000000000e+03 6.399804778420000103e-07 1.167891286979999985e-06 -3.610536200540000143e-07
1.160000000000000000e+03 1.710967154309999950e-06 7.649218584489999493e-07 -1.441749156659999984e-07
1.240000000000000000e+03 1.486458964620000044e-06 5.804344994229999737e-07 -1.906872188669999909e-07
1.320000000000000000e+03 1.719386885460000058e-06 5.074306041930000095e-07 -2.347963685309999966e-07
1.400000000000000000e+03 7.308689503549999607e-07 3.616746067719999774e-07 -2.351101198840000067e-07
1.480000000000000000e+03 6.617277552819999917e-09 3.604608638020000107e-07 -2.777146772590000058e-07
1.560000000000000000e+03 4.801858356510000289e-07 4.253554661990000239e-07 -3.646908736059999901e-07
1.640000000000000000e+03 1.205525383079999936e-06 5.711365461769999570e-07 -4.247333120399999820e-07
1.720000000000000000e+03 1.487680318200000076e-06 7.761358630269999578e-07 -5.492109819919999801e-07
1.800000000000000000e+03 1.482616656339999942e-06 1.084465123400000046e-06 -7.608309016510000394e-07
1.880000000000000000e+03 2.066770008009999965e-06 1.197274175539999999e-06 -1.053499286770000073e-06
1.960000000000000000e+03 2.628456242000000205e-06 1.274084728050000020e-06 -1.552610343119999903e-06
2.040000000000000000e+03 1.461372101759999902e-06 3.065234315270000184e-06 -2.191000798939999897e-06
2.120000000000000000e+03 -5.396010841460000223e-06 1.638127801909999834e-05 -3.600852338400000104e-06
2.200000000000000000e+03 -1.612910259920000066e-05 3.792126008000000151e-05 -5.865369695129999722e-06
2.280000000000000000e+03 -2.873720032679999851e-05 7.831618151429999659e-05 -8.672684891309999158e-06
2.360000000000000000e+03 -5.996099831340000029e-05 1.591684037809999871e-04 -1.013274815040000025e-05
2.440000000000000000e+03 -1.375124256640000134e-04 2.897343371020000020e-04 -1.156958372619999950e-05
2.520000000000000000e+03 -3.152215438400000208e-04 4.518576002929999944e-04 -7.338883338310000149e-06
2.600000000000000000e+03 -2.370136483020000037e-04 5.131814096469999474e-04 1.196209653249999922e-05
2.680000000000000000e+03 -1.206284070200000069e-03 4.623942349130000001e-04 -6.118167016919999674e-05
2.760000000000000000e+03 -2.912066243810000014e-03 3.380950715520000100e-04 1.608997827230000135e-04
2.840000000000000000e+03 -8.804077254540000619e-03 3.515760886099999951e-03 6.250454547700000493e-04
2.920000000000000000e+03 -8.441992207650000218e-03 6.526336514920000071e-04 4.918012222829999929e-04
