//   z          U       V        T
(10.0 2.1197092764051546 -4.395592404161461 295.34999999999997)
(20.0 2.2976736159204707 -6.229791004094997 295.71999999999997)
(40.0 2.259088535952945 -7.00472119264757 296.14)
(60.0 1.8744833803255476 -7.622913619927967 296.53)
(80.0 1.1717003697185593 -8.166371179636728 296.84999999999997)
(100.0 0.5217468108961734 -8.493990832660446 297.10999999999996)
(120.0 -0.02805873696509167 -8.689954701106325 297.34)
(140.0 -0.6774016935950993 -8.854124854863665 297.54999999999995)
(160.0 -1.2801676555522217 -8.989303130592377 297.76)
(180.0 -1.8549170684510021 -9.1131379156232 297.95)
(200.0 -2.3626292526250072 -9.211844712903089 298.12)
(220.0 -2.873903644308721 -9.327286735338904 298.32)
(240.0 -3.3935084521733825 -9.449111089675462 298.54999999999995)
(260.0 -3.8563538348587225 -9.561623036931044 298.78999999999996)
(280.0 -4.174257137557372 -9.634603123613932 299.03)
(300.0 -4.494069912267164 -9.710475561148124 299.28)
(350.0 -4.834369198334493 -9.601633947104768 299.81)
(400.0 -4.845355723679567 -9.15708075267471 300.23999999999995)
(450.0 -4.627603242282516 -8.581828956115144 300.60999999999996)
(500.0 -4.250610104247387 -7.955671797005581 300.96999999999997)
(550.0 -3.758886377575315 -7.343927641288326 301.33)
(600.0 -3.4424668550451654 -6.92115033443975 301.63)
(650.0 -3.176843428576281 -6.561384444636033 301.90999999999997)
(700.0 -3.0635564747730584 -6.427209482028423 302.03)
(750.0 -2.908248292187824 -6.301245263516301 302.15999999999997)
(800.0 -2.51583564446449 -6.144930513036087 302.22999999999996)
(850.0 -2.125627321980049 -5.994272974102191 302.31)
(900.0 -1.7909796632100032 -5.8416172286420975 302.39)
(950.0 -1.4593134713699594 -5.685710526598954 302.46)
(1000.0 -1.2470106692482072 -5.531172063024358 302.53999999999996)
(1050.0 -1.199944055048153 -5.357259958668666 302.62)
(1100.0 -1.1564439959180128 -5.1927870439972 302.69)
(1150.0 -1.1115924197416385 -5.028604408021467 302.77)
(1200.0 -1.0515311614775305 -4.877948566399785 302.83)
(1250.0 -0.9926548133998132 -4.737112667167014 302.9)
(1300.0 -0.932641721367329 -4.58612902343196 302.96)
(1350.0 -0.8740640340117891 -4.444874808636014 303.03)
(1400.0 -0.8120930037959245 -4.304056801807536 303.09)
(1450.0 -0.6896805836144224 -4.213934111087318 303.15999999999997)
(1500.0 -0.5678136340469269 -4.1210663276621045 303.23999999999995)
(1550.0 -0.44587346352634927 -4.035442584713976 303.31)
(1600.0 -0.3241320797836849 -3.9467123526873733 303.38)
(1650.0 -0.20168040342255725 -3.85472761876573 303.46)
(1700.0 -0.07972764586214741 -3.759154626040977 303.53)
(1750.0 -0.004764747497231983 -3.63999688147961 303.58)
(1800.0 0.04123244977861753 -3.4997571180133704 303.63)
(1850.0 0.08648896380445711 -3.358886669588605 303.66999999999996)
(1900.0 0.13175127656482555 -3.2173034673657286 303.71999999999997)
(1950.0 0.17756553737714031 -3.0748773113631653 303.76)
(2000.0 0.22349757842912957 -2.9415215165686477 303.81)
(2050.0 0.26859428589638606 -2.797133731086844 303.84999999999997)
(2100.0 0.31359346362223844 -2.6515201563581234 303.9)
(2150.0 0.18838270271838686 -2.593166395994772 304.01)
(2200.0 -0.013627466439026388 -2.559963728680243 304.15999999999997)
(2250.0 -0.21456493456495523 -2.5208851399568237 304.29999999999995)
(2300.0 -0.41691715983937166 -2.495411806061571 304.45)
(2350.0 -0.6189971063219443 -2.463420910515509 304.59999999999997)
(2400.0 -0.818864523685288 -2.4255021937424974 304.73999999999995)
(2450.0 -1.019450365586246 -2.3918028664808624 304.89)
(2500.0 -1.2222762625588763 -2.3625496265655683 305.03)
(2550.0 -1.42337289829086 -2.329572834751272 305.17999999999995)
(2600.0 -1.6488133449092628 -2.3000683802115818 305.37)
(2650.0 -1.9493393285717202 -2.2803675541639237 305.65999999999997)
(2700.0 -2.2503495768411392 -2.2609791644353794 305.96)
(2750.0 -2.554102217749172 -2.2442285670779527 306.25)
(2800.0 -2.8480128902836577 -2.218315256400254 306.53999999999996)
(2850.0 -3.1480405203755963 -2.1989635927121087 306.84)
(2900.0 -3.449238925275847 -2.179254651563677 307.13)
(2950.0 -3.7523436993795705 -2.160744492466992 307.42999999999995)
(3000.0 -4.049701966724661 -2.139232100709601 307.72999999999996)
