//   z          U       V        T
(10.0 2.1154888346298817 4.397625153484128 295.34999999999997)
(20.0 3.4387080093894595 5.680218941745184 295.71999999999997)
(40.0 4.068681053225692 6.133142301228814 296.14)
(60.0 4.79181025065558 6.217801421862241 296.53)
(80.0 5.65485688357812 6.007086950115602 296.84999999999997)
(100.0 6.316205558030443 5.703126103174059 297.10999999999996)
(120.0 6.812179907861411 5.395396640000555 297.34)
(140.0 7.345346533949474 4.990018466518582 297.54999999999995)
(160.0 7.826808173860296 4.602985314944386 297.76)
(180.0 8.281934747276457 4.2307867875673955 297.95)
(200.0 8.675622563463588 3.8953399256446786 298.12)
(220.0 9.084616363739693 3.5675405426810505 298.32)
(240.0 9.50379371722102 3.237206354329341 298.54999999999995)
(260.0 9.880305742735523 2.9454470679452815 298.78999999999996)
(280.0 10.135550556164233 2.742373957621189 299.03)
(300.0 10.394247271685183 2.5396109259225343 299.28)
(350.0 10.52128713931724 2.2056783382981444 299.81)
(400.0 10.180539382290062 1.9199525737999488 300.23999999999995)
(450.0 9.595001829161445 1.7316003864600293 300.60999999999996)
(500.0 8.870390344075865 1.6360241880014026 300.96999999999997)
(550.0 8.085525119784455 1.6391410974454164 301.33)
(600.0 7.5576983503084785 1.6229897244728642 301.63)
(650.0 7.110806689881557 1.606402259440548 301.90999999999997)
(700.0 6.935271772096173 1.6113365406289295 302.03)
(750.0 6.739960725598571 1.6542458757357636 302.15999999999997)
(800.0 6.37310713871524 1.8636269472340319 302.22999999999996)
(850.0 6.012051114577948 2.0748111710953516 302.31)
(900.0 5.684069323033965 2.2413067462853467 302.39)
(950.0 5.35540425655489 2.4034444551255523 302.46)
(1000.0 5.10222040272101 2.4731047212072226 302.53999999999996)
(1050.0 4.936896854086803 2.401489007284404 302.62)
(1100.0 4.781177219229538 2.332969009292773 302.69)
(1150.0 4.62484201516717 2.265686724757965 302.77)
(1200.0 4.4696016835946715 2.2187295441327866 302.83)
(1250.0 4.322778254518269 2.1769676530127833 302.9)
(1300.0 4.1673116409324225 2.1297684586238756 302.96)
(1350.0 4.0203473160321765 2.087512265466452 303.03)
(1400.0 3.871608645780849 2.048181264906742 303.09)
(1450.0 3.7248294278178418 2.0877130391081544 303.15999999999997)
(1500.0 3.5762438654487623 2.1251070125619784 303.23999999999995)
(1550.0 3.4332767826147856 2.1670741874606563 303.31)
(1600.0 3.2880046556090985 2.2069493389502384 303.38)
(1650.0 3.1397450310148 2.2453510060161794 303.46)
(1700.0 2.9889907687370365 2.2811256397675197 303.53)
(1750.0 2.8490891310065556 2.2654560520081404 303.58)
(1800.0 2.710760710695568 2.213995566695936 303.63)
(1850.0 2.5724009003879797 2.1615627697763284 303.66999999999996)
(1900.0 2.4334801719211625 2.1086901746976845 303.71999999999997)
(1950.0 2.293556251124323 2.05572364945499 303.76)
(2000.0 2.1606510343073264 2.0085036987635054 303.81)
(2050.0 2.0196406368551854 1.9537532336411323 303.84999999999997)
(2100.0 1.8777325932777265 1.898162350312139 303.9)
(2150.0 1.910162352798287 1.7638820215513602 304.01)
(2200.0 2.0101346986042534 1.58523136906484 304.15999999999997)
(2250.0 2.104843928990121 1.4037564014434374 304.29999999999995)
(2300.0 2.2110730901659483 1.2296567772935676 304.45)
(2350.0 2.312036421383482 1.0517069868534024 304.59999999999997)
(2400.0 2.4069854854418864 0.8717917600391087 304.73999999999995)
(2450.0 2.505681563554025 0.6939451722329774 304.89)
(2500.0 2.6092504987167255 0.5171187822411011 305.03)
(2550.0 2.7088299582654884 0.3393232341048731 305.17999999999995)
(2600.0 2.826300425565014 0.14465788762116985 305.37)
(2650.0 2.998244843749897 -0.10260534550965783 305.65999999999997)
(2700.0 3.1707354479020227 -0.350052452380436 305.96)
(2750.0 3.346998158954815 -0.59799943474311 306.25)
(2800.0 3.509961027810513 -0.8439630224431431 306.53999999999996)
(2850.0 3.681867781893861 -1.0906189236630632 306.84)
(2900.0 3.8542250436658416 -1.3384129828939357 307.13)
(2950.0 4.028708069362167 -1.5869503117162072 307.42999999999995)
(3000.0 4.197261260792271 -1.8328660367447696 307.72999999999996)
