(0 0.005038432392877469)
(300 0.005176236279372306)
(600 0.005307822912431905)
(900 0.005394497926660704)
(1200 0.0055316196438734856)
(1500 0.005626779412960403)
(1800 0.005778368403935279)
(2100 0.005847500609805675)
(2400 0.005948418570615496)
(2700 0.005939730872428653)
(3000 0.005976978372225383)
(3300 0.006022240426050898)
(3600 0.0060386419221074876)
(3900 0.006091977396536304)
(4200 0.006103106187494918)
(4500 0.006179691844865436)
(4800 0.006275290186193999)
(5100 0.006327633384828034)
(5400 0.00641938580372388)
(5700 0.006400769981299292)
(6000 0.006439137003008374)
(6300 0.006503824701195219)
(6600 0.0065603488088462475)
(6900 0.0067067021709082035)
(7200 0.006798386860720383)
(7500 0.006840178063257174)
(7800 0.006765316692414016)
(8100 0.006613907634767054)
(8400 0.00652038702333523)
(8700 0.006385218310431742)
(9000 0.006296151719652004)
(9300 0.006189852833563703)
(9600 0.006070576469631677)
(9900 0.00590343556386698)
(10200 0.005711469225140255)
(10500 0.005561511505000406)
(10800 0.005345700056915196)
(11100 0.005182765265468737)
(11400 0.005072210748841369)
(11700 0.005030350922839255)
(12000 0.005007436051711521)
(12300 0.005018961704203594)
(12600 0.005011530205707781)
(12900 0.005000327099764208)
(13200 0.0049534181640783805)
(13500 0.004827913651516383)
(13800 0.004767456703797057)
(14100 0.004643602244084884)
(14400 0.004509487763232783)
(14700 0.0044078534840230905)
(15000 0.004271270021953004)
(15300 0.00411884332059517)
(15600 0.004058249857712009)
(15900 0.0040003858037238795)
(16200 0.003871382714041792)
(16500 0.0038013850719570697)
(16800 0.003670396780226034)
(17100 0.0035375973656394826)
(17400 0.003407304089763395)
(17700 0.0033046152532726237)
(18000 0.0032332405073583217)
(18300 0.0032403122205057317)
(18600 0.00330616611106594)
(18900 0.0034055671192779902)
(19200 0.0035469768273843397)
(19500 0.0036617372144076748)
(19800 0.0037964968696642)
(20100 0.0038207144483291323)
(20400 0.003863864297910399)
(20700 0.003991477925034555)
(21000 0.004010732823806813)
(21300 0.004030359947963249)
(21600 0.00408636311895276)
(21900 0.0040633365314253185)
(22200 0.004042170908203919)
(22500 0.0040902585576063095)
(22800 0.004052344336937962)
(23100 0.003996316448491747)
(23400 0.004070755589885356)
(23700 0.004062393690543946)
(24000 0.004087057809578014)
(24300 0.0041541770875680945)
(24600 0.004180578095780144)
(24900 0.004295388242946581)
(25200 0.004296876981868444)
(25500 0.004320126839580453)
(25800 0.004381687942109114)
(26100 0.004411885519147898)
(26400 0.004391216359053581)
(26700 0.004479997316855029)
(27000 0.004486820879746321)
(27300 0.004636617367265631)
(27600 0.00473189934140987)
(27900 0.00473879746320839)
(28200 0.0047407081876575325)
(28500 0.004701875762257094)
(28800 0.004652125376046833)
(29100 0.004643813318155948)
(29400 0.0046115066265550045)
(29700 0.004684977965688267)
(30000 0.004693340108951946)
(30300 0.00477435466298073)
(30600 0.0048182985608586065)
(30900 0.004848818603138466)
(31200 0.004788696642003414)
(31500 0.004786364175949263)
(31800 0.004688104480039028)
(32100 0.00458248768192536)
(32400 0.0044853941783884865)
(32700 0.004418696642003415)
(33000 0.004432567200585414)
(33300 0.00446510935848443)
(33600 0.004504401170826896)
(33900 0.004535243515732986)
(34200 0.0045528608829986175)
(34500 0.004576482884787381)
(34800 0.004581247011952191)
(35100 0.004565863078299048)
(35400 0.004582314009269046)
(35700 0.004602970973249857)
(36000 0.004656207252622164)
(36300 0.004675871615578502)
(36600 0.004668415318318562)
(36900 0.0046098688511261076)
(37200 0.004560652085535409)
(37500 0.004621307667290023)
(37800 0.004614347507927473)
(38100 0.0045842990487031466)
(38400 0.004565838116920074)
(38700 0.004499177981949752)
(39000 0.0045534811773314905)
(39300 0.004651517603057159)
(39600 0.004659408081957883)
(39900 0.0046258362468493365)
(40200 0.004570354093828766)
(40500 0.004589007236360679)
(40800 0.004454129604032847)
(41100 0.004357538824294658)
(41400 0.004391426945280104)
(41700 0.004604168062444101)
(42000 0.005997867794129604)
(42300 0.005807253923083177)
(42600 0.005689832506707862)
(42900 0.005546158549475566)
(43200 0.005468927880315473)
