# z, uu, uv, uw, vv, vw, ww, tke
0.000000000000000000e+00 2.288578262648957584e-01 7.773509762202510109e-02 -2.727394665491290546e-02 1.766016319167325876e-01 -1.779336562155936496e-02 3.502118898942903347e-02 2.202403235855286689e-01
3.125000000000000000e+00 3.272611159121642799e-01 1.189034514554901667e-01 -3.667740507712435871e-02 2.267257371958445455e-01 -2.379615108843095850e-02 3.396536018912427179e-02 2.939761066485665486e-01
6.250000000000000000e+00 3.320494957269093939e-01 1.068163656785642984e-01 -5.293100838234891109e-02 2.362690265680554846e-01 -3.230450620929398858e-02 6.494686059016946400e-02 3.166326914425672268e-01
9.375000000000000000e+00 2.904402605385347780e-01 8.592677620299064845e-02 -5.544457952920054528e-02 2.113007170728513906e-01 -3.199130778943590908e-02 8.166095719776383932e-02 2.917009674045749623e-01
1.250000000000000000e+01 2.641267157970242918e-01 7.237344585043747891e-02 -5.602797851849810468e-02 1.935236157413816882e-01 -3.107584089075852637e-02 8.573431675719701828e-02 2.716923241478014783e-01
1.562500000000000000e+01 2.447731065793798400e-01 6.264999353723503528e-02 -5.543321013584229240e-02 1.797801771766514844e-01 -2.935923281218102282e-02 8.563434691913457408e-02 2.550938153375829076e-01
1.875000000000000000e+01 2.313409564542243391e-01 5.564327848913765834e-02 -5.473110730985689121e-02 1.680664171538092388e-01 -2.741708186414620191e-02 8.447241416882537990e-02 2.419398938884294858e-01
2.187500000000000000e+01 2.208612592058442348e-01 5.033317534638577506e-02 -5.356431727139075033e-02 1.585980640902347749e-01 -2.557807102316447465e-02 8.214591005774544985e-02 2.308026166769122367e-01
2.500000000000000000e+01 2.136562381957633205e-01 4.627273256677270907e-02 -5.256674589816564408e-02 1.509416253328452195e-01 -2.374992868601932122e-02 8.025207450513179019e-02 2.224249690168701721e-01
2.812500000000000000e+01 2.080414656804156770e-01 4.328430044589137021e-02 -5.147034047338399504e-02 1.448175265129921230e-01 -2.201094745348475962e-02 7.795251867205968410e-02 2.154057554327337143e-01
3.125000000000000000e+01 2.026804097865997634e-01 4.069190577298838901e-02 -5.021768729558651057e-02 1.384941517368953323e-01 -2.025760297473785596e-02 7.595166256948161776e-02 2.085631120464883637e-01
3.437500000000000000e+01 1.972230892497117416e-01 3.869873574113953663e-02 -4.887780452476485349e-02 1.315007251521384812e-01 -1.879972510330535709e-02 7.328089885607633192e-02 2.010023566289632635e-01
3.750000000000000000e+01 1.922426268568449559e-01 3.668562510877564770e-02 -4.784096673658008031e-02 1.248195504868724048e-01 -1.703848101716159968e-02 7.108084988425318607e-02 1.940715136139852526e-01
4.062500000000000000e+01 1.875079057806743055e-01 3.407212837825392138e-02 -4.649218995428338469e-02 1.203522005729364269e-01 -1.557786336848759542e-02 6.827229570560837402e-02 1.880662010296095532e-01
4.375000000000000000e+01 1.828863345875907376e-01 3.230619384043598163e-02 -4.517074326224817388e-02 1.151690554295433516e-01 -1.422128723424181257e-02 6.605168639062028446e-02 1.820535382038772076e-01
4.687500000000000000e+01 1.785516578109742347e-01 3.014532708700865329e-02 -4.389882590312274568e-02 1.110890905467578488e-01 -1.290551935665280002e-02 6.367017001978651780e-02 1.766554591887593006e-01
5.000000000000000000e+01 1.726438757275047531e-01 2.777847617922387866e-02 -4.269953777806079903e-02 1.058042203921980562e-01 -1.159801313471530045e-02 6.176775327516854930e-02 1.701079246974356585e-01
5.312500000000000000e+01 1.679937812520130025e-01 2.531648261187467719e-02 -4.138703607961172204e-02 1.008075393644464607e-01 -1.011146005167658062e-02 5.960027649023399293e-02 1.642007985533467107e-01
5.625000000000000000e+01 1.637542107045001083e-01 2.286396719521433668e-02 -4.016783870911163484e-02 9.625339770107103898e-02 -9.153797586186755361e-03 5.733125104669790223e-02 1.586694297261345143e-01
5.937500000000000000e+01 1.591024480491911863e-01 2.042192604476333884e-02 -3.876759358390050036e-02 9.219293624804737741e-02 -8.032750953829690538e-03 5.500004013286220045e-02 1.531477122150503856e-01
6.250000000000000000e+01 1.532265257766078637e-01 1.910968843874710082e-02 -3.749055877425792882e-02 8.868539102929631768e-02 -6.913600067465958815e-03 5.312178908080718298e-02 1.475168529433556752e-01
6.562500000000000000e+01 1.491355714816713085e-01 1.822299871439895039e-02 -3.615858537724523508e-02 8.605632115001915494e-02 -5.975504470100313249e-03 5.080113072888728376e-02 1.429965116802888736e-01
6.875000000000000000e+01 1.457773975893636442e-01 1.691343539631048540e-02 -3.483976848988861591e-02 8.225128679429540013e-02 -4.884504222401647028e-03 4.902960500229389812e-02 1.385291446929764747e-01
7.187500000000000000e+01 1.423730338633857062e-01 1.447967914633824932e-02 -3.375225683186311443e-02 7.857279497510427646e-02 -4.029786520587433016e-03 4.764393131879708643e-02 1.342948800786435415e-01
7.500000000000000000e+01 1.375526131136429464e-01 1.279544830862295104e-02 -3.235911609534706385e-02 7.508246587986194820e-02 -3.212486307026962522e-03 4.583382815691437046e-02 1.292344535752096291e-01
7.812500000000000000e+01 1.342557698436283864e-01 1.067321898073004920e-02 -3.113514625153451093e-02 7.309367361499934101e-02 -2.400174759319750016e-03 4.410358528958829849e-02 1.257265143741080060e-01
8.125000000000000000e+01 1.294659749080381006e-01 9.494547742625253708e-03 -2.979669715915041206e-02 7.082025436531329265e-02 -1.516456775975024264e-03 4.258178176372647006e-02 1.214340055185389178e-01
8.437500000000000000e+01 1.265039028982164471e-01 7.656312130555206590e-03 -2.853435022327351772e-02 6.957100933711804491e-02 -8.694148374260049451e-04 4.079620846250299471e-02 1.184355603489187503e-01
8.750000000000000000e+01 1.228572452437296375e-01 6.019843184863333391e-03 -2.748299632172014617e-02 6.738417114283772047e-02 -2.466977325538028689e-04 3.933508680567281840e-02 1.147882515961200917e-01
9.062500000000000000e+01 1.181492699067969582e-01 4.364536962015749637e-03 -2.621054763002853005e-02 6.556026622150944172e-02 4.239943436062679162e-04 3.759253745645488309e-02 1.106510367923806415e-01
9.375000000000000000e+01 1.152561508337894836e-01 3.420481233910105216e-03 -2.514647054393122014e-02 6.294715741181843016e-02 9.771941029046594257e-04 3.620881668425761368e-02 1.072060624649327776e-01
9.687500000000000000e+01 1.106154726015679823e-01 2.139244266093714552e-03 -2.377638151164930894e-02 6.031741804620062430e-02 1.602404718636349194e-03 3.451642441204492984e-02 1.027246575299067821e-01
1.000000000000000000e+02 1.075112112369103756e-01 3.756314900312667806e-04 -2.266458871847764484e-02 5.810373639736284013e-02 2.042580405044104163e-03 3.297730053840500219e-02 9.929612408633910203e-02
1.031250000000000000e+02 1.046939004197205564e-01 -1.103968745118815483e-03 -2.147329258134640304e-02 5.616042320836148183e-02 2.451793355681536161e-03 3.193296390518244460e-02 9.639364376663224487e-02
1.062500000000000000e+02 1.013021852708256704e-01 -1.962278145104278879e-03 -2.031578355949674453e-02 5.383873041145492006e-02 2.866525933901870743e-03 3.058890235265093738e-02 9.286490901746576043e-02
1.093750000000000000e+02 9.764803537516394960e-02 -2.473176051661212307e-03 -1.920129648944066819e-02 5.116340451386937327e-02 3.234981620221442401e-03 2.948714963402178368e-02 8.914929476152755328e-02
1.125000000000000000e+02 9.375617244211958967e-02 -3.467657544467699082e-03 -1.809618869189274712e-02 4.908389802636774907e-02 3.644170094773380511e-03 2.802985497885905619e-02 8.543496272367320787e-02
1.156250000000000000e+02 9.045000470504103995e-02 -4.931448288841118292e-03 -1.710880216178539692e-02 4.803510057173529524e-02 3.972159851643476507e-03 2.695242684125765537e-02 8.271876605901698487e-02
1.187500000000000000e+02 8.685023693303703385e-02 -6.538295540569557390e-03 -1.606927844849868545e-02 4.717198996031231328e-02 4.224376949795158494e-03 2.567671832186859890e-02 7.984947260760898169e-02
1.218750000000000000e+02 8.357774049316264720e-02 -7.553405504000468978e-03 -1.501874002920575851e-02 4.702537505232463888e-02 4.452115064728174622e-03 2.454816783254095899e-02 7.757564168901412427e-02
1.250000000000000000e+02 7.980170021239547939e-02 -7.507148172700883922e-03 -1.395675439151422038e-02 4.610945810627584823e-02 4.643583493582686614e-03 2.340702310923847840e-02 7.465909071395490648e-02
1.281250000000000000e+02 7.703137173398179327e-02 -7.841352059514193271e-03 -1.296680023258005819e-02 4.389713809082618906e-02 4.793354113269511496e-03 2.232915531675933388e-02 7.162883257078365984e-02
1.312500000000000000e+02 7.322019312769265098e-02 -8.496825042583153534e-03 -1.192860889810807255e-02 4.230183233116438513e-02 4.913948762223802752e-03 2.105825824906300964e-02 6.829014185396002634e-02
1.343750000000000000e+02 6.962681258077209334e-02 -8.817160806462418648e-03 -1.105183261667702990e-02 4.131064533674056599e-02 5.012881375253012105e-03 1.996607850292295497e-02 6.545176821021780889e-02
1.375000000000000000e+02 6.628357105501964108e-02 -9.674000489695437285e-03 -1.004786016394699881e-02 4.038426637155662080e-02 5.110666164127372103e-03 1.890882718662612733e-02 6.278833230660119114e-02
1.406250000000000000e+02 6.318684516925733574e-02 -1.033617106603047613e-02 -9.179431999406824708e-03 3.930868261518892515e-02 5.067890460780064520e-03 1.771329358522175101e-02 6.010441068483400595e-02
1.437500000000000000e+02 5.878135967216800706e-02 -1.048669855537174081e-02 -8.404162111584482717e-03 3.781006435668485960e-02 5.123354844233855669e-03 1.701194243585092344e-02 5.680168323235190025e-02
1.468750000000000000e+02 5.478972677064493368e-02 -1.040731079970777691e-02 -7.504951527045332881e-03 3.792682931574127558e-02 5.022167025161930823e-03 1.606386424751841610e-02 5.439021016695231442e-02
1.500000000000000000e+02 5.100948083256565124e-02 -1.013012729014427064e-02 -6.746744931967530758e-03 3.742046685411381385e-02 5.026094750025514833e-03 1.534858611435370966e-02 5.188926690051658824e-02
1.531250000000000000e+02 4.693457783246123005e-02 -1.020509741786439217e-02 -5.993295182360948437e-03 3.696853712248655832e-02 4.842658892522161765e-03 1.447191340502277865e-02 4.918751417998528525e-02
1.562500000000000000e+02 4.361891279634837193e-02 -1.080406706930612561e-02 -5.292288544848965451e-03 3.621957096180956903e-02 4.753312878301132333e-03 1.353180179272083297e-02 4.668514277543938523e-02
1.593750000000000000e+02 3.999321749259107661e-02 -1.045007575173896933e-02 -4.531289441339831844e-03 3.495690829255035381e-02 4.584479098582849160e-03 1.269204465771294962e-02 4.382108522142719176e-02
1.625000000000000000e+02 3.660154523170260077e-02 -1.046469711276046960e-02 -3.908068853817837397e-03 3.509054679893960221e-02 4.364873231246450824e-03 1.196413986734974101e-02 4.182811594899597113e-02
1.656250000000000000e+02 3.298896752868195337e-02 -1.016413393233008000e-02 -3.264035129471540026e-03 3.446192389383881394e-02 4.091618385793502170e-03 1.116022026779738691e-02 3.930555584515907364e-02
1.687500000000000000e+02 2.942239071804009232e-02 -9.811725171582809032e-03 -2.691101108333166653e-03 3.333063047723434924e-02 3.805443811345904891e-03 1.049610537906151171e-02 3.662456328716797577e-02
1.718750000000000000e+02 2.613757254433570279e-02 -8.722119603674232530e-03 -2.112453008127707088e-03 3.228290393119114671e-02 3.499719479515623049e-03 9.835842174608562874e-03 3.412815932506770705e-02
1.750000000000000000e+02 2.188781704571393302e-02 -7.365612964721907942e-03 -1.618690791713876852e-03 3.189880979826277552e-02 3.081115981896464032e-03 9.309150478435255366e-03 3.154788866120598195e-02
1.781250000000000000e+02 1.789548848776222750e-02 -5.640785513643389697e-03 -1.262613529703078812e-03 3.053196521615542808e-02 2.761417866452029433e-03 8.862712092953424492e-03 2.864508289843554004e-02
1.812500000000000000e+02 1.492567376785275922e-02 -3.819518446826325984e-03 -8.948349788308058560e-04 2.890285918282831448e-02 2.340530768804522602e-03 8.490570718426912813e-03 2.615955183455399152e-02
1.843750000000000000e+02 1.240136346226145513e-02 -1.577065700787217643e-03 -6.407167968276808196e-04 2.735949716746117685e-02 1.946412372981667048e-03 8.163976849142738634e-03 2.396241873943268444e-02
1.875000000000000000e+02 1.010222564719208231e-02 1.050819898222935412e-03 -4.645753688857415090e-04 2.461326974527395031e-02 1.554426790875196307e-03 7.872647154838088510e-03 2.129407127365206057e-02
1.906250000000000000e+02 9.094874301419836327e-03 3.863566896145238447e-03 -3.900508275849394013e-04 2.188455880988414773e-02 1.213086698538285964e-03 7.641891209537698439e-03 1.931066216042084255e-02
1.937500000000000000e+02 9.718408587686458086e-03 6.344513977361436984e-03 -3.607328225852438996e-04 1.843236269813554318e-02 9.107912143269881111e-04 7.489047001833767925e-03 1.781990914382788546e-02
1.968750000000000000e+02 1.191347084910628594e-02 7.387962460435403000e-03 -3.857646390686944766e-04 1.354642199210628548e-02 6.880267484902151225e-04 7.221042572681708044e-03 1.634046770694713713e-02
2.000000000000000000e+02 1.448888610706298465e-02 6.606562866651297453e-03 -3.600711001151532032e-04 8.671475630437613241e-03 5.748263662332533204e-04 6.848760319429348167e-03 1.500456102846497303e-02
2.031250000000000000e+02 1.615032496811099824e-02 4.392139424466917977e-03 -3.465762401980624729e-04 5.172489065727803141e-03 4.643680118792709467e-04 6.267561298557755393e-03 1.379518766619827926e-02
2.062500000000000000e+02 1.556078973397792033e-02 1.547075133346838532e-03 -2.840417076237375599e-04 3.252255615690346265e-03 4.015181979826840260e-04 5.609285061861703572e-03 1.221116520576498443e-02
2.093750000000000000e+02 1.414773802030246976e-02 -6.852141371487478327e-04 -2.599231899100140500e-04 2.688789045027787511e-03 3.426959025045645825e-04 4.890561482643801527e-03 1.086354427398703026e-02
2.125000000000000000e+02 1.339650244715308997e-02 -2.095072012932278419e-03 -2.322043588868265491e-04 2.798464143217425839e-03 2.760633009767383267e-04 4.202455217235674667e-03 1.019871090380309459e-02
2.156250000000000000e+02 1.296388475854139480e-02 -3.107958686848154815e-03 -1.873190475108445154e-04 3.178490431371111969e-03 2.240452329716730137e-04 3.570349923597815420e-03 9.856362556755161528e-03
2.187500000000000000e+02 1.267144898178840587e-02 -3.491468702912170485e-03 -1.555996372536660945e-04 3.516691563359785212e-03 1.871397388834149949e-04 3.028526642561467710e-03 9.608333593854830046e-03
2.218750000000000000e+02 1.006071970882631283e-02 -2.926600394016700031e-03 -1.026612740135592506e-04 3.396459457521425803e-03 1.493908286388608746e-04 2.539427433028109381e-03 7.998303299687923792e-03
2.250000000000000000e+02 6.301410535408636174e-03 -1.181823720989151009e-03 -6.323459067455802361e-05 2.562575768949806702e-03 1.358517647253923964e-04 2.196017962493774112e-03 5.530002133426107844e-03
2.281250000000000000e+02 3.325396959204997976e-03 -3.099274054232000462e-04 -5.926571920319836180e-05 2.270924000783010061e-03 8.106240759516105028e-05 2.042647670391344733e-03 3.819484315189676168e-03
2.312500000000000000e+02 2.430653557730593547e-03 -4.906662559625015818e-04 -3.835671494531512526e-05 1.503874444955052934e-03 6.549021649740923150e-05 2.074666188750988547e-03 3.004597095718317297e-03
2.343750000000000000e+02 1.698293765721891084e-03 -2.124769479540620251e-04 -1.086217021177516770e-05 9.862531466498700682e-04 5.533459340615834053e-05 1.978040459785523376e-03 2.331293686078642156e-03
2.375000000000000000e+02 1.210550293674220700e-03 -1.751991833713348410e-04 -6.209760124638843273e-06 8.465020189116188604e-04 5.913169125391723203e-05 1.871309144816278797e-03 1.964180728701058962e-03
2.406250000000000000e+02 1.096865324070437839e-03 -1.689681436503140009e-04 -2.264770005315588847e-07 7.708194825251920646e-04 5.385968069224839007e-05 1.732841632060441468e-03 1.800263219328035631e-03
2.437500000000000000e+02 1.053015873381257100e-03 -1.753484081331131640e-04 -5.563472160627452349e-06 7.305933044517853728e-04 5.682527417471914800e-05 1.637524178585684012e-03 1.710566678209363188e-03
2.468750000000000000e+02 1.039772247729689198e-03 -1.621539570347557018e-04 2.242489777919833944e-06 6.667368572779417985e-04 5.120010626556221111e-05 1.537370788344618027e-03 1.621939946676124403e-03
2.500000000000000000e+02 9.872810329750140047e-04 -1.697029574994315579e-04 -5.383063374414467289e-06 6.210781017191680875e-04 5.459034705931159833e-05 1.488459902856213105e-03 1.548409518775197653e-03
2.531250000000000000e+02 9.515496185885015954e-04 -1.539235077249521250e-04 6.361765011252283725e-06 5.632412677125648139e-04 4.978911993800515251e-05 1.431135645077037839e-03 1.472963265689052233e-03
2.562500000000000000e+02 8.788954579219125001e-04 -1.609709110470015643e-04 -2.564211232388379461e-06 5.265959386549439554e-04 5.325369523963174081e-05 1.419303354135368397e-03 1.412397375356112426e-03
2.593750000000000000e+02 8.210272909471289090e-04 -1.481370145791041540e-04 1.216735782264282374e-05 4.861401000928502721e-04 4.926242710719907868e-05 1.389775158878486967e-03 1.348471274959233074e-03
2.625000000000000000e+02 7.493721219968296245e-04 -1.574202697976143377e-04 2.389817011872401112e-06 4.624341386413731328e-04 5.207437161310767324e-05 1.398482656002052529e-03 1.305144458320127779e-03
2.656250000000000000e+02 6.981178735980793446e-04 -1.477568375853106518e-04 1.863737300229204570e-05 4.360916723052915664e-04 4.930180183041857784e-05 1.382694667630718138e-03 1.258452106767044606e-03
2.687500000000000000e+02 6.604388545222307071e-04 -1.561406140532739734e-04 5.709062677509864845e-06 4.282190485114236930e-04 5.116138412739072358e-05 1.396393273365078517e-03 1.242525588199366350e-03
2.718750000000000000e+02 6.493195762280068060e-04 -1.433003610346325423e-04 2.183416323210275921e-05 4.107191220291391085e-04 4.906202394176638104e-05 1.384407992697253651e-03 1.222223345477199729e-03
2.750000000000000000e+02 6.632456882091838923e-04 -1.462589764374071341e-04 8.823445396509325161e-06 4.147770219791447580e-04 5.141178684526893304e-05 1.397934062556355260e-03 1.237978386372341928e-03
2.781250000000000000e+02 6.909611389852296027e-04 -1.240555330621150693e-04 2.346506009791310619e-05 4.032915437493569673e-04 4.866130802833805273e-05 1.388392944641114258e-03 1.241322813687850387e-03
2.812500000000000000e+02 7.313988884251878750e-04 -1.262330450976136681e-04 1.345496688874050848e-05 4.054976799354893108e-04 4.798758844324422498e-05 1.398335811634738701e-03 1.267616189997707943e-03
2.843750000000000000e+02 7.595419790677897026e-04 -9.496064896429720300e-05 2.373950616418840068e-05 3.865408836822646198e-04 4.588000258737980161e-05 1.385667337119741559e-03 1.265875099934897887e-03
2.875000000000000000e+02 7.871601824225867667e-04 -1.002373460554586716e-04 1.875926539037235498e-05 3.818969732100092212e-04 4.304430528341703191e-05 1.391896826241545990e-03 1.280476990937071124e-03
2.906250000000000000e+02 7.831079764235476023e-04 -6.963624077325835477e-05 2.743575866488071177e-05 3.559871441254160206e-04 4.274659673850193543e-05 1.374363573348422749e-03 1.256729346948693132e-03
2.937500000000000000e+02 7.743167829012885485e-04 -7.812222251347075166e-05 1.857748876951007628e-05 3.472459796650759364e-04 4.009648353600382957e-05 1.385783659478795381e-03 1.253673211022579906e-03
2.968750000000000000e+02 7.390583089643801328e-04 -6.105547830918165396e-05 3.367954296672172820e-05 3.235219898558528914e-04 4.061957419264727149e-05 1.375692666442788733e-03 1.219136482631510716e-03
3.000000000000000000e+02 7.070582214198591108e-04 -7.854539662632785131e-05 2.138339435132232362e-05 3.200556689845945250e-04 4.135501418097919192e-05 1.394122018086679316e-03 1.210617954245566449e-03
3.031250000000000000e+02 6.636671833718941127e-04 -7.358496025118084927e-05 3.733458348568039793e-05 3.050159736306297387e-04 4.048739327875590919e-05 1.382816003464714663e-03 1.175749580233619203e-03
3.062500000000000000e+02 6.290232195540746123e-04 -9.864756539271247202e-05 1.726217791020593763e-05 3.144486064142320300e-04 4.362853875809469251e-05 1.398715444369596486e-03 1.171093635168951510e-03
3.093750000000000000e+02 5.968983027660236269e-04 -1.032761578723482562e-04 3.050551320380844310e-05 3.077221927552378973e-04 4.334134840192648729e-05 1.387211513570459987e-03 1.145916004545860728e-03
3.125000000000000000e+02 5.702535308101980456e-04 -1.293077097284679451e-04 7.877313568037235607e-06 3.255820383176355644e-04 3.983725912973979944e-05 1.397779681879004251e-03 1.146807625503418930e-03
3.156250000000000000e+02 5.516436406776780007e-04 -1.319124607044340003e-04 2.034733160682482424e-05 3.182311355159723413e-04 3.892601307283744249e-05 1.388825546284576818e-03 1.129350161239113526e-03
3.187500000000000000e+02 5.456874685976060256e-04 -1.486821232810216730e-04 -3.020046469031044390e-06 3.400268723565588974e-04 2.635509925508824965e-05 1.395979731397243217e-03 1.140847036175704097e-03
3.218750000000000000e+02 5.477369141567212975e-04 -1.430231516211545313e-04 9.926635487745040064e-07 3.322559121525622459e-04 2.623173925773074499e-05 1.391287889905019632e-03 1.135640358107151615e-03
3.250000000000000000e+02 5.761414529331932962e-04 -1.518678510036457544e-04 -2.237208402163457169e-05 3.553683142527513201e-04 9.188795790392023988e-06 1.401509594544112077e-03 1.166509680865028455e-03
3.281250000000000000e+02 6.049702879910383822e-04 -1.370943770470662161e-04 -1.370871167243162144e-05 3.500371375155161011e-04 1.305807378017716428e-05 1.397089941855316408e-03 1.176048683680935500e-03
3.312500000000000000e+02 6.414067525327146009e-04 -1.311893158538289387e-04 -2.962692233374823974e-05 3.573306145880559529e-04 -3.442158128115618295e-06 1.406849243357723026e-03 1.202793305239246817e-03
3.343750000000000000e+02 6.702820733029691809e-04 -1.087244787349124823e-04 -2.090116011810476130e-05 3.595753190121686767e-04 5.792439261065439038e-06 1.406382188054846509e-03 1.218119790184992238e-03
3.375000000000000000e+02 7.048185833755290499e-04 -1.013587609104262346e-04 -3.148028134409198189e-05 3.562052158860286809e-04 -1.297690585855639146e-05 1.409016678709777313e-03 1.235020238985667495e-03
3.406250000000000000e+02 7.237055529873200489e-04 -7.661447136591810828e-05 -3.569359370820355680e-05 3.612558139247062754e-04 7.777685042970000783e-06 1.405220250578825261e-03 1.245090808745425793e-03
3.437500000000000000e+02 7.441160054413620576e-04 -5.956151758463892030e-05 -3.070791280493659971e-05 3.616952531165264217e-04 -8.246312309161500179e-06 1.403509193811493163e-03 1.254660226184690875e-03
3.468750000000000000e+02 7.484468804200212263e-04 -5.122557619180434350e-05 -2.992386738769463339e-05 3.706029988237893977e-04 1.712760405789643945e-05 1.393704844967242826e-03 1.256377362105526698e-03
3.500000000000000000e+02 7.560003176555210808e-04 -4.718163255529866245e-05 -2.529679832044165699e-05 3.707741127109476014e-04 8.883330010148746133e-06 1.385088806162899054e-03 1.255931618264683868e-03
3.531250000000000000e+02 7.507465153927764690e-04 -4.922196590699226993e-05 -2.850686324555556483e-05 3.773014483376206348e-04 3.244763275703260497e-05 1.361071073543698847e-03 1.244559518637047921e-03
3.562500000000000000e+02 7.559295186837084162e-04 -5.509255594574611128e-05 -2.065135812077312412e-05 3.886210434132518531e-04 2.142255879396659293e-05 1.351632648350580435e-03 1.248091605223770406e-03
3.593750000000000000e+02 7.383363560898166230e-04 -6.033510582119918579e-05 -2.449454864464367952e-05 4.016937308811972568e-04 4.360880302520476283e-05 1.328221813358203577e-03 1.234125950164608864e-03
3.625000000000000000e+02 7.594448269295988674e-04 -7.527439091687383407e-05 -2.139094983240190609e-05 3.997489817751816144e-04 3.214866890377293847e-05 1.306204935148255969e-03 1.232699371926518090e-03
3.656250000000000000e+02 7.526851190935164148e-04 -7.508222764984034123e-05 -2.242340230115995041e-05 4.185919134039511121e-04 5.138478626216042217e-05 1.288431244235482137e-03 1.229854138366474805e-03
3.687500000000000000e+02 7.937047586149474469e-04 -9.468673016692401518e-05 -2.463598376365282245e-05 4.388328192172710621e-04 5.043793238262600677e-05 1.242337337430235705e-03 1.237437457631227053e-03
3.718750000000000000e+02 8.126347119072358655e-04 -9.254126767648187147e-05 -1.099977239422303789e-05 4.658986751551185161e-04 5.493587403593175344e-05 1.206213860925070850e-03 1.242373623993712779e-03
3.750000000000000000e+02 9.231301133286209893e-04 -1.225817579680393507e-04 -3.407966174436202880e-05 5.632609812858605089e-04 6.678473877067317953e-05 1.153349983648785382e-03 1.319870539131633332e-03
3.781250000000000000e+02 9.900259578537627322e-04 -1.036936508658645525e-04 4.596731525057562110e-06 6.425514836736901780e-04 7.096567009395158177e-05 1.149396671081104326e-03 1.390987056304278727e-03
3.812500000000000000e+02 1.150467461209382387e-03 -1.432441076533635721e-04 -2.278755227281935850e-05 8.389913455190869517e-04 9.296691681645881497e-05 1.153154102227138848e-03 1.571306454477804093e-03
3.843750000000000000e+02 1.269771801849486166e-03 -1.417371151359399955e-04 6.706183873711737752e-06 9.909714618484444671e-04 6.963724008976349741e-05 1.316903549335429052e-03 1.788823406516679843e-03
3.875000000000000000e+02 1.378464355019901099e-03 -1.507409168991663030e-04 -2.019583048521199475e-05 1.390229824726067374e-03 8.521517433172902812e-05 1.505739886244277697e-03 2.137217032995122976e-03
3.906250000000000000e+02 1.409991807646632711e-03 -1.545713090729113016e-04 1.620771240982927857e-05 1.482716302122076514e-03 4.337364168898833551e-05 1.630372677247823735e-03 2.261540393508266588e-03
3.937500000000000000e+02 1.411901844758363649e-03 -1.877291770446238119e-04 -4.403198850768668147e-05 9.547833359930679590e-04 3.021777150558784515e-05 1.514852649549430644e-03 1.940768915150430964e-03
3.968750000000000000e+02 1.457114091092641698e-03 -2.126276368045210976e-04 4.206913381682819998e-06 7.855716855652081091e-04 8.814498188893683122e-06 1.444570869167873146e-03 1.843628322912861531e-03
4.000000000000000000e+02 1.541263487838493741e-03 -2.402393952992591209e-04 -3.568534805122953519e-05 8.304515900048585085e-04 2.130428028282412551e-05 1.474532977940732270e-03 1.923124027892042422e-03
