# z, T
5.208333333329999704e+00 2.908440489410140231e+02
1.562500000000000000e+01 2.908441245373383026e+02
2.604166666669999941e+01 2.908442301483003689e+02
3.645833333329999704e+01 2.908443489441071961e+02
4.687500000000000000e+01 2.908444699898436170e+02
5.729166666670000296e+01 2.908445935746058808e+02
6.770833333330000414e+01 2.908447213260049011e+02
7.812500000000000000e+01 2.908448511888987014e+02
8.854166666669999586e+01 2.908449883132471427e+02
9.895833333330000414e+01 2.908451308573085612e+02
1.093750000000000000e+02 2.908452807874405721e+02
1.197916666670000012e+02 2.908454371345394520e+02
1.302083333330000130e+02 2.908456010624432793e+02
1.406250000000000000e+02 2.908457757657267848e+02
1.510416666669999870e+02 2.908459631674509183e+02
1.614583333330000130e+02 2.908461620156321032e+02
1.718750000000000000e+02 2.908463730740102164e+02
1.822916666669999870e+02 2.908466033076863368e+02
1.927083333330000130e+02 2.908468452651490566e+02
2.031250000000000000e+02 2.908470976539236403e+02
2.135416666669999870e+02 2.908473666803369042e+02
2.239583333330000130e+02 2.908476552883801673e+02
2.343750000000000000e+02 2.908479572541612583e+02
2.447916666669999870e+02 2.908482764207766991e+02
2.552083333330000130e+02 2.908486109186713406e+02
2.656250000000000000e+02 2.908489682085263439e+02
2.760416666670000154e+02 2.908493366242813067e+02
2.864583333329999846e+02 2.908497249237591404e+02
2.968750000000000000e+02 2.908501455002415241e+02
3.072916666670000154e+02 2.908505946969672209e+02
3.177083333329999846e+02 2.908510702642357160e+02
3.281250000000000000e+02 2.908515845796814006e+02
3.385416666670000154e+02 2.908521436704295411e+02
3.489583333329999846e+02 2.908527595596851256e+02
3.593750000000000000e+02 2.908534144058704669e+02
3.697916666670000154e+02 2.908541287702012710e+02
3.802083333329999846e+02 2.908549000901771251e+02
3.906250000000000000e+02 2.908557697838991203e+02
4.010416666670000154e+02 2.908567296448471780e+02
4.114583333329999846e+02 2.908577768975854383e+02
4.218750000000000000e+02 2.908589713829142624e+02
4.322916666670000154e+02 2.908603591556241668e+02
4.427083333329999846e+02 2.908620243801236711e+02
4.531250000000000000e+02 2.908639956773113795e+02
4.635416666670000154e+02 2.908664509435520245e+02
4.739583333329999846e+02 2.908695372482945345e+02
4.843750000000000000e+02 2.908736594433980827e+02
4.947916666670000154e+02 2.908793603255207927e+02
5.052083333329999846e+02 2.908875676196662425e+02
5.156250000000000000e+02 2.909002381134361599e+02
5.260416666669999586e+02 2.909208796532748238e+02
5.364583333330000414e+02 2.909548476895527074e+02
5.468750000000000000e+02 2.910095047688089949e+02
5.572916666669999586e+02 2.910953282783164582e+02
5.677083333330000414e+02 2.912144331774006218e+02
5.781250000000000000e+02 2.913520902900960436e+02
5.885416666669999586e+02 2.914922827441920958e+02
5.989583333330000414e+02 2.916199824001725460e+02
6.093750000000000000e+02 2.917256626901642562e+02
6.197916666669999586e+02 2.918221404087965993e+02
6.302083333330000414e+02 2.919086604780408720e+02
6.406250000000000000e+02 2.919827667568177958e+02
6.510416666669999586e+02 2.920264176525585640e+02
6.614583333330000414e+02 2.920533320113119089e+02
6.718750000000000000e+02 2.920665321630051494e+02
6.822916666669999586e+02 2.920759895798776711e+02
6.927083333330000414e+02 2.920867886957473729e+02
7.031250000000000000e+02 2.921062684336421853e+02
7.135416666669999586e+02 2.921373727049738704e+02
7.239583333330000414e+02 2.921738440384539217e+02
7.343750000000000000e+02 2.922076270079720643e+02
7.447916666669999586e+02 2.922386421609543845e+02
7.552083333330000414e+02 2.922694978806803192e+02
7.656250000000000000e+02 2.923002514149141007e+02
7.760416666669999586e+02 2.923317194078258012e+02
7.864583333330000414e+02 2.923629910874971642e+02
7.968750000000000000e+02 2.923939624717767742e+02
8.072916666669999586e+02 2.924251300792037682e+02
8.177083333330000414e+02 2.924560013230176878e+02
8.281250000000000000e+02 2.924871197552168383e+02
8.385416666669999586e+02 2.925179709927292038e+02
8.489583333330000414e+02 2.925491583027790057e+02
8.593750000000000000e+02 2.925803245221142674e+02
8.697916666669999586e+02 2.926115139885868075e+02
8.802083333330000414e+02 2.926431230864018858e+02
8.906250000000000000e+02 2.926743035880019761e+02
9.010416666669999586e+02 2.927057467940919651e+02
9.114583333330000414e+02 2.927367626211024003e+02
9.218750000000000000e+02 2.927680879687694073e+02
9.322916666669999586e+02 2.927990096659407300e+02
9.427083333330000414e+02 2.928302888064960143e+02
9.531250000000000000e+02 2.928613775267319852e+02
9.635416666669999586e+02 2.928928151943559897e+02
9.739583333330000414e+02 2.929240856567695914e+02
9.843750000000000000e+02 2.929556970237879909e+02
9.947916666669999586e+02 2.929870583531675834e+02
1.005208333329999959e+03 2.930185708679241543e+02
1.015625000000000000e+03 2.930497969441199189e+02
1.026041666670000041e+03 2.930809723065179355e+02
1.036458333329999959e+03 2.931119790502261253e+02
1.046875000000000000e+03 2.931430088622234393e+02
1.057291666670000041e+03 2.931740592317439109e+02
1.067708333329999959e+03 2.932050947967787806e+02
1.078125000000000000e+03 2.932362607842570696e+02
1.088541666670000041e+03 2.932674312168725237e+02
1.098958333329999959e+03 2.932984759340277492e+02
1.109375000000000000e+03 2.933297212986167324e+02
1.119791666670000041e+03 2.933608148722054807e+02
1.130208333329999959e+03 2.933921371420547075e+02
1.140625000000000000e+03 2.934234064943357225e+02
1.151041666670000041e+03 2.934549067368471356e+02
1.161458333329999959e+03 2.934862059752752543e+02
1.171875000000000000e+03 2.935175383300884846e+02
1.182291666670000041e+03 2.935485929317765681e+02
1.192708333329999959e+03 2.935796099139813577e+02
1.203125000000000000e+03 2.936106658750424003e+02
1.213541666670000041e+03 2.936417376638901260e+02
1.223958333329999959e+03 2.936730763705629670e+02
1.234375000000000000e+03 2.937044368095971549e+02
1.244791666670000041e+03 2.937357802016729238e+02
1.255208333329999959e+03 2.937670258752746690e+02
1.265625000000000000e+03 2.937981963593576324e+02
1.276041666670000041e+03 2.938294649717148559e+02
1.286458333329999959e+03 2.938607895987718166e+02
1.296875000000000000e+03 2.938921389116294449e+02
1.307291666670000041e+03 2.939235735556143823e+02
1.317708333329999959e+03 2.939549100968200150e+02
1.328125000000000000e+03 2.939862703107079369e+02
1.338541666670000041e+03 2.940176494298474381e+02
1.348958333329999959e+03 2.940488868078577411e+02
1.359375000000000000e+03 2.940801070249600571e+02
1.369791666670000041e+03 2.941111488984750508e+02
1.380208333329999959e+03 2.941422755156486346e+02
1.390625000000000000e+03 2.941733675585521155e+02
1.401041666670000041e+03 2.942045626000942207e+02
1.411458333329999959e+03 2.942358376226342784e+02
1.421875000000000000e+03 2.942669802223149418e+02
1.432291666670000041e+03 2.942982271934549772e+02
1.442708333329999959e+03 2.943294263251275424e+02
1.453125000000000000e+03 2.943607082586127603e+02
1.463541666670000041e+03 2.943919661115049280e+02
1.473958333329999959e+03 2.944232543558910038e+02
1.484375000000000000e+03 2.944544925103186301e+02
1.494791666670000041e+03 2.944857984218064075e+02
1.505208333329999959e+03 2.945169992405056405e+02
1.515625000000000000e+03 2.945482781614323358e+02
1.526041666670000041e+03 2.945794069969066413e+02
1.536458333329999959e+03 2.946106259358203374e+02
1.546875000000000000e+03 2.946417022656386280e+02
1.557291666670000041e+03 2.946728229345636692e+02
1.567708333329999959e+03 2.947040597373786568e+02
1.578125000000000000e+03 2.947352542869141416e+02
1.588541666670000041e+03 2.947666207239193454e+02
1.598958333329999959e+03 2.947978944303305298e+02
1.609375000000000000e+03 2.948292546165549766e+02
1.619791666670000041e+03 2.948605925559275533e+02
1.630208333329999959e+03 2.948919395502121006e+02
1.640625000000000000e+03 2.949232558916242510e+02
1.651041666670000041e+03 2.949545282218427928e+02
1.661458333329999959e+03 2.949857599389304141e+02
1.671875000000000000e+03 2.950169964276766450e+02
1.682291666670000041e+03 2.950481254459107276e+02
1.692708333329999959e+03 2.950792687561785215e+02
1.703125000000000000e+03 2.951103654702158678e+02
1.713541666670000041e+03 2.951414808602501125e+02
1.723958333329999959e+03 2.951726063002859632e+02
1.734375000000000000e+03 2.952037361122317520e+02
1.744791666670000041e+03 2.952348841752277053e+02
1.755208333329999959e+03 2.952660481638499732e+02
1.765625000000000000e+03 2.952972278741860350e+02
1.776041666670000041e+03 2.953284295811382094e+02
1.786458333329999959e+03 2.953596440833448469e+02
1.796875000000000000e+03 2.953908716068806370e+02
1.807291666670000041e+03 2.954221117470814306e+02
1.817708333329999959e+03 2.954533480001999806e+02
1.828125000000000000e+03 2.954845217212963462e+02
1.838541666670000041e+03 2.955156031026205028e+02
1.848958333329999959e+03 2.955465917571424370e+02
1.859375000000000000e+03 2.955775893874754274e+02
1.869791666670000041e+03 2.956085344277287845e+02
1.880208333329999959e+03 2.956394665456224402e+02
1.890625000000000000e+03 2.956702486342465477e+02
1.901041666670000041e+03 2.957008899560821078e+02
1.911458333329999959e+03 2.957312711078757843e+02
1.921875000000000000e+03 2.957615266212447409e+02
1.932291666670000041e+03 2.957916367863091409e+02
1.942708333329999959e+03 2.958215337480595508e+02
1.953125000000000000e+03 2.958511598485677609e+02
1.963541666670000041e+03 2.958805300918381818e+02
1.973958333329999959e+03 2.959094839016917149e+02
1.984375000000000000e+03 2.959369286103989225e+02
1.994791666670000041e+03 2.959587105178515003e+02
