# z, uu, uv, uw, vv, vw, ww, tke
5.208333333329999704e+00 5.579820719452567301e-01 1.060308382248868614e-01 -6.159903050406188157e-02 2.070744903930021308e-01 -1.442840675551661754e-02 4.684442882564458094e-02 4.059504955819532857e-01
1.562500000000000000e+01 7.670564343960255549e-01 1.501432662940688223e-01 -8.936020613782579003e-02 2.848319369473141238e-01 -2.162377282644257007e-02 6.243196480029776507e-02 5.571601680718181182e-01
2.604166666669999941e+01 6.340227751626971164e-01 1.114864227580951994e-01 -9.551419629969637448e-02 2.616962497651755259e-01 -2.110903004544651199e-02 1.026753633488370204e-01 4.991971941383551159e-01
3.645833333329999704e+01 5.690318814165618022e-01 9.131909623063796944e-02 -9.842622480929941187e-02 2.517879970242964394e-01 -2.023714060257922331e-02 1.096345821454855207e-01 4.652272302931712566e-01
4.687500000000000000e+01 5.006547711962899827e-01 7.192822600699790014e-02 -9.871316188264013525e-02 2.360532234798309870e-01 -1.779577449145127582e-02 1.220243551443277730e-01 4.293661749102239411e-01
5.729166666670000296e+01 4.583918087322834678e-01 5.794250992247507864e-02 -9.745946087585184714e-02 2.248179902803335017e-01 -1.581292210502867335e-02 1.243590674068173058e-01 4.037844332097175193e-01
6.770833333330000414e+01 4.209236523941903840e-01 4.675561143649249046e-02 -9.630788683948461604e-02 2.131919902437715009e-01 -1.340496642670455270e-02 1.272409058101369173e-01 3.806782742240504280e-01
7.812500000000000000e+01 3.944007168599494295e-01 3.882001054253222949e-02 -9.411123548518630921e-02 2.034049064584871336e-01 -1.170689673926177642e-02 1.268958451889081462e-01 3.623507342536720910e-01
8.854166666669999586e+01 3.713549434752006495e-01 3.219172623899503594e-02 -9.226772377886395538e-02 1.943518310319917453e-01 -9.706576790597182952e-03 1.265956170237356737e-01 3.461511957654651583e-01
9.895833333330000414e+01 3.522220808481852927e-01 2.703957442589404250e-02 -8.980587338876235004e-02 1.871541952292788136e-01 -7.747591084465091892e-03 1.250962146993507551e-01 3.322362453884076805e-01
1.093750000000000000e+02 3.354406475215198635e-01 2.187509726762432161e-02 -8.764633149530706713e-02 1.792138850159798458e-01 -6.305992136659290502e-03 1.237802321111157317e-01 3.192173823243080188e-01
1.197916666670000012e+02 3.197681999923555618e-01 1.740815075944028567e-02 -8.522618125994760319e-02 1.720289189894610715e-01 -4.276310549250510705e-03 1.219873175414609157e-01 3.068922182616375394e-01
1.302083333330000130e+02 3.073518523777309941e-01 1.419779772818686135e-02 -8.300216531319623559e-02 1.659282175218530220e-01 -2.811176658208951618e-03 1.198468232678875922e-01 2.965634465837364009e-01
1.406250000000000000e+02 2.965276830431745614e-01 1.111575382278437267e-02 -8.074165035701134918e-02 1.606508831389939496e-01 -1.335456622047666254e-03 1.174746236658786858e-01 2.873265949240249584e-01
1.510416666669999870e+02 2.862556637686763938e-01 9.303820949301003229e-03 -7.832622305794004203e-02 1.557265423007314908e-01 -6.122284587307327689e-05 1.152525923797546314e-01 2.786173992245812858e-01
1.614583333330000130e+02 2.761810956367647951e-01 7.396157527482669948e-03 -7.618449383471563585e-02 1.514920235776960333e-01 1.374871971306770640e-03 1.125974564127078109e-01 2.701352878135849234e-01
1.718750000000000000e+02 2.660652810787723643e-01 5.320819497251139639e-03 -7.372691717040294468e-02 1.476971219459986273e-01 2.607843066250851039e-03 1.101987434981144404e-01 2.619805732614430838e-01
1.822916666669999870e+02 2.575797698533971447e-01 2.377777647830618332e-03 -7.164130540087766674e-02 1.446622767922981223e-01 3.852329019602667836e-03 1.075522343754468091e-01 2.548971405105720511e-01
1.927083333330000130e+02 2.484748051241698341e-01 4.055030367273558946e-04 -6.900082238406241020e-02 1.416183983064909502e-01 4.848553580014651997e-03 1.049227045077624348e-01 2.475079539692117692e-01
2.031250000000000000e+02 2.406039549647275011e-01 -1.646900843361838668e-03 -6.669265563429145616e-02 1.379876668473389023e-01 5.888493745471777042e-03 1.022834704598756528e-01 2.404375461359699040e-01
2.135416666669999870e+02 2.328134857121794132e-01 -3.297150320513628219e-03 -6.433265639929428015e-02 1.347620856229082009e-01 6.936964533766814059e-03 9.960927225051055545e-02 2.335924217927988489e-01
2.239583333330000130e+02 2.240857000152402523e-01 -4.455138407735054901e-03 -6.197769452261551321e-02 1.315196704627890067e-01 7.697828280794726322e-03 9.686274839040069640e-02 2.262340594342145683e-01
2.343750000000000000e+02 2.143773664076843721e-01 -5.253398889693242091e-03 -5.969459582655313457e-02 1.280433809746108487e-01 8.456216143689500309e-03 9.402044079889514128e-02 2.182205940905956043e-01
2.447916666669999870e+02 2.059318761963570277e-01 -6.786166899283864115e-03 -5.740512402078369603e-02 1.247163271528980710e-01 9.083030619251858742e-03 9.113667063831443205e-02 2.108924369937852372e-01
2.552083333330000130e+02 1.976163555225883550e-01 -8.212924296273106661e-03 -5.505262522880428194e-02 1.218922104034456805e-01 9.924349192865042357e-03 8.839645726959352579e-02 2.039525115978143288e-01
2.656250000000000000e+02 1.902522905913267559e-01 -9.121996254141409577e-03 -5.264198415832926220e-02 1.188917143692795469e-01 1.022122987747852742e-02 8.580284925466620527e-02 1.974734271076358794e-01
2.760416666670000154e+02 1.832309321855738748e-01 -9.886668700502393436e-03 -5.035371294702415540e-02 1.158664554679031261e-01 1.070769824100537525e-02 8.304851157319777244e-02 1.910729496133372618e-01
2.864583333329999846e+02 1.758622833482214598e-01 -1.056633423124994468e-02 -4.789833652361444316e-02 1.132175864077998861e-01 1.099076422950693264e-02 8.021668558221183021e-02 1.846482776691166783e-01
2.968750000000000000e+02 1.695644497460382094e-01 -1.146500029427486786e-02 -4.575470797409750268e-02 1.109674786016064257e-01 1.125742082822678639e-02 7.725192413978751449e-02 1.788919262437155822e-01
3.072916666670000154e+02 1.622580437151990018e-01 -1.206124720109748479e-02 -4.347076581809802137e-02 1.084815949629161919e-01 1.147460631769493984e-02 7.430183492097482134e-02 1.725207367995451324e-01
3.177083333329999846e+02 1.554241633099503472e-01 -1.256823381413363187e-02 -4.127885087011789328e-02 1.051546278326794676e-01 1.159052571964814919e-02 7.122192762692566848e-02 1.659003593847780123e-01
3.281250000000000000e+02 1.489221502798051544e-01 -1.336011363718259300e-02 -3.898535451653673684e-02 1.019031934711367854e-01 1.163566282726811833e-02 6.819709020912287367e-02 1.595112169800323998e-01
3.385416666670000154e+02 1.423766203302288258e-01 -1.441166441682328360e-02 -3.673248693008273474e-02 9.795530048602062168e-02 1.166453488759973921e-02 6.509409572288134271e-02 1.527130082695646041e-01
3.489583333329999846e+02 1.354805631076761441e-01 -1.541233979916340271e-02 -3.468428826177213237e-02 9.345084186879365484e-02 1.161927084662877328e-02 6.207017455989422700e-02 1.455007897681817874e-01
3.593750000000000000e+02 1.289348089161162225e-01 -1.640367554999864336e-02 -3.245899853631004084e-02 8.905078961317693109e-02 1.161321315778571055e-02 5.883784299448321237e-02 1.384117207618883738e-01
3.697916666670000154e+02 1.231304800480827188e-01 -1.694547820130662755e-02 -3.049163772386558058e-02 8.477238807110748509e-02 1.141908884189575882e-02 5.566257406993307261e-02 1.317827210945617111e-01
3.802083333329999846e+02 1.168824624856104194e-01 -1.716439366584180531e-02 -2.835127522547709403e-02 8.075064568177449387e-02 1.131939430372022951e-02 5.227325898683717748e-02 1.249531835771109795e-01
3.906250000000000000e+02 1.112051106889564434e-01 -1.769650061653235337e-02 -2.636820151539553958e-02 7.720529896704241002e-02 1.115305773325989125e-02 4.907094758769259268e-02 1.187406786218454940e-01
4.010416666670000154e+02 1.056695134327276242e-01 -1.786942498408010740e-02 -2.436891457725673393e-02 7.441097832251163113e-02 1.086195508980946668e-02 4.603213347585972948e-02 1.130563126155492842e-01
4.114583333329999846e+02 1.006148670755938890e-01 -1.770049444924700136e-02 -2.239150001757865202e-02 7.207903222291521528e-02 1.066725838947506569e-02 4.313139283268284385e-02 1.079126460655956965e-01
4.218750000000000000e+02 9.650897638509550736e-02 -1.732322465534221964e-02 -2.050441912482174611e-02 7.006584540809188133e-02 1.040261315547570155e-02 4.032320709351014387e-02 1.034490144433485997e-01
4.322916666670000154e+02 9.151487097696106576e-02 -1.687615687709894882e-02 -1.863582642099242265e-02 6.814173509842247345e-02 1.011564637029440002e-02 3.750741314158948653e-02 9.858200960848682859e-02
4.427083333329999846e+02 8.602567107008216030e-02 -1.692992813290433371e-02 -1.674547000794240903e-02 6.606394713606815461e-02 9.668112291285248933e-03 3.477167126528001029e-02 9.343064473571494055e-02
4.531250000000000000e+02 8.097101587570600112e-02 -1.712342007371826791e-02 -1.491501482171184861e-02 6.426587286426700685e-02 9.218166161758169219e-03 3.212334830227982913e-02 8.868011852112595017e-02
4.635416666670000154e+02 7.612983308563411877e-02 -1.746906524660386817e-02 -1.315089835394025325e-02 6.279725785127908411e-02 8.727060538596934439e-03 2.967492725166916839e-02 8.430100909429120992e-02
4.739583333329999846e+02 7.154015469237950953e-02 -1.795272537097998902e-02 -1.152217493197326206e-02 6.158338284773170329e-02 8.229325456611667755e-03 2.750760701060582167e-02 8.031557227535861265e-02
4.843750000000000000e+02 6.688397326331937953e-02 -1.868588541989312998e-02 -9.791848148950434150e-03 6.089191725151532619e-02 7.660511532811735760e-03 2.566769524011470668e-02 7.672179287747460386e-02
4.947916666670000154e+02 6.121866649577228231e-02 -1.994964324553197971e-02 -8.257555140659874129e-03 6.182837789230038322e-02 7.061276503847129828e-03 2.439122979784752107e-02 7.371913709295990769e-02
5.052083333329999846e+02 5.459264834709906533e-02 -1.984294917817022719e-02 -6.786560988554378622e-03 6.396003443556100287e-02 6.468401554594868652e-03 2.379285897582865406e-02 7.117277087924434031e-02
5.156250000000000000e+02 4.707268275358483800e-02 -1.922958146451999445e-02 -5.453905659285783296e-03 6.849355302468680684e-02 5.792048665600723137e-03 2.433415817488905272e-02 6.995019697658021174e-02
5.260416666669999586e+02 3.917436624055275346e-02 -1.654175077289934959e-02 -4.236956148452953111e-03 7.570426940691084294e-02 5.074174200071076765e-03 2.616815621822654245e-02 7.052339593284562280e-02
5.364583333330000414e+02 3.167903077429137099e-02 -9.427623145580925346e-03 -3.228847823938871958e-03 8.437508064441219535e-02 4.889887375052038784e-03 2.946746526574498329e-02 7.276078834222411695e-02
5.468750000000000000e+02 2.868324118794277761e-02 3.401270580187170951e-03 -2.188791514478517341e-03 9.016244052958477528e-02 4.616269118494499037e-03 3.411090719480817934e-02 7.647829445616805000e-02
5.572916666669999586e+02 3.341879217552121834e-02 1.860078772917772225e-02 -1.057770286057670801e-03 8.687692809920952164e-02 5.249677962983724348e-03 3.940102570106222141e-02 7.984837298789675131e-02
5.677083333330000414e+02 4.361918229906373845e-02 2.742178440412162271e-02 -9.428011698231386802e-04 6.873147828470943521e-02 4.519877623652111126e-03 4.231739888677938516e-02 7.733402973527636615e-02
5.781250000000000000e+02 5.067437103524913972e-02 2.430749121613683811e-02 -9.957727353378917259e-04 4.413514237277078173e-02 2.774649126834498759e-03 4.294574722775892223e-02 6.887763031788950163e-02
5.885416666669999586e+02 4.874047716675522501e-02 1.221030960535690602e-02 -6.691765207665303266e-04 2.386911049838134902e-02 1.562801783062507579e-03 4.055226213073970243e-02 5.658092489793792312e-02
5.989583333330000414e+02 3.985244889357327652e-02 6.679200517351844028e-04 -5.969051278774889849e-04 1.486612236609609339e-02 8.925417813711027538e-04 3.649930143449266889e-02 4.560893634708091532e-02
6.093750000000000000e+02 3.047664967420915874e-02 -5.183404671173123118e-03 -4.727972591026423973e-04 1.276775945015553096e-02 4.955540931116520073e-04 3.345922223912856791e-02 3.835181568174649003e-02
6.197916666669999586e+02 2.311299633090516809e-02 -7.492128944286569753e-03 -3.419224719606228017e-04 1.312718190882371239e-02 3.279377730527527129e-04 2.989029782602680568e-02 3.306523803287806512e-02
6.302083333330000414e+02 1.632190463926624577e-02 -6.291221820106301064e-03 -4.210615315008693301e-04 1.235549851273888729e-02 3.335849528073454970e-04 2.544971745523750412e-02 2.706356030362132639e-02
6.406250000000000000e+02 1.111506811597289500e-02 -4.379363304434153933e-03 -3.730197288510696545e-04 1.041549972229169861e-02 3.028834983349608552e-04 2.170248063923683676e-02 2.161652423875077417e-02
6.510416666669999586e+02 8.231353349888293966e-03 -3.388316300392209528e-03 -3.036288372567563440e-04 9.113784018477975868e-03 2.463369635830467896e-04 1.811898442531182166e-02 1.773206089683906569e-02
6.614583333330000414e+02 6.868314676851095500e-03 -3.043191179705267806e-03 -1.836503031134814363e-04 8.395257106149458734e-03 1.847849804058853394e-04 1.541422040070730866e-02 1.533889609185397872e-02
6.718750000000000000e+02 6.142519089787479465e-03 -2.930793966688978111e-03 -1.833332281111214239e-04 7.833540248272123294e-03 1.111608038317237986e-04 1.376757046562170766e-02 1.387181490184060013e-02
6.822916666669999586e+02 5.767789739357941786e-03 -2.971124637883661157e-03 -2.303495283274201427e-04 7.607266960307847679e-03 1.596015591169829559e-04 1.214747627377765933e-02 1.276126648672177080e-02
6.927083333330000414e+02 5.561734594031585675e-03 -2.983575576401105260e-03 -2.527057855347862396e-04 7.325377833250710721e-03 1.474921918429036947e-04 1.078109291845217622e-02 1.183410267286722460e-02
7.031250000000000000e+02 5.306968274935573021e-03 -2.855371685597964029e-03 -2.655548772359437020e-04 6.807103727174986137e-03 1.627636015862292775e-04 9.692655599308489661e-03 1.090336380070958990e-02
7.135416666669999586e+02 4.868696270478766602e-03 -2.514960830771048421e-03 -2.644772065790505734e-04 6.050750047128672197e-03 1.639491936221310628e-04 8.844073110525691936e-03 9.881759714066535444e-03
7.239583333330000414e+02 4.450749687485415322e-03 -2.176112220387940114e-03 -2.727834006171808885e-04 5.438322727152441333e-03 1.916086793700957013e-04 8.271470076357536130e-03 9.080271245497713306e-03
7.343750000000000000e+02 4.241591367219979536e-03 -1.985679507654364469e-03 -2.307066057316521841e-04 5.113653540179254747e-03 1.594262468973049024e-04 7.830858686794608600e-03 8.593051797096898023e-03
7.447916666669999586e+02 4.079839788214483301e-03 -1.842386908945118067e-03 -2.413702631785997641e-04 4.816406219642595417e-03 1.713285194848614286e-04 7.486219861090097349e-03 8.191232934473593671e-03
7.552083333330000414e+02 3.962084606285522920e-03 -1.776168906893098873e-03 -2.501145802151149514e-04 4.555473818999886994e-03 1.805523469957052019e-04 7.154528731771479626e-03 7.836043578528458647e-03
7.656250000000000000e+02 3.811988482125728325e-03 -1.698949313400568897e-03 -2.497876405591969518e-04 4.300664080857791866e-03 1.848948900596744909e-04 6.825683412657809757e-03 7.469167987820644374e-03
7.760416666669999586e+02 3.656257373120377907e-03 -1.653185581079900067e-03 -2.489422838256344253e-04 4.146126632519536725e-03 1.878043919731488644e-04 6.570027318217657071e-03 7.186205661928803633e-03
7.864583333330000414e+02 3.536474017978141066e-03 -1.610707567186082240e-03 -2.619399380497502224e-04 3.998020215660254111e-03 1.974557254949491363e-04 6.345515164023741127e-03 6.940004698831081162e-03
7.968750000000000000e+02 3.486959240590522743e-03 -1.571561015080345141e-03 -2.443628284022775774e-04 3.871420400361506951e-03 1.956303459216452193e-04 6.136382213129959115e-03 6.747380927040978575e-03
8.072916666669999586e+02 3.509610489992798319e-03 -1.556224491426421840e-03 -2.508690939963509857e-04 3.783257126202727461e-03 1.942834120873746504e-04 5.973661410488145113e-03 6.633264513341861901e-03
8.177083333330000414e+02 3.589975318812843770e-03 -1.566916686541681807e-03 -2.247859453995449145e-04 3.661377131732694579e-03 1.897136922513702586e-04 5.822993024320120836e-03 6.537172737432836098e-03
8.281250000000000000e+02 3.694018982092922478e-03 -1.575809235158071898e-03 -2.344892569241620371e-04 3.583132474489940118e-03 1.878858788871609056e-04 5.685566498309283998e-03 6.481358977446074164e-03
8.385416666669999586e+02 3.778691745800183584e-03 -1.611825303284899038e-03 -2.170603687310908390e-04 3.530288328930562824e-03 1.832986297327912281e-04 5.559870592851057051e-03 6.434425333790910403e-03
8.489583333330000414e+02 3.868190493469009228e-03 -1.643447868350612472e-03 -2.020180768303376541e-04 3.501821633412141328e-03 1.754046827329850452e-04 5.463872088223363337e-03 6.416942107552319613e-03
8.593750000000000000e+02 3.885807296209306452e-03 -1.666657838637473476e-03 -2.064009904640057367e-04 3.515498251434503573e-03 1.713243106998782483e-04 5.367707197142677390e-03 6.384506372393261922e-03
8.697916666669999586e+02 3.942467219792540785e-03 -1.706438329608926533e-03 -1.814344772132303965e-04 3.527645079252465527e-03 1.758523586191096920e-04 5.292642824863754737e-03 6.381377561954404594e-03
8.802083333330000414e+02 3.942064283280235538e-03 -1.718635055278123916e-03 -1.772204746267194513e-04 3.524072415957676344e-03 1.640520063898804129e-04 5.230646297431269971e-03 6.348391498334594180e-03
8.906250000000000000e+02 3.981353164763831894e-03 -1.743058201512456482e-03 -1.706803954194974779e-04 3.501521128034375697e-03 1.677712044966159471e-04 5.173149720390174747e-03 6.328012006594180977e-03
9.010416666669999586e+02 4.000021715846794473e-03 -1.779496489732466154e-03 -1.502878675970929431e-04 3.462679206444965047e-03 1.598211964014296385e-04 5.143109568725941216e-03 6.302905245508848633e-03
9.114583333330000414e+02 4.003904373476567351e-03 -1.833454017115166042e-03 -1.588065508692488681e-04 3.433855123782880627e-03 1.548622542410576456e-04 5.103990811093566532e-03 6.270875154176509640e-03
9.218750000000000000e+02 4.061789402565816297e-03 -1.926478990349248703e-03 -1.408251614228664959e-04 3.422651096598919480e-03 1.534509449017136388e-04 5.094037273477239162e-03 6.289238886320981832e-03
9.322916666669999586e+02 4.129489600073564699e-03 -2.018019735290949458e-03 -1.520618245514281596e-04 3.432808675054043780e-03 1.470556025387583833e-04 5.079780037429997355e-03 6.321039156278811591e-03
9.427083333330000414e+02 4.252847936653347469e-03 -2.114083844904934752e-03 -1.439392701938762707e-04 3.491245353293425790e-03 1.455564130324470302e-04 5.074822831195652771e-03 6.409458060571208461e-03
9.531250000000000000e+02 4.376633134347168372e-03 -2.162642176984409543e-03 -1.467030583293956294e-04 3.534915084005051632e-03 1.362059241426970475e-04 5.076255027905124395e-03 6.493901623128644010e-03
9.635416666669999586e+02 4.459313861173650091e-03 -2.160139863878533534e-03 -1.461803145852116805e-04 3.554893014323450354e-03 1.406031851398487596e-04 5.085550254353371144e-03 6.549878564925249239e-03
9.739583333330000414e+02 4.515884439566407102e-03 -2.138405490584948873e-03 -1.280125585671570390e-04 3.522682033507960799e-03 1.342495839486736176e-04 5.098409853565501193e-03 6.568488163319936499e-03
9.843750000000000000e+02 4.457016043980250274e-03 -2.066416857964800940e-03 -1.477892836365074329e-04 3.457653888514484412e-03 1.407458142093125834e-04 5.112031507582139034e-03 6.513350720038440546e-03
9.947916666669999586e+02 4.342268285868700062e-03 -1.981937597895335693e-03 -1.180250312587225619e-04 3.370758147258717113e-03 1.370028913728869608e-04 5.139747000040704485e-03 6.426386716584086417e-03
1.005208333329999959e+03 4.127477186390554956e-03 -1.877023721712399928e-03 -1.438689676020828612e-04 3.283767940275531851e-03 1.440020922346235926e-04 5.170081049131637976e-03 6.290663087898831600e-03
1.015625000000000000e+03 3.833244788658856511e-03 -1.742280742541190558e-03 -1.385799152024683374e-04 3.150352549918438837e-03 1.384057650980739264e-04 5.217711088103127968e-03 6.100654213340207105e-03
1.026041666670000041e+03 3.575960436322025808e-03 -1.615595055240620290e-03 -1.382130298765333893e-04 3.010249230135906857e-03 1.388481421254520690e-04 5.250670173047364449e-03 5.918439919752646605e-03
1.036458333329999959e+03 3.357526226919703947e-03 -1.498265864668222582e-03 -1.677508278054198453e-04 2.871205040825901191e-03 1.443521637293149803e-04 5.302727730266704881e-03 5.765729499006142650e-03
1.046875000000000000e+03 3.200350443600911889e-03 -1.403852549293987170e-03 -1.700004576524494508e-04 2.741753118912306636e-03 1.508185672070586568e-04 5.350253306622374319e-03 5.646178434567799241e-03
1.057291666670000041e+03 3.107489736152734862e-03 -1.355556491630985870e-03 -1.873896078400179202e-04 2.662582460723701520e-03 1.530474983142512046e-04 5.385954265411852307e-03 5.578013231144128732e-03
1.067708333329999959e+03 3.061468274539582389e-03 -1.329416263620049332e-03 -2.079033526594563027e-04 2.613628174202590939e-03 1.666224669334852358e-04 5.443328147543483389e-03 5.559212298142847224e-03
1.078125000000000000e+03 3.086830127429614646e-03 -1.316356622186826012e-03 -2.010924804486466789e-04 2.588275866769739440e-03 1.685739213561973779e-04 5.475102118929650770e-03 5.575104056564483997e-03
1.088541666670000041e+03 3.167691005308504761e-03 -1.310816300977441992e-03 -2.217513279963341793e-04 2.552876214693507260e-03 1.803445506018991774e-04 5.517918878954424997e-03 5.619243049478210052e-03
1.098958333329999959e+03 3.325074023202076456e-03 -1.304557002176714780e-03 -2.207978731228734065e-04 2.508546829603712936e-03 1.790636401561652221e-04 5.558838517618642366e-03 5.696229685212194846e-03
1.109375000000000000e+03 3.499263293976759889e-03 -1.292352896251841273e-03 -2.248312778905656097e-04 2.492338590141513106e-03 1.762775057871836400e-04 5.584645984206854097e-03 5.788123934162579809e-03
1.119791666670000041e+03 3.649092328183981774e-03 -1.281651778775212691e-03 -2.430868579011783164e-04 2.486442733756932984e-03 1.897325301752644138e-04 5.637478309445160922e-03 5.886506685693048899e-03
1.130208333329999959e+03 3.767055202630047346e-03 -1.283093469118902269e-03 -2.394686609243598695e-04 2.513171658127715327e-03 1.775029576824981459e-04 5.665951595370724743e-03 5.973089228064255851e-03
1.140625000000000000e+03 3.826023429299016052e-03 -1.290191845479313291e-03 -2.654726749302857547e-04 2.544703554847834500e-03 1.874622749477873585e-04 5.707269762846710337e-03 6.038998373496792804e-03
1.151041666670000041e+03 3.856811563385709966e-03 -1.306754794953540310e-03 -2.693999526009661807e-04 2.568537851960278010e-03 1.885912919938095812e-04 5.751667865972094618e-03 6.088508640659024383e-03
1.161458333329999959e+03 3.834824387089637385e-03 -1.322127757625852227e-03 -2.878366950485219651e-04 2.582738512836439768e-03 1.881141401052142904e-04 5.773647216693634197e-03 6.095605058309833124e-03
1.171875000000000000e+03 3.768399100131710183e-03 -1.351704662028047413e-03 -2.939317935068080467e-04 2.590369053629317485e-03 1.956766206962502177e-04 5.809567448938477395e-03 6.084167801349727595e-03
1.182291666670000041e+03 3.682097893103637980e-03 -1.405281218316172843e-03 -2.914487204447254484e-04 2.628416201801657155e-03 1.836692257980166159e-04 5.826994208971279787e-03 6.068754151938287461e-03
1.192708333329999959e+03 3.608978043158608297e-03 -1.484851504112440516e-03 -2.961939092503783734e-04 2.702129722021652265e-03 1.845026553554561446e-04 5.842046278132903038e-03 6.076577021656596328e-03
1.203125000000000000e+03 3.550151160870949462e-03 -1.573772708435710677e-03 -2.830621685197766868e-04 2.832316177359403726e-03 1.701676482289459023e-04 5.845576686875098363e-03 6.114022012552737702e-03
1.213541666670000041e+03 3.539622305052211437e-03 -1.670504866086758690e-03 -2.718362183203940617e-04 2.961567329918933771e-03 1.560171661099825336e-04 5.852082705617130468e-03 6.176636170294146945e-03
1.223958333329999959e+03 3.566456062780258389e-03 -1.751740196220132701e-03 -2.660396007403837402e-04 3.088417165054688218e-03 1.535572099735626735e-04 5.832531024862763064e-03 6.243702126348851800e-03
1.234375000000000000e+03 3.636870841409998480e-03 -1.823945765585096397e-03 -2.425956569719616047e-04 3.179809187505907089e-03 1.364432939602288610e-04 5.824449163425209769e-03 6.320564596170541623e-03
1.244791666670000041e+03 3.776294594087227247e-03 -1.882682539281029877e-03 -2.421291253859093092e-04 3.206640764090775645e-03 1.357726722656751352e-04 5.793869206779945699e-03 6.388402282478958250e-03
1.255208333329999959e+03 3.949687352412222137e-03 -1.917495704096698443e-03 -2.229402964315951483e-04 3.204048647361801890e-03 1.260822241688943474e-04 5.781221637347754017e-03 6.467478818560948653e-03
1.265625000000000000e+03 4.120220662942939219e-03 -1.923222115806062478e-03 -2.194551630631756927e-04 3.166350874230497523e-03 1.185511857870382709e-04 5.753766067121105117e-03 6.520168802147288493e-03
1.276041666670000041e+03 4.252391332118610721e-03 -1.909964697253675476e-03 -2.188914583481459792e-04 3.111895464312331577e-03 1.156318187649835514e-04 5.738318886689949827e-03 6.551302841560474252e-03
1.286458333329999959e+03 4.316428704163108657e-03 -1.880071236412766836e-03 -2.170682582872684747e-04 3.027178824675592298e-03 1.096754250340753955e-04 5.729276787287184390e-03 6.536442158062893450e-03
1.296875000000000000e+03 4.293082940705491950e-03 -1.849295140805257360e-03 -2.265472652454226426e-04 2.925440110208951845e-03 1.020419441559991319e-04 5.713493226304044992e-03 6.466008138609255669e-03
1.307291666670000041e+03 4.214608255475957993e-03 -1.805591600041052272e-03 -2.337971272778233427e-04 2.850329445467469306e-03 1.029643511704170851e-04 5.715669959699395952e-03 6.390303830321431358e-03
1.317708333329999959e+03 4.071050363419349838e-03 -1.740408542487360518e-03 -2.356273960517105235e-04 2.790751214561129016e-03 9.447683864708909254e-05 5.709825879118674528e-03 6.285813728549610735e-03
1.328125000000000000e+03 3.930225873523889371e-03 -1.658758699366729870e-03 -2.528093575748433224e-04 2.744113725159428880e-03 1.027318964940291752e-04 5.729415458868852493e-03 6.201877528776083420e-03
1.338541666670000041e+03 3.792282382222543664e-03 -1.555320346486275445e-03 -2.513534227059344953e-04 2.689741388951413011e-03 9.908054764091290363e-05 5.744462402918672043e-03 6.113243087046329322e-03
1.348958333329999959e+03 3.681005993179643776e-03 -1.446424514569047068e-03 -2.599529762053456525e-04 2.608277809163594627e-03 1.033492759915283942e-04 5.774451107148172169e-03 6.031867454745739113e-03
1.359375000000000000e+03 3.580613547505875124e-03 -1.329160043830523216e-03 -2.742129322489585542e-04 2.499987438591342020e-03 1.123065870689141441e-04 5.811106004872206715e-03 5.945853495484733180e-03
1.369791666670000041e+03 3.501923135853000826e-03 -1.231980196387289167e-03 -2.769171213758669361e-04 2.379821315095485140e-03 1.154296758969829904e-04 5.845227465360265662e-03 5.863485958154382970e-03
1.380208333329999959e+03 3.433760803659246033e-03 -1.151489414769320783e-03 -2.906210441872699129e-04 2.265499725824123706e-03 1.276133201297821661e-04 5.882036208716709055e-03 5.790648369100051540e-03
1.390625000000000000e+03 3.409338019308126751e-03 -1.087890636166235787e-03 -3.021801096960282859e-04 2.156737984244421358e-03 1.382241921593605231e-04 5.911702758116254251e-03 5.738889380834419178e-03
1.401041666670000041e+03 3.414540000582419726e-03 -1.044670533192119943e-03 -3.042183463441502250e-04 2.080032026365757122e-03 1.456237330384760006e-04 5.939754644574235347e-03 5.717163335761208699e-03
1.411458333329999959e+03 3.442427626733740500e-03 -9.937017987201621043e-04 -3.192733005942894947e-04 2.016448083707413075e-03 1.567033956627423771e-04 5.963366340227795048e-03 5.711121025334472794e-03
1.421875000000000000e+03 3.490746482399894202e-03 -9.595531509643424059e-04 -3.165368972928846538e-04 1.972429885954089974e-03 1.574458078328177103e-04 5.975986167651754430e-03 5.719581268002886000e-03
1.432291666670000041e+03 3.535453622256824226e-03 -9.316883791311724892e-04 -3.186511512439383622e-04 1.934730234841013346e-03 1.599893916914176114e-04 5.990510405163989270e-03 5.730347131130898893e-03
1.442708333329999959e+03 3.587989507745923193e-03 -9.388301611528956968e-04 -3.231417915690165937e-04 1.922394147832833444e-03 1.596709095901721923e-04 5.992333462963808643e-03 5.751358559271287953e-03
1.453125000000000000e+03 3.637200607198630507e-03 -9.781109449359046137e-04 -3.083658486772941913e-04 1.929130722179308146e-03 1.518948165993733190e-04 5.991173189643502969e-03 5.778752259510741736e-03
1.463541666670000041e+03 3.656428272027245976e-03 -1.030624132023508612e-03 -3.170376773046090389e-04 1.962276549471652417e-03 1.521880240000965476e-04 5.982667387746735434e-03 5.800686104622835779e-03
1.473958333329999959e+03 3.685790492426668438e-03 -1.091747574812083682e-03 -2.998866966651753856e-04 2.022230000861003837e-03 1.433015282125669229e-04 5.967128322214187985e-03 5.837574407750946610e-03
1.484375000000000000e+03 3.675450353541916907e-03 -1.142421140001678020e-03 -3.013525999467567816e-04 2.084007362809800566e-03 1.453749328044011662e-04 5.951375053247481145e-03 5.855416384799592804e-03
1.494791666670000041e+03 3.663525426156655045e-03 -1.189546738983573862e-03 -2.962797856829820398e-04 2.134779074285694626e-03 1.385623087650636801e-04 5.929475713769223437e-03 5.863890107105768773e-03
1.505208333329999959e+03 3.632059030957568522e-03 -1.239468869423052079e-03 -2.891559765204006530e-04 2.173931849571593238e-03 1.428748515574029625e-04 5.907047331689179066e-03 5.856519106109158053e-03
1.515625000000000000e+03 3.584583890387330832e-03 -1.285549783472326492e-03 -2.901397940361009442e-04 2.208474378688069385e-03 1.460765774119618062e-04 5.882428952695638834e-03 5.837743610885526464e-03
1.526041666670000041e+03 3.546350365974051608e-03 -1.318139126386495743e-03 -2.793231101336370687e-04 2.237558180590188371e-03 1.487532457186064086e-04 5.854046145389787785e-03 5.818977345976994800e-03
1.536458333329999959e+03 3.518950987033633935e-03 -1.357776285368286501e-03 -2.694628838070248960e-04 2.274518673135106795e-03 1.551015974225947299e-04 5.829098823916412098e-03 5.811284242042581184e-03
1.546875000000000000e+03 3.530053301210230379e-03 -1.389032248530927072e-03 -2.666263106638915893e-04 2.318669525334021708e-03 1.618886111490361963e-04 5.799505247023497082e-03 5.824114036783862441e-03
1.557291666670000041e+03 3.585318827734831296e-03 -1.425545191449936050e-03 -2.520972376908814177e-04 2.369879776427863925e-03 1.626634263288480493e-04 5.774667825829194780e-03 5.864933214995943049e-03
1.567708333329999959e+03 3.672842924823348058e-03 -1.461441908278969352e-03 -2.538716965267966033e-04 2.438347215446575508e-03 1.734919215499775328e-04 5.745889645937177562e-03 5.928539893103560755e-03
1.578125000000000000e+03 3.765477533112629709e-03 -1.498774268174000611e-03 -2.522469977440693002e-04 2.512974914525905809e-03 1.728208298935280187e-04 5.711291024301658192e-03 5.994871735970110950e-03
1.588541666670000041e+03 3.856496452212572566e-03 -1.543304734750539824e-03 -2.463908338151572504e-04 2.601705200217844204e-03 1.806529728643958724e-04 5.674860533050224073e-03 6.066531092740331046e-03
1.598958333329999959e+03 3.916222836110072256e-03 -1.578989393247786375e-03 -2.585001012028278512e-04 2.680662394223640166e-03 1.895117396206997369e-04 5.630370790659961974e-03 6.113628010496825922e-03
1.609375000000000000e+03 3.952580656908154418e-03 -1.593144588106961248e-03 -2.518478047380753068e-04 2.726809797846664780e-03 1.912403530182235319e-04 5.582514385512903077e-03 6.130952420133897567e-03
1.619791666670000041e+03 3.935938878142562075e-03 -1.571406074552456891e-03 -2.630860358484828142e-04 2.731350572362232706e-03 2.065455606582873561e-04 5.534803460835675641e-03 6.101046455670225237e-03
1.630208333329999959e+03 3.864638234347870637e-03 -1.525832547394754494e-03 -2.650168623639549020e-04 2.698224915528709203e-03 2.111826521758324070e-04 5.486529832721195356e-03 6.024696491298885646e-03
1.640625000000000000e+03 3.735410568314460368e-03 -1.457015224283191718e-03 -2.620067894985935743e-04 2.636892871602718007e-03 2.178473125643675258e-04 5.436873261094314624e-03 5.904588350505733489e-03
1.651041666670000041e+03 3.565882702296264365e-03 -1.362289265884811165e-03 -2.634464642041475855e-04 2.557937878720214792e-03 2.220313851512168573e-04 5.385922496317785933e-03 5.754871538667124739e-03
1.661458333329999959e+03 3.393240993558393603e-03 -1.260082174685466655e-03 -2.524877589127487486e-04 2.469878624651465973e-03 2.168261228561409377e-04 5.329629152548831864e-03 5.596374385379337263e-03
1.671875000000000000e+03 3.238062798828930406e-03 -1.153492251895760863e-03 -2.429939777001295382e-04 2.380938764657746821e-03 2.127352478458121264e-04 5.264632310649381211e-03 5.441816937068048518e-03
1.682291666670000041e+03 3.113148118283441245e-03 -1.060406033208782794e-03 -2.329127482798684016e-04 2.305081838860511927e-03 2.028409070301467670e-04 5.201205529833011210e-03 5.309717743488481106e-03
1.692708333329999959e+03 2.994176215684426351e-03 -9.827986013533735691e-04 -2.211720842172250746e-04 2.239256478713293197e-03 1.931952591642536251e-04 5.120411123585172537e-03 5.176921908991457752e-03
1.703125000000000000e+03 2.883123988365323635e-03 -9.196534073462651025e-04 -2.125414825023432116e-04 2.186357619807417080e-03 1.836666456503235152e-04 5.044690523780406312e-03 5.057086065976571128e-03
1.713541666670000041e+03 2.788741693403684694e-03 -8.723093731134893636e-04 -2.082107724364825208e-04 2.144890209206764750e-03 1.751691550934620831e-04 4.952544381389359894e-03 4.943088141999920498e-03
1.723958333329999959e+03 2.724977134198944880e-03 -8.388478132825527263e-04 -2.014532015625875678e-04 2.127538917427793021e-03 1.676618351921704885e-04 4.855759920403161962e-03 4.854137986014950799e-03
1.734375000000000000e+03 2.697121376593134522e-03 -8.229376473595764654e-04 -2.065821268782743478e-04 2.144069045289942119e-03 1.656515405528276817e-04 4.749997615549650040e-03 4.795594018716358570e-03
1.744791666670000041e+03 2.712653207181978370e-03 -8.306287926692215240e-04 -2.049127484070172869e-04 2.199155102012122654e-03 1.641935644540394221e-04 4.631332190374117669e-03 4.771570249784105010e-03
1.755208333329999959e+03 2.757698032373205946e-03 -8.548939665090417609e-04 -2.112129689521562864e-04 2.275122807530494378e-03 1.652133884354021077e-04 4.507500193662554097e-03 4.770160516783142172e-03
1.765625000000000000e+03 2.823831759826968876e-03 -9.012585774146798139e-04 -2.089290516034260185e-04 2.365881325902841840e-03 1.647479869480851337e-04 4.373144960403840473e-03 4.781429023066809982e-03
1.776041666670000041e+03 2.899192190127493698e-03 -9.584816866355916603e-04 -2.068310159130916847e-04 2.439882942536332391e-03 1.622873439272883413e-04 4.233151270877528842e-03 4.786113201770681586e-03
1.786458333329999959e+03 2.956228950371376195e-03 -1.010546612571825266e-03 -1.975565054664466024e-04 2.480817920481219203e-03 1.588188814205080833e-04 4.088865700772111901e-03 4.762956285812352565e-03
1.796875000000000000e+03 2.987521845885697785e-03 -1.053275248058560239e-03 -1.837250165287250645e-04 2.501975963422902686e-03 1.486017218779091427e-04 3.939855192096351766e-03 4.714676500702463975e-03
1.807291666670000041e+03 2.972542487680159603e-03 -1.075819575346429781e-03 -1.689699524664825439e-04 2.506578189023330600e-03 1.408595039407516103e-04 3.795309832404874812e-03 4.637215254554175568e-03
1.817708333329999959e+03 2.927214154111391648e-03 -1.096517672425109061e-03 -1.468090083032583325e-04 2.523521374936298946e-03 1.251125775941743434e-04 3.642033198375191957e-03 4.546384363711437372e-03
1.828125000000000000e+03 2.879248224434670985e-03 -1.123956013374503285e-03 -1.276078639384195155e-04 2.554897151865388738e-03 1.142483561910169563e-04 3.492894290217227714e-03 4.463519833258635695e-03
1.838541666670000041e+03 2.856657311196766566e-03 -1.160581719182413865e-03 -1.034258182977048854e-04 2.595168387683917648e-03 9.894979040661611158e-05 3.328910486861182474e-03 4.390368092870943102e-03
1.848958333329999959e+03 2.869252709670416270e-03 -1.213899659346451623e-03 -8.314853727047742682e-05 2.658536250297525733e-03 8.753261787518462525e-05 3.161584761754166091e-03 4.344686860861038218e-03
1.859375000000000000e+03 2.893865800373960056e-03 -1.271257665873671986e-03 -6.777422124167647370e-05 2.725667567459529646e-03 7.550967785949351020e-05 2.978117496282244644e-03 4.298825432057867824e-03
1.869791666670000041e+03 2.922724659833400400e-03 -1.341629819257235618e-03 -5.403497243734553020e-05 2.815227522400068523e-03 6.672283855421136855e-05 2.780416583070253501e-03 4.259184382651866850e-03
1.880208333329999959e+03 2.942849488235852341e-03 -1.418728263384542001e-03 -4.681304114704095488e-05 2.922353283917794153e-03 5.900883522075455237e-05 2.572570072459451785e-03 4.218886422306533310e-03
1.890625000000000000e+03 2.972095940695624380e-03 -1.509091629593808893e-03 -4.253165153046083830e-05 3.042214553094861260e-03 5.368647515581798546e-05 2.345115288062631521e-03 4.179712890926561182e-03
1.901041666670000041e+03 3.024104537312569986e-03 -1.606879711746190490e-03 -3.540111988076147486e-05 3.162012050668043615e-03 4.906092203931639289e-05 2.108277265346908055e-03 4.147196926663759310e-03
1.911458333329999959e+03 3.125845829469392403e-03 -1.705449637901879263e-03 -3.480621989661079283e-05 3.278946194202028621e-03 4.568133449087701155e-05 1.855067412338305601e-03 4.129929718004852687e-03
1.921875000000000000e+03 3.312539962549079266e-03 -1.803822429372327037e-03 -2.719845348758908354e-05 3.402623554579590169e-03 4.206926286082390056e-05 1.590138123157333345e-03 4.152650820142992499e-03
1.932291666670000041e+03 3.577551880262330470e-03 -1.889297798044675984e-03 -1.897327286341312467e-05 3.524614413650138146e-03 3.579902698120298482e-05 1.317660242682886602e-03 4.209913268297670562e-03
1.942708333329999959e+03 3.921991015273828748e-03 -1.969899329450430694e-03 -1.275987827138903044e-05 3.656995675525451673e-03 3.206966898552248319e-05 1.041792924001948891e-03 4.310389807400615524e-03
1.953125000000000000e+03 4.330346832272624624e-03 -2.044647009158989670e-03 -2.611578500251124889e-07 3.814280873826399014e-03 2.645202450400671032e-05 7.715948558095739361e-04 4.458111280954277916e-03
1.963541666670000041e+03 4.815630185466992889e-03 -2.127112136143314951e-03 1.321281571080908287e-06 4.024665865848987313e-03 2.248267907153507993e-05 5.161589233567984245e-04 4.678227487336384001e-03
1.973958333329999959e+03 5.339027929468019573e-03 -2.227438896483388813e-03 5.353424459947258291e-06 4.301914225392699728e-03 1.655397672663073958e-05 2.895843837217984876e-04 4.965263269291252633e-03
1.984375000000000000e+03 5.781955458925678790e-03 -2.311998389584987105e-03 4.842941132477967521e-06 4.585796993566546367e-03 1.075552921156237901e-05 1.139127079372911488e-04 5.240832580214777221e-03
1.994791666670000041e+03 6.024830940238531246e-03 -2.358192510892055064e-03 -6.118755070825791521e-07 4.765903698297237895e-03 3.557018643993650928e-06 2.951395776707957413e-05 5.410124298151451974e-03
