# z, uT, vT, wT
5.208333333329999704e+00 1.487390007140347342e-04 3.591012308105230816e-05 -5.943960491114131876e-06
1.562500000000000000e+01 2.066251656017766708e-04 4.430962793356938453e-05 -1.445460845793103504e-05
2.604166666669999941e+01 2.384878449719689763e-04 4.575069588292260251e-05 -3.423871829150549831e-05
3.645833333329999704e+01 2.726305980252027058e-04 4.647609029586641271e-05 -5.232602208767446299e-05
4.687500000000000000e+01 2.932702611222528784e-04 4.244969820562000828e-05 -7.242452071601462849e-05
5.729166666670000296e+01 3.160220123299232737e-04 3.942781225744209993e-05 -8.974086449883518014e-05
6.770833333330000414e+01 3.327569926019483047e-04 3.554938015906717756e-05 -1.090186694208657777e-04
7.812500000000000000e+01 3.514604734676721859e-04 3.270233164648557613e-05 -1.263134323867561417e-04
8.854166666669999586e+01 3.670820847369104340e-04 2.750114269699344924e-05 -1.445010783561449276e-04
9.895833333330000414e+01 3.843296779967191913e-04 2.306256481864934745e-05 -1.616140740695668333e-04
1.093750000000000000e+02 4.000699305305786108e-04 1.686574494582242752e-05 -1.788966878809738917e-04
1.197916666670000012e+02 4.172693383431323798e-04 7.981565741842501404e-06 -1.966153390789990914e-04
1.302083333330000130e+02 4.351197478726512649e-04 1.713621034697752556e-06 -2.132708899464300491e-04
1.406250000000000000e+02 4.556944088893075356e-04 -2.770399309296016958e-06 -2.306959317455835735e-04
1.510416666669999870e+02 4.751267057223533086e-04 -8.998173730641122504e-06 -2.471582174524766329e-04
1.614583333330000130e+02 4.951377462857636412e-04 -1.596298755913460091e-05 -2.648032696407288315e-04
1.718750000000000000e+02 5.148478263228088150e-04 -2.323769036514066250e-05 -2.808565302152460125e-04
1.822916666669999870e+02 5.331850880572387317e-04 -3.465008478025130952e-05 -2.983936881297067950e-04
1.927083333330000130e+02 5.511413256123747374e-04 -4.576272960887835923e-05 -3.143096255897874676e-04
2.031250000000000000e+02 5.698499947890391061e-04 -5.752677083568941846e-05 -3.305730039722209568e-04
2.135416666669999870e+02 5.896785837406615495e-04 -6.882771226447386543e-05 -3.471627153099060689e-04
2.239583333330000130e+02 6.056923788276865738e-04 -8.096490641607783474e-05 -3.625545778446344044e-04
2.343750000000000000e+02 6.186981562172789040e-04 -9.321933718819055297e-05 -3.779028551454524437e-04
2.447916666669999870e+02 6.349933330034818147e-04 -1.026936480301665161e-04 -3.933961012163738366e-04
2.552083333330000130e+02 6.544729118287618197e-04 -1.151395867386463941e-04 -4.087602995657680077e-04
2.656250000000000000e+02 6.718713110188481458e-04 -1.302961069196774445e-04 -4.246630858596683704e-04
2.760416666670000154e+02 6.883537261910595978e-04 -1.518387279967612952e-04 -4.393754601992542336e-04
2.864583333329999846e+02 7.113624112280982287e-04 -1.662436735171826457e-04 -4.540340747667717908e-04
2.968750000000000000e+02 7.398810863020868550e-04 -1.838447820678170655e-04 -4.688321131339950377e-04
3.072916666670000154e+02 7.641138006831140698e-04 -1.971238505916768759e-04 -4.844834636335500796e-04
3.177083333329999846e+02 7.853007678157897416e-04 -2.170455145720367204e-04 -4.982394103975493161e-04
3.281250000000000000e+02 8.132138711009940938e-04 -2.373945568803071239e-04 -5.116432815407558716e-04
3.385416666670000154e+02 8.409857723504212887e-04 -2.629907415277127152e-04 -5.241811625895226572e-04
3.489583333329999846e+02 8.703063689061285709e-04 -2.882333795427241161e-04 -5.403418190735420189e-04
3.593750000000000000e+02 9.003887942424406007e-04 -3.226718993445623239e-04 -5.528475956503054204e-04
3.697916666670000154e+02 9.308962811401750095e-04 -3.594311786435860977e-04 -5.667452925876845585e-04
3.802083333329999846e+02 9.545248131225712255e-04 -4.015750742928203120e-04 -5.795541076681070972e-04
3.906250000000000000e+02 9.861292596212035272e-04 -4.443244948558289047e-04 -5.905142114796778363e-04
4.010416666670000154e+02 1.020058305067233096e-03 -4.982581499530746010e-04 -6.036650378940524534e-04
4.114583333329999846e+02 1.056812127229767159e-03 -5.615207034802130242e-04 -6.146244785008447712e-04
4.218750000000000000e+02 1.125646148894250123e-03 -6.346970003694148241e-04 -6.243349839917193122e-04
4.322916666670000154e+02 1.187263771378957704e-03 -7.337964800357510507e-04 -6.357275133647646457e-04
4.427083333329999846e+02 1.250692158823236760e-03 -8.637043931764727938e-04 -6.422306366223497079e-04
4.531250000000000000e+02 1.339402097092644859e-03 -1.030555122365224346e-03 -6.492808304434026468e-04
4.635416666670000154e+02 1.439501537434153319e-03 -1.257729493133446586e-03 -6.537433560667217126e-04
4.739583333329999846e+02 1.572558347852111424e-03 -1.555088627621949247e-03 -6.540816788089094062e-04
4.843750000000000000e+02 1.759516663176217965e-03 -1.986989789739308874e-03 -6.542385792617456865e-04
4.947916666670000154e+02 2.008172399791854912e-03 -2.732329926427626808e-03 -6.357042823682982962e-04
5.052083333329999846e+02 2.278829377875475713e-03 -3.982655991934249025e-03 -6.172874325259185106e-04
5.156250000000000000e+02 2.530708556230938482e-03 -6.288077114796289217e-03 -5.836574385491178230e-04
5.260416666669999586e+02 2.302338718172464768e-03 -1.029544689207406542e-02 -4.970381387800625224e-04
5.364583333330000414e+02 3.232119414962657212e-04 -1.683199569219550815e-02 -4.876560686388521919e-04
5.468750000000000000e+02 -5.541323295129131979e-03 -2.579060585570303044e-02 -3.725610601140137419e-04
5.572916666669999586e+02 -1.660427366569947050e-02 -3.427275636047774632e-02 -6.926783195565731086e-04
5.677083333330000414e+02 -2.892556063923173992e-02 -3.610552081326268842e-02 -2.282236110481794490e-04
5.781250000000000000e+02 -3.528933136886194116e-02 -2.864187436966814798e-02 1.134651780188488334e-04
5.885416666669999586e+02 -3.283761448758491797e-02 -1.491177420647312769e-02 -2.003095226345417599e-04
5.989583333330000414e+02 -2.471272230922221327e-02 -3.553988070735941522e-03 -1.065281461386134520e-04
6.093750000000000000e+02 -1.692721385356684566e-02 2.277721995469216519e-03 -3.081024146417273105e-05
6.197916666669999586e+02 -1.116054321091914693e-02 4.920367952622709158e-03 -5.590980807560450049e-05
6.302083333330000414e+02 -6.310854859701476097e-03 4.078121854031857042e-03 1.771173603317096929e-04
6.406250000000000000e+02 -2.540634652694165156e-03 1.847091569734098148e-03 1.639347968012446063e-04
6.510416666669999586e+02 -7.932243400320888914e-04 8.398876644728645252e-04 1.463821688267624883e-04
6.614583333330000414e+02 -3.251179482348520050e-04 5.339674606620481044e-04 8.360031783884125064e-05
6.718750000000000000e+02 -1.771561029526130240e-04 3.379293275543362443e-04 4.460126673174301127e-05
6.822916666669999586e+02 -1.462535949413058258e-04 3.237765119379159531e-04 3.651408353096595395e-05
6.927083333330000414e+02 -1.836001187284979166e-04 4.727886643170386895e-04 -1.632587283597000230e-06
7.031250000000000000e+02 -2.463665294537499724e-04 6.709361147541100922e-04 8.519932788233580646e-06
7.135416666669999586e+02 -1.756637932309282368e-04 5.961333223632560904e-04 -3.776779861650644646e-06
7.239583333330000414e+02 -3.472686663661986805e-05 3.426480461522070321e-04 9.590464479610157132e-06
7.343750000000000000e+02 1.755854970551757757e-07 2.341810235766698587e-04 8.761254222502740565e-07
7.447916666669999586e+02 8.072510505662629950e-07 2.072434672029392806e-04 2.935907884270563430e-06
7.552083333330000414e+02 -4.911306065214698046e-07 1.839150045254271692e-04 7.983804069521534226e-06
7.656250000000000000e+02 -5.453126479190734409e-06 1.540761390189140088e-04 8.348405367318478530e-06
7.760416666669999586e+02 -8.471545080468446661e-06 1.170604827016628820e-04 -2.883694002854088382e-06
7.864583333330000414e+02 -2.247994770444720878e-05 8.671699724728193308e-05 4.242606015500011332e-06
7.968750000000000000e+02 -4.655882271459350382e-05 6.455143108628971099e-05 -7.798722355011297158e-06
8.072916666669999586e+02 -8.402387886563622359e-05 5.672450638158414672e-05 -1.061471973299368124e-06
8.177083333330000414e+02 -1.279101164295664954e-04 6.144613759434231317e-05 -1.210956441565723091e-05
8.281250000000000000e+02 -1.510965505399128979e-04 3.617323764415905174e-05 -3.614740544115880032e-06
8.385416666669999586e+02 -1.606329085981171166e-04 3.579509862634161645e-05 -6.776173927011407408e-06
8.489583333330000414e+02 -1.563758073660837845e-04 2.434719680773262291e-05 -1.423192588692077918e-05
8.593750000000000000e+02 -1.321600481831834988e-04 1.124750744273458169e-05 -8.302319540868760458e-06
8.697916666669999586e+02 -1.113867943803219056e-04 1.856782713721842861e-05 -1.704962704464363116e-05
8.802083333330000414e+02 -9.670917480246427706e-05 1.530124273958905070e-05 -1.968055406664886208e-05
8.906250000000000000e+02 -8.366040770566756171e-05 9.512925466820668896e-06 -1.987041455604588485e-05
9.010416666669999586e+02 -6.439852801145938685e-05 1.117037486277960944e-06 -2.279478076641725326e-05
9.114583333330000414e+02 -4.497925374720407972e-05 -1.812401270834932440e-05 -2.295272744459633712e-05
9.218750000000000000e+02 -2.825289148793241840e-05 -3.529688498272184563e-05 -2.221639938815776107e-05
9.322916666669999586e+02 -1.344329188718081274e-06 -7.000500836567037101e-05 -1.973973541775284047e-05
9.427083333330000414e+02 1.121728252078312798e-05 -1.103473847349052223e-04 -1.310953684855293322e-05
9.531250000000000000e+02 5.152384585552435023e-05 -1.475609441033499990e-04 -1.071293240751460966e-05
9.635416666669999586e+02 1.047347547028006375e-04 -2.029078023968938836e-04 -4.509268394656992300e-06
9.739583333330000414e+02 1.663654803685450689e-04 -2.545148703430589175e-04 -9.594269295602449947e-07
9.843750000000000000e+02 2.358195572430866755e-04 -3.025190278057931039e-04 3.342002010023460087e-06
9.947916666669999586e+02 2.998714303681207006e-04 -3.386033597233488023e-04 9.748506347459978883e-06
1.005208333329999959e+03 3.491617774689321292e-04 -3.645510809503403572e-04 9.789826144514588428e-06
1.015625000000000000e+03 3.642611020441534017e-04 -3.749827789527623682e-04 1.795424156472795238e-05
1.026041666670000041e+03 3.463243501307654315e-04 -3.702499709379064759e-04 2.205112947626662508e-05
1.036458333329999959e+03 3.143320010467360605e-04 -3.508556654896415440e-04 1.534206909061422460e-05
1.046875000000000000e+03 2.655805186300602455e-04 -3.104395332210418924e-04 2.423946559925334163e-05
1.057291666670000041e+03 2.140850289124367157e-04 -2.697987501073234443e-04 1.377165295309302170e-05
1.067708333329999959e+03 1.616200980927795462e-04 -2.414460643206823307e-04 1.762714561213786905e-05
1.078125000000000000e+03 1.077031197999745691e-04 -2.210044321645235549e-04 1.210387323043793630e-05
1.088541666670000041e+03 6.405449571008575238e-05 -2.062898875598942223e-04 1.287561312552101429e-05
1.098958333329999959e+03 2.071571753150315101e-05 -1.959942893412109917e-04 1.168216746715193270e-05
1.109375000000000000e+03 -4.357156635099267924e-06 -1.870619578587626609e-04 8.375809273505093787e-06
1.119791666670000041e+03 -7.069714960353711960e-06 -1.572026763728893138e-04 1.110966906001432048e-05
1.130208333329999959e+03 5.656329757149777242e-06 -1.324206143606896095e-04 9.174163024668819644e-06
1.140625000000000000e+03 2.852936307218197979e-05 -1.126831579577440578e-04 1.245458107141063796e-05
1.151041666670000041e+03 4.321725156917020233e-05 -9.194691794761551988e-05 1.067001759475467120e-05
1.161458333329999959e+03 4.618650282556936395e-05 -7.818163194178377577e-05 1.135442070643468928e-05
1.171875000000000000e+03 3.703880611396009556e-05 -5.857715621716666937e-05 1.051234693074186101e-05
1.182291666670000041e+03 6.752870298683441881e-06 -4.758022537068420704e-05 3.505702177494804369e-06
1.192708333329999959e+03 -3.100623920485721686e-05 -4.344290349245585360e-05 2.785795005781365510e-06
1.203125000000000000e+03 -6.805697700311950666e-05 -3.824801978094747299e-05 -4.089621875074602037e-06
1.213541666670000041e+03 -9.459546308168242761e-05 -3.768597184048352454e-05 -1.069112416182288223e-05
1.223958333329999959e+03 -1.178511932430242236e-04 -4.068275468046487738e-05 -1.081207172831682943e-05
1.234375000000000000e+03 -1.286930476886458206e-04 -5.470808638163749158e-05 -1.581741436111221266e-05
1.244791666670000041e+03 -1.330814172953797647e-04 -7.689474487077546498e-05 -1.246082215270160510e-05
1.255208333329999959e+03 -1.300673969842360792e-04 -1.004161779835230161e-04 -1.357906217377808705e-05
1.265625000000000000e+03 -9.600934123017834513e-05 -1.349798771497447071e-04 -6.985776400680050606e-06
1.276041666670000041e+03 -5.703653790992877876e-05 -1.598755118483027795e-04 -7.522287247573534446e-06
1.286458333329999959e+03 -1.025972289736024157e-07 -1.818116222905820313e-04 -1.812490106303072108e-06
1.296875000000000000e+03 6.220370963077844276e-05 -2.014418235272715614e-04 2.425297169264464855e-08
1.307291666670000041e+03 1.081648359632014160e-04 -2.265359838133595939e-04 6.582229172872114228e-06
1.317708333329999959e+03 1.507696836264901124e-04 -2.526270297638577795e-04 1.060086548321622618e-05
1.328125000000000000e+03 1.767613588595195442e-04 -2.757677252318178006e-04 1.697616849401158449e-05
1.338541666670000041e+03 1.972965398316757967e-04 -2.952746399339485433e-04 2.484931473747043599e-05
1.348958333329999959e+03 2.032296368608992509e-04 -3.047202879047311661e-04 2.807906776145533830e-05
1.359375000000000000e+03 1.970033656448718403e-04 -3.068978030583886536e-04 3.361957648927575465e-05
1.369791666670000041e+03 1.844461759252804221e-04 -2.945218988385530203e-04 3.735291471189269391e-05
1.380208333329999959e+03 1.557925035560165749e-04 -2.848658862506963968e-04 3.882228715487412012e-05
1.390625000000000000e+03 1.288053472574750107e-04 -2.593952427955255931e-04 4.285007132808632546e-05
1.401041666670000041e+03 1.042826613866069149e-04 -2.284739554855379185e-04 3.889455939059656501e-05
1.411458333329999959e+03 7.420761902849738279e-05 -1.831687301014579610e-04 4.001795510736008330e-05
1.421875000000000000e+03 4.365021672907729526e-05 -1.324107908667570535e-04 3.614459323819330875e-05
1.432291666670000041e+03 1.359692311352893024e-05 -7.650936343420941261e-05 3.158959841055094820e-05
1.442708333329999959e+03 -6.656117469535697780e-06 -2.018576713490949774e-05 3.028325710867192590e-05
1.453125000000000000e+03 -2.115987037918165624e-05 2.938576602178831940e-05 2.992446412060534801e-05
1.463541666670000041e+03 -2.414146668967606844e-05 7.097301630375017897e-05 2.461364402383331974e-05
1.473958333329999959e+03 -1.402553051689911019e-05 9.590681561093931397e-05 2.861169972079107186e-05
1.484375000000000000e+03 2.037694183506998940e-06 1.132872630461095133e-04 2.580537664284775722e-05
1.494791666670000041e+03 8.019936979882762981e-06 1.246452865682793026e-04 2.575931223343872815e-05
1.505208333329999959e+03 4.718736393947758305e-06 1.318231333889041581e-04 2.689849203408769729e-05
1.515625000000000000e+03 -8.221310204646444238e-06 1.376747541145620932e-04 2.362667961280950731e-05
1.526041666670000041e+03 -3.054406283100911056e-05 1.431873570262608196e-04 2.263312795844143479e-05
1.536458333329999959e+03 -5.696962322325152566e-05 1.494796479531717182e-04 1.848467615614441545e-05
1.546875000000000000e+03 -8.379670815316339649e-05 1.612238475240293620e-04 1.538017328955429468e-05
1.557291666670000041e+03 -1.088966533570805644e-04 1.726858503680693947e-04 1.319070323406767397e-05
1.567708333329999959e+03 -1.256432166888652455e-04 1.862806116005950505e-04 1.025362576374014494e-05
1.578125000000000000e+03 -1.417935424508938848e-04 2.081669834108966055e-04 1.203707894098276549e-05
1.588541666670000041e+03 -1.547369258613194327e-04 2.306027644255291412e-04 1.023273919272317318e-05
1.598958333329999959e+03 -1.569579641143930518e-04 2.488613841014794786e-04 1.176702505198391567e-05
1.609375000000000000e+03 -1.482319445164152999e-04 2.561722884266734272e-04 1.210769318995122297e-05
1.619791666670000041e+03 -1.253772919042226385e-04 2.577209073346958400e-04 1.016151167634777271e-05
1.630208333329999959e+03 -1.023495478754104772e-04 2.540906057257805704e-04 9.651119204709669201e-06
1.640625000000000000e+03 -8.501229598989487146e-05 2.489216002064199764e-04 5.886604129387009929e-06
1.651041666670000041e+03 -7.153341768618009806e-05 2.426384312136282170e-04 1.978278880146683889e-06
1.661458333329999959e+03 -6.873166494566762270e-05 2.347109277009247410e-04 -2.667258107448216839e-06
1.671875000000000000e+03 -7.312722066977132135e-05 2.329356932783022843e-04 -1.057413014797056878e-05
1.682291666670000041e+03 -8.135871107912412002e-05 2.386230369628414608e-04 -1.561409837884104694e-05
1.692708333329999959e+03 -9.658147480466149190e-05 2.514242669214346456e-04 -2.189827515855812857e-05
1.703125000000000000e+03 -1.169570500644429327e-04 2.698894580078057713e-04 -2.427395012509584457e-05
1.713541666670000041e+03 -1.440483881553531831e-04 2.918398049897271210e-04 -2.459238756018685546e-05
1.723958333329999959e+03 -1.771045463944846471e-04 3.258266112822199721e-04 -2.433530478601091313e-05
1.734375000000000000e+03 -2.104436966068807310e-04 3.704537838329775542e-04 -2.175906845859221865e-05
1.744791666670000041e+03 -2.434976257089759141e-04 4.223539627028524267e-04 -2.205709419567010251e-05
1.755208333329999959e+03 -2.743510543597396266e-04 4.678200627388510915e-04 -2.224383231055709109e-05
1.765625000000000000e+03 -3.021060126088610147e-04 5.023519989107934390e-04 -2.610084281128100870e-05
1.776041666670000041e+03 -3.267781258454817211e-04 5.258488030459278076e-04 -3.045553903075474316e-05
1.786458333329999959e+03 -3.402057470051450777e-04 5.358483232284022785e-04 -3.383587618971295083e-05
1.796875000000000000e+03 -3.478806306750721264e-04 5.415555485337790421e-04 -3.756433499017305364e-05
1.807291666670000041e+03 -3.495165513688141233e-04 5.390302506054523183e-04 -3.810417944080693285e-05
1.817708333329999959e+03 -3.547507688993654863e-04 5.403868681623267634e-04 -3.768653131632594889e-05
1.828125000000000000e+03 -3.677913353574515688e-04 5.478996254385460262e-04 -3.590652948084156136e-05
1.838541666670000041e+03 -3.860398144253754144e-04 5.614194752912129213e-04 -3.243637503470292455e-05
1.848958333329999959e+03 -4.094090548494875919e-04 5.787940097516073874e-04 -2.898408341238260775e-05
1.859375000000000000e+03 -4.317176856870674284e-04 5.873224449280681691e-04 -2.505060761922671528e-05
1.869791666670000041e+03 -4.570271698237967761e-04 5.877007234613572557e-04 -1.950642009559199627e-05
1.880208333329999959e+03 -4.829485177721430027e-04 5.773504204808713874e-04 -1.747445600216786203e-05
1.890625000000000000e+03 -5.165765892630740271e-04 5.648349696170448103e-04 -1.189520292704841913e-05
1.901041666670000041e+03 -5.573430641482670679e-04 5.453957375486078590e-04 -1.111376696800084008e-05
1.911458333329999959e+03 -5.968846148017016269e-04 5.155660874511673640e-04 -7.966918898608294652e-06
1.921875000000000000e+03 -6.317220554954677391e-04 4.748443186661970906e-04 -6.669564230933409668e-06
1.932291666670000041e+03 -6.497946655377291819e-04 4.224973882788786439e-04 -6.784865889210108504e-06
1.942708333329999959e+03 -6.501995097171026864e-04 3.661874910634255144e-04 -4.522211014906094879e-06
1.953125000000000000e+03 -6.232864949649183578e-04 3.130887348014002223e-04 -5.015013508080508502e-06
1.963541666670000041e+03 -5.560227255657634871e-04 2.557669349881730838e-04 -2.892284488333842667e-06
1.973958333329999959e+03 -4.351501384951115712e-04 1.892481250571139578e-04 -2.014391209479059725e-06
1.984375000000000000e+03 -2.548853312887696342e-04 1.062982160984916310e-04 -7.235644695641152745e-07
1.994791666670000041e+03 -7.554968921473468615e-05 3.040730447149942676e-05 -2.473283534475217774e-08
