 Cuxart-Jimenez, Meso-NH, 64x64x64, 8 hour, 64_B8                                                                                  
 64
  0.3125000E+01  0.9375000E+01  0.1562500E+02  0.2187500E+02  0.2812500E+02  0.3437500E+02  0.4062500E+02  0.4687500E+02  0.5312500E+02  0.5937500E+02
  0.6562500E+02  0.7187500E+02  0.7812500E+02  0.8437500E+02  0.9062500E+02  0.9687500E+02  0.1031250E+03  0.1093750E+03  0.1156250E+03  0.1218750E+03
  0.1281250E+03  0.1343750E+03  0.1406250E+03  0.1468750E+03  0.1531250E+03  0.1593750E+03  0.1656250E+03  0.1718750E+03  0.1781250E+03  0.1843750E+03
  0.1906250E+03  0.1968750E+03  0.2031250E+03  0.2093750E+03  0.2156250E+03  0.2218750E+03  0.2281250E+03  0.2343750E+03  0.2406250E+03  0.2468750E+03
  0.2531250E+03  0.2593750E+03  0.2656250E+03  0.2718750E+03  0.2781250E+03  0.2843750E+03  0.2906250E+03  0.2968750E+03  0.3031250E+03  0.3093750E+03
  0.3156250E+03  0.3218750E+03  0.3281250E+03  0.3343750E+03  0.3406250E+03  0.3468750E+03  0.3531250E+03  0.3593750E+03  0.3656250E+03  0.3718750E+03
  0.3781250E+03  0.3843750E+03  0.3906250E+03  0.3968750E+03
  0.2016472E+00  0.2701347E+00  0.2722488E+00  0.2649455E+00  0.2493726E+00  0.2389592E+00  0.2284479E+00  0.2195444E+00  0.2050680E+00  0.1938399E+00
  0.1812778E+00  0.1719222E+00  0.1566498E+00  0.1488993E+00  0.1380786E+00  0.1294041E+00  0.1240522E+00  0.1141694E+00  0.1062175E+00  0.9687664E-01
  0.8713172E-01  0.7235769E-01  0.6006090E-01  0.5167640E-01  0.4428475E-01  0.3527762E-01  0.2710812E-01  0.1794300E-01  0.1408301E-01  0.1691635E-01
  0.2269330E-01  0.2715093E-01  0.2477741E-01  0.1458993E-01  0.5538681E-02  0.2688866E-02  0.1834961E-02  0.1415826E-02  0.1115302E-02  0.9935548E-03
  0.9308013E-03  0.8652057E-03  0.8082587E-03  0.7619507E-03  0.7250462E-03  0.6793297E-03  0.6457543E-03  0.6424297E-03  0.6518952E-03  0.6502712E-03
  0.6278935E-03  0.5914675E-03  0.5569985E-03  0.5292327E-03  0.5177484E-03  0.5151948E-03  0.5115279E-03  0.5193799E-03  0.5632750E-03  0.6474471E-03
  0.7674968E-03  0.9109442E-03  0.1044930E-02  0.1124780E-02
  0.1242908E+00  0.1798692E+00  0.1778489E+00  0.1676110E+00  0.1505729E+00  0.1380326E+00  0.1276088E+00  0.1166332E+00  0.1042001E+00  0.9505492E-01
  0.8840842E-01  0.7880744E-01  0.7225979E-01  0.6548361E-01  0.5879983E-01  0.5495082E-01  0.5255295E-01  0.4948377E-01  0.4648146E-01  0.4531761E-01
  0.4548885E-01  0.4401840E-01  0.4342601E-01  0.4528817E-01  0.4554074E-01  0.4652205E-01  0.4979321E-01  0.4934159E-01  0.4280853E-01  0.2947662E-01
  0.1688395E-01  0.8101020E-02  0.5320595E-02  0.3424732E-02  0.2266512E-02  0.1895201E-02  0.1575770E-02  0.1224744E-02  0.9530215E-03  0.8064049E-03
  0.8073389E-03  0.8309575E-03  0.7948345E-03  0.7013299E-03  0.6627264E-03  0.5242872E-03  0.5098709E-03  0.5515653E-03  0.6292183E-03  0.6981014E-03
  0.6554027E-03  0.5373601E-03  0.4438041E-03  0.4297181E-03  0.4902875E-03  0.4977655E-03  0.5311448E-03  0.5163874E-03  0.4518244E-03  0.4650582E-03
  0.4227394E-03  0.4768024E-03  0.5856509E-03  0.7382271E-03
  0.7357900E-02  0.3179761E-01  0.4571558E-01  0.4998458E-01  0.5048316E-01  0.4916255E-01  0.4750884E-01  0.4555608E-01  0.4312384E-01  0.4057554E-01
  0.3789312E-01  0.3485211E-01  0.3207155E-01  0.2953961E-01  0.2756420E-01  0.2575279E-01  0.2401159E-01  0.2266842E-01  0.2136946E-01  0.2013501E-01
  0.1905842E-01  0.1821663E-01  0.1735493E-01  0.1661945E-01  0.1610119E-01  0.1587284E-01  0.1608304E-01  0.1637460E-01  0.1607255E-01  0.1498823E-01
  0.1314628E-01  0.1077066E-01  0.8261731E-02  0.6279412E-02  0.5061284E-02  0.4330645E-02  0.3734391E-02  0.3229966E-02  0.2884969E-02  0.2614649E-02
  0.2405446E-02  0.2213970E-02  0.2035646E-02  0.1929756E-02  0.1842769E-02  0.1709535E-02  0.1581354E-02  0.1480891E-02  0.1414149E-02  0.1343686E-02
  0.1266508E-02  0.1211449E-02  0.1152611E-02  0.1084439E-02  0.1021058E-02  0.9471971E-03  0.8683778E-03  0.7862305E-03  0.6989035E-03  0.5995413E-03
  0.4829028E-03  0.3734342E-03  0.2798765E-03  0.9934026E-04
 -0.5702223E-01 -0.9885652E-01 -0.9916669E-01 -0.9691144E-01 -0.6610067E-01 -0.3910865E-01 -0.1389894E-01 -0.3489973E-02  0.3872852E-01  0.1105509E+00
  0.1466563E+00  0.1524540E+00  0.1477841E+00  0.1426684E+00  0.1253371E+00  0.1017170E+00  0.8248480E-01  0.7153557E-01  0.7091001E-01  0.5457795E-01
  0.4800960E-01  0.4756017E-01  0.4373752E-01  0.5051129E-01  0.7220381E-01  0.7128244E-01  0.4299303E-01  0.4110157E-01  0.4019096E-01  0.4070482E-01
  0.3703739E-01  0.2487486E-01  0.6787415E-02 -0.1738945E-01 -0.3175466E-01 -0.1968296E-01 -0.1692041E-01 -0.1395130E-01 -0.1253939E-01  0.1173556E-01
  0.2109901E-01  0.3971993E-01  0.5271016E-01  0.4548747E-01  0.4901848E-01  0.4818932E-01  0.3392502E-01  0.4212104E-01  0.4704760E-01  0.5420451E-01
  0.4779627E-01  0.4492190E-01  0.3668751E-01  0.4843635E-01  0.4472648E-01  0.4824603E-01  0.6793922E-01  0.6683950E-01  0.6407004E-01  0.5453970E-01
  0.3771454E-01  0.1473974E-01  0.1988507E-01  0.3746022E-01
  0.2913686E+00  0.1942442E+00  0.1305244E+00  0.9937930E-01  0.7971945E-01  0.6677766E-01  0.5731922E-01  0.4980153E-01  0.4383149E-01  0.3919424E-01
  0.3546786E-01  0.3168318E-01  0.2806645E-01  0.2513577E-01  0.2248047E-01  0.2030656E-01  0.1844054E-01  0.1634371E-01  0.1429290E-01  0.1233214E-01
  0.1032478E-01  0.8517216E-02  0.6981317E-02  0.5660450E-02  0.4522352E-02  0.3427071E-02  0.2339206E-02  0.1247351E-02  0.4418679E-03  0.9686808E-04
  0.1564994E-04  0.2889837E-05  0.1194636E-05  0.1107418E-05  0.1564119E-05  0.2216914E-05  0.1709961E-05  0.1210498E-05  0.1044550E-05  0.1008082E-05
  0.1000865E-05  0.1000040E-05  0.1000000E-05  0.1000000E-05  0.1000000E-05  0.1000000E-05  0.1000000E-05  0.1000000E-05  0.1000000E-05  0.1000000E-05
  0.1000000E-05  0.1000000E-05  0.1000000E-05  0.1000000E-05  0.1000000E-05  0.1000000E-05  0.1000000E-05  0.1000000E-05  0.1000000E-05  0.1000000E-05
  0.1000000E-05  0.1000000E-05  0.1000000E-05  0.1000000E-05
  0.2301808E-02  0.3298260E-02  0.4085053E-02  0.4440248E-02  0.4686133E-02  0.4856120E-02  0.5022637E-02  0.5259971E-02  0.5402193E-02  0.5593895E-02
  0.5671180E-02  0.5927493E-02  0.5957048E-02  0.6203298E-02  0.6368754E-02  0.6200050E-02  0.6432725E-02  0.6740387E-02  0.7056221E-02  0.7378823E-02
  0.7870088E-02  0.7829810E-02  0.7930012E-02  0.8852432E-02  0.1033757E-01  0.1236656E-01  0.1644840E-01  0.2066156E-01  0.2280421E-01  0.2039124E-01
  0.1644280E-01  0.1375653E-01  0.1247373E-01  0.1060578E-01  0.5820394E-02  0.2264756E-02  0.1090335E-02  0.9707556E-03  0.1071935E-02  0.1078115E-02
  0.1033483E-02  0.9776906E-03  0.1036638E-02  0.9371931E-03  0.7130199E-03  0.7034351E-03  0.7841050E-03  0.8026799E-03  0.7425874E-03  0.6723198E-03
  0.6901032E-03  0.7128864E-03  0.7067068E-03  0.7026449E-03  0.6619920E-03  0.5973794E-03  0.5624741E-03  0.5653261E-03  0.5571112E-03  0.5089792E-03
  0.4344930E-03  0.3537255E-03  0.2592189E-03  0.1708034E-03
