D. Lewellen, Standard run (dx=dy=dz=6.25)
   58
  0.3125000E+01  0.9375000E+01  0.1562500E+02  0.2187500E+02  0.2812500E+02  0.3437500E+02  0.4062500E+02  0.4687500E+02  0.5312500E+02  0.5937500E+02
  0.6562500E+02  0.7187500E+02  0.7812500E+02  0.8437500E+02  0.9062500E+02  0.9687500E+02  0.1031250E+03  0.1093750E+03  0.1156250E+03  0.1218750E+03
  0.1281250E+03  0.1343750E+03  0.1406250E+03  0.1468750E+03  0.1531250E+03  0.1593750E+03  0.1656250E+03  0.1718750E+03  0.1781250E+03  0.1843750E+03
  0.1906250E+03  0.1968750E+03  0.2031250E+03  0.2093750E+03  0.2156250E+03  0.2218750E+03  0.2281250E+03  0.2343750E+03  0.2406250E+03  0.2468750E+03
  0.2531250E+03  0.2593750E+03  0.2656250E+03  0.2718750E+03  0.2781250E+03  0.2843750E+03  0.2906250E+03  0.2968750E+03  0.3033935E+03  0.3104705E+03
  0.3181490E+03  0.3264750E+03  0.3354990E+03  0.3452730E+03  0.3558535E+03  0.3673005E+03  0.3796780E+03  0.3930540E+03
  0.8032417E-01  0.2385807E+00  0.2620473E+00  0.2473979E+00  0.2334912E+00  0.2219083E+00  0.2144022E+00  0.2003885E+00  0.1888353E+00  0.1815137E+00
  0.1745223E+00  0.1661663E+00  0.1574850E+00  0.1449091E+00  0.1316165E+00  0.1224228E+00  0.1101854E+00  0.9725690E-01  0.8787942E-01  0.7588387E-01
  0.6778336E-01  0.6014109E-01  0.5322742E-01  0.4641390E-01  0.4196739E-01  0.3495026E-01  0.2812576E-01  0.2182484E-01  0.1790524E-01  0.1542187E-01
  0.1373482E-01  0.1332283E-01  0.1349258E-01  0.1394367E-01  0.1414776E-01  0.1368952E-01  0.1215649E-01  0.1028919E-01  0.7807255E-02  0.6316185E-02
  0.5397320E-02  0.4736423E-02  0.4048347E-02  0.3195286E-02  0.2396584E-02  0.1667023E-02  0.9746552E-03  0.5388260E-03  0.3795624E-03  0.3070831E-03
  0.2770424E-03  0.2300739E-03  0.2174377E-03  0.1869202E-03  0.1184940E-03  0.4887581E-04  0.1478195E-04  0.4048347E-03
  0.6588852E-01  0.1742740E+00  0.1889710E+00  0.1727948E+00  0.1549339E+00  0.1428099E+00  0.1311817E+00  0.1190147E+00  0.1106482E+00  0.1014404E+00
  0.9352303E-01  0.8807373E-01  0.8173084E-01  0.7632065E-01  0.7084274E-01  0.6669712E-01  0.6330395E-01  0.5896854E-01  0.5730820E-01  0.5422783E-01
  0.5334949E-01  0.5287647E-01  0.5369234E-01  0.5374622E-01  0.5132532E-01  0.4657316E-01  0.4196167E-01  0.3687692E-01  0.3417075E-01  0.3170884E-01
  0.2894676E-01  0.2599972E-01  0.2313003E-01  0.2143058E-01  0.1734846E-01  0.1559709E-01  0.1356309E-01  0.1131439E-01  0.8875541E-02  0.7312032E-02
  0.6476163E-02  0.5778737E-02  0.4623597E-02  0.3411570E-02  0.2605576E-02  0.1681908E-02  0.8779150E-03  0.3756401E-03  0.1840511E-03  0.1209152E-03
  0.9316214E-04  0.2918459E-04  0.2010273E-04  0.1345336E-04  0.7752692E-05  0.3428933E-05  0.1134337E-05  0.1050248E-04
  0.1173812E-01  0.4061750E-01  0.6378755E-01  0.6927916E-01  0.6734408E-01  0.6400996E-01  0.6035630E-01  0.5667425E-01  0.5273695E-01  0.4894979E-01
  0.4544919E-01  0.4237760E-01  0.3961042E-01  0.3694180E-01  0.3425713E-01  0.3160397E-01  0.2919746E-01  0.2690178E-01  0.2467612E-01  0.2266959E-01
  0.2085351E-01  0.1957356E-01  0.1902604E-01  0.1850974E-01  0.1675910E-01  0.1354053E-01  0.1026840E-01  0.7849175E-02  0.6190490E-02  0.5072824E-02
  0.4330027E-02  0.3854755E-02  0.3549403E-02  0.3303595E-02  0.3043655E-02  0.2726134E-02  0.2400759E-02  0.2066338E-02  0.1778806E-02  0.1549615E-02
  0.1359449E-02  0.1184433E-02  0.1001676E-02  0.8249910E-03  0.6185049E-03  0.4404396E-03  0.3218977E-03  0.2490224E-03  0.2206608E-03  0.2013311E-03
  0.1823571E-03  0.1574528E-03  0.1247921E-03  0.8739622E-04  0.5295140E-04  0.3110968E-04  0.2199828E-04  0.9931298E-05
  0.2266368E+00  0.1089238E-01 -0.1591111E-01  0.4665048E-02  0.2799996E-01  0.4993753E-01  0.6218887E-01  0.6841043E-01  0.7553978E-01  0.8111580E-01
  0.7469483E-01  0.4973535E-01  0.4238186E-01  0.5268553E-01  0.5352564E-01  0.5036319E-01  0.4083199E-01  0.3215392E-01  0.2143574E-01  0.1016356E-01
 -0.1044958E-02 -0.1517363E-01 -0.2385621E-01 -0.5791630E-02  0.3746234E-01  0.7804206E-01  0.9993101E-01  0.9401204E-01  0.6809160E-01  0.3930432E-01
  0.1672731E-01  0.6206097E-02  0.3818381E-02 -0.6782549E-02 -0.1904957E-01 -0.2242503E-02  0.1994413E-01  0.2771738E-01  0.3423247E-01  0.4454608E-01
  0.4070093E-01  0.2850211E-01  0.2323919E-01  0.1955333E-01  0.2383295E-01  0.3120226E-01  0.2032157E-01  0.3560216E-03 -0.2887757E-01 -0.4353340E-01
 -0.4436430E-01 -0.4545887E-01 -0.4004321E-01 -0.3298114E-01 -0.2610615E-01 -0.2830295E-01 -0.5198781E-01 -0.9105353E-01
  0.2123502E+00  0.1018771E+00  0.6712568E-01  0.5991478E-01  0.5270766E-01  0.4695800E-01  0.4242270E-01  0.3852265E-01  0.3530214E-01  0.3268107E-01
  0.3065589E-01  0.2905663E-01  0.2750087E-01  0.2573359E-01  0.2397487E-01  0.2262816E-01  0.2124256E-01  0.1983727E-01  0.1827393E-01  0.1662613E-01
  0.1504954E-01  0.1349213E-01  0.1197627E-01  0.1050206E-01  0.9396144E-02  0.8621685E-02  0.7877098E-02  0.7105461E-02  0.6408409E-02  0.5750527E-02
  0.4904476E-02  0.4028160E-02  0.3137394E-02  0.2244300E-02  0.1440539E-02  0.8533352E-03  0.4676369E-03  0.2454108E-03  0.1239278E-03  0.6488192E-04
  0.3447831E-04  0.1636523E-04  0.6502793E-05  0.2031194E-05  0.6656891E-06  0.5034751E-06  0.5000016E-06  0.5000015E-06  0.5000015E-06  0.5000015E-06
  0.5000015E-06  0.5000015E-06  0.5000015E-06  0.5000015E-06  0.5000015E-06  0.5000015E-06  0.5000015E-06  0.5000015E-06
  0.1230128E-02  0.3806532E-02  0.4381945E-02  0.4498931E-02  0.4516562E-02  0.4520628E-02  0.4504349E-02  0.4413091E-02  0.4292335E-02  0.4167492E-02
  0.4036058E-02  0.3948349E-02  0.3849112E-02  0.3781821E-02  0.3786090E-02  0.3751469E-02  0.3750350E-02  0.3801239E-02  0.3863699E-02  0.4039268E-02
  0.4675495E-02  0.6388055E-02  0.1020451E-01  0.1522372E-01  0.1649313E-01  0.1117501E-01  0.5115733E-02  0.2577758E-02  0.1887537E-02  0.1656600E-02
  0.1585877E-02  0.1534502E-02  0.1496046E-02  0.1382088E-02  0.1292586E-02  0.1181117E-02  0.1030318E-02  0.7548488E-03  0.5324204E-03  0.3621260E-03
  0.2744674E-03  0.2314409E-03  0.2124627E-03  0.2045313E-03  0.2248128E-03  0.2242724E-03  0.2086640E-03  0.1571814E-03  0.1118024E-03  0.1382510E-03
  0.1415253E-03  0.1259963E-03  0.1058896E-03  0.7915499E-04  0.4854202E-04  0.2781550E-04  0.2123515E-04  0.6071726E-05
