D. Lewellen, Standard run (dx=dy=dz=6.25)
  540
  0.5987500E+02  0.1198750E+03  0.1798750E+03  0.2398750E+03  0.2998750E+03  0.3598750E+03  0.4198750E+03  0.4798750E+03  0.5398750E+03  0.5998750E+03
  0.6598750E+03  0.7198750E+03  0.7798750E+03  0.8398750E+03  0.8998750E+03  0.9598750E+03  0.1019875E+04  0.1079875E+04  0.1139875E+04  0.1199875E+04
  0.1259875E+04  0.1319875E+04  0.1379875E+04  0.1439875E+04  0.1499875E+04  0.1559875E+04  0.1619875E+04  0.1679875E+04  0.1739875E+04  0.1799875E+04
  0.1859875E+04  0.1919875E+04  0.1979875E+04  0.2039875E+04  0.2099875E+04  0.2159875E+04  0.2219875E+04  0.2279875E+04  0.2339875E+04  0.2399875E+04
  0.2459875E+04  0.2519875E+04  0.2579875E+04  0.2639875E+04  0.2699875E+04  0.2759875E+04  0.2819875E+04  0.2879875E+04  0.2939875E+04  0.2999875E+04
  0.3059875E+04  0.3119875E+04  0.3179875E+04  0.3239875E+04  0.3299875E+04  0.3359875E+04  0.3419875E+04  0.3479875E+04  0.3539875E+04  0.3599875E+04
  0.3659875E+04  0.3719875E+04  0.3779875E+04  0.3839875E+04  0.3899875E+04  0.3959875E+04  0.4019875E+04  0.4079875E+04  0.4139875E+04  0.4199875E+04
  0.4259875E+04  0.4319875E+04  0.4379875E+04  0.4439875E+04  0.4499875E+04  0.4559875E+04  0.4619875E+04  0.4679875E+04  0.4739875E+04  0.4799875E+04
  0.4859875E+04  0.4919875E+04  0.4979875E+04  0.5039875E+04  0.5099875E+04  0.5159875E+04  0.5219875E+04  0.5279875E+04  0.5339875E+04  0.5399875E+04
  0.5459875E+04  0.5519875E+04  0.5579875E+04  0.5639875E+04  0.5699875E+04  0.5759875E+04  0.5819875E+04  0.5879875E+04  0.5939875E+04  0.5999875E+04
  0.6059875E+04  0.6119875E+04  0.6179875E+04  0.6239875E+04  0.6299875E+04  0.6359875E+04  0.6419875E+04  0.6479875E+04  0.6539875E+04  0.6599875E+04
  0.6659875E+04  0.6719875E+04  0.6779875E+04  0.6839875E+04  0.6899875E+04  0.6959875E+04  0.7019875E+04  0.7079875E+04  0.7139875E+04  0.7199875E+04
  0.7259875E+04  0.7319875E+04  0.7379875E+04  0.7439875E+04  0.7499875E+04  0.7559875E+04  0.7619875E+04  0.7679875E+04  0.7739875E+04  0.7799875E+04
  0.7859875E+04  0.7919875E+04  0.7979875E+04  0.8039875E+04  0.8099875E+04  0.8159875E+04  0.8219875E+04  0.8279875E+04  0.8339875E+04  0.8399875E+04
  0.8459875E+04  0.8519875E+04  0.8579875E+04  0.8639875E+04  0.8699875E+04  0.8759875E+04  0.8819875E+04  0.8879875E+04  0.8939875E+04  0.8999875E+04
  0.9059875E+04  0.9119875E+04  0.9179875E+04  0.9239875E+04  0.9299875E+04  0.9359875E+04  0.9419875E+04  0.9479875E+04  0.9539875E+04  0.9599875E+04
  0.9659875E+04  0.9719875E+04  0.9779875E+04  0.9839875E+04  0.9899875E+04  0.9959875E+04  0.1001988E+05  0.1007988E+05  0.1013988E+05  0.1019988E+05
  0.1025988E+05  0.1031988E+05  0.1037988E+05  0.1043988E+05  0.1049988E+05  0.1055988E+05  0.1061988E+05  0.1067988E+05  0.1073988E+05  0.1079988E+05
  0.1085988E+05  0.1091988E+05  0.1097988E+05  0.1103988E+05  0.1109988E+05  0.1115988E+05  0.1121988E+05  0.1127988E+05  0.1133988E+05  0.1139988E+05
  0.1145988E+05  0.1151988E+05  0.1157988E+05  0.1163988E+05  0.1169988E+05  0.1175988E+05  0.1181988E+05  0.1187988E+05  0.1193988E+05  0.1199988E+05
  0.1205988E+05  0.1211988E+05  0.1217988E+05  0.1223988E+05  0.1229988E+05  0.1235988E+05  0.1241988E+05  0.1247988E+05  0.1253988E+05  0.1259988E+05
  0.1265988E+05  0.1271988E+05  0.1277988E+05  0.1283988E+05  0.1289988E+05  0.1295988E+05  0.1301988E+05  0.1307988E+05  0.1313988E+05  0.1319988E+05
  0.1325988E+05  0.1331988E+05  0.1337988E+05  0.1343988E+05  0.1349988E+05  0.1355988E+05  0.1361988E+05  0.1367988E+05  0.1373988E+05  0.1379988E+05
  0.1385988E+05  0.1391988E+05  0.1397988E+05  0.1403988E+05  0.1409988E+05  0.1415988E+05  0.1421988E+05  0.1427988E+05  0.1433988E+05  0.1439988E+05
  0.1445988E+05  0.1451988E+05  0.1457988E+05  0.1463988E+05  0.1469988E+05  0.1475988E+05  0.1481988E+05  0.1487988E+05  0.1493988E+05  0.1499988E+05
  0.1505988E+05  0.1511988E+05  0.1517988E+05  0.1523988E+05  0.1529988E+05  0.1535988E+05  0.1541988E+05  0.1547988E+05  0.1553988E+05  0.1559988E+05
  0.1565988E+05  0.1571988E+05  0.1577988E+05  0.1583988E+05  0.1589988E+05  0.1595988E+05  0.1601988E+05  0.1607988E+05  0.1613988E+05  0.1619988E+05
  0.1625988E+05  0.1631988E+05  0.1637988E+05  0.1643988E+05  0.1649988E+05  0.1655988E+05  0.1661988E+05  0.1667988E+05  0.1673988E+05  0.1679988E+05
  0.1685988E+05  0.1691988E+05  0.1697988E+05  0.1703988E+05  0.1709988E+05  0.1715988E+05  0.1721988E+05  0.1727988E+05  0.1733988E+05  0.1739988E+05
  0.1745988E+05  0.1751988E+05  0.1757988E+05  0.1763988E+05  0.1769988E+05  0.1775988E+05  0.1781988E+05  0.1787988E+05  0.1793988E+05  0.1799988E+05
  0.1805988E+05  0.1811988E+05  0.1817988E+05  0.1823988E+05  0.1829988E+05  0.1835988E+05  0.1841988E+05  0.1847988E+05  0.1853988E+05  0.1859988E+05
  0.1865988E+05  0.1871988E+05  0.1877988E+05  0.1883988E+05  0.1889988E+05  0.1895988E+05  0.1901988E+05  0.1907988E+05  0.1913988E+05  0.1919988E+05
  0.1925988E+05  0.1931988E+05  0.1937988E+05  0.1943988E+05  0.1949988E+05  0.1955988E+05  0.1961988E+05  0.1967988E+05  0.1973988E+05  0.1979988E+05
  0.1985988E+05  0.1991988E+05  0.1997988E+05  0.2003988E+05  0.2009988E+05  0.2015988E+05  0.2021988E+05  0.2027988E+05  0.2033988E+05  0.2039988E+05
  0.2045988E+05  0.2051988E+05  0.2057988E+05  0.2063988E+05  0.2069988E+05  0.2075988E+05  0.2081988E+05  0.2087988E+05  0.2093988E+05  0.2099988E+05
  0.2105988E+05  0.2111988E+05  0.2117988E+05  0.2123988E+05  0.2129988E+05  0.2135988E+05  0.2141988E+05  0.2147988E+05  0.2153988E+05  0.2159988E+05
  0.2165988E+05  0.2171988E+05  0.2177988E+05  0.2183988E+05  0.2189988E+05  0.2195988E+05  0.2201988E+05  0.2207988E+05  0.2213988E+05  0.2219988E+05
  0.2225988E+05  0.2231988E+05  0.2237988E+05  0.2243988E+05  0.2249988E+05  0.2255988E+05  0.2261988E+05  0.2267988E+05  0.2273988E+05  0.2279988E+05
  0.2285988E+05  0.2291988E+05  0.2297988E+05  0.2303988E+05  0.2309988E+05  0.2315988E+05  0.2321988E+05  0.2327988E+05  0.2333988E+05  0.2339988E+05
  0.2345988E+05  0.2351988E+05  0.2357988E+05  0.2363988E+05  0.2369988E+05  0.2375988E+05  0.2381988E+05  0.2387988E+05  0.2393988E+05  0.2399988E+05
  0.2405988E+05  0.2411988E+05  0.2417988E+05  0.2423988E+05  0.2429988E+05  0.2435988E+05  0.2441988E+05  0.2447988E+05  0.2453988E+05  0.2459988E+05
  0.2465988E+05  0.2471988E+05  0.2477988E+05  0.2483988E+05  0.2489988E+05  0.2495988E+05  0.2501988E+05  0.2507988E+05  0.2513988E+05  0.2519988E+05
  0.2525988E+05  0.2531988E+05  0.2537988E+05  0.2543988E+05  0.2549988E+05  0.2555988E+05  0.2561988E+05  0.2567988E+05  0.2573988E+05  0.2579988E+05
  0.2585988E+05  0.2591988E+05  0.2597988E+05  0.2603988E+05  0.2609988E+05  0.2615988E+05  0.2621988E+05  0.2627988E+05  0.2633988E+05  0.2639988E+05
  0.2645988E+05  0.2651988E+05  0.2657988E+05  0.2663988E+05  0.2669988E+05  0.2675988E+05  0.2681988E+05  0.2687988E+05  0.2693988E+05  0.2699988E+05
  0.2705988E+05  0.2711988E+05  0.2717988E+05  0.2723988E+05  0.2729988E+05  0.2735988E+05  0.2741988E+05  0.2747988E+05  0.2753988E+05  0.2759988E+05
  0.2765988E+05  0.2771988E+05  0.2777988E+05  0.2783988E+05  0.2789988E+05  0.2795988E+05  0.2801988E+05  0.2807988E+05  0.2813988E+05  0.2819988E+05
  0.2825988E+05  0.2831988E+05  0.2837988E+05  0.2843988E+05  0.2849988E+05  0.2855988E+05  0.2861988E+05  0.2867988E+05  0.2873988E+05  0.2879988E+05
  0.2885988E+05  0.2891988E+05  0.2897988E+05  0.2903988E+05  0.2909988E+05  0.2915988E+05  0.2921988E+05  0.2927988E+05  0.2933988E+05  0.2939988E+05
  0.2945988E+05  0.2951988E+05  0.2957988E+05  0.2963988E+05  0.2969988E+05  0.2975988E+05  0.2981988E+05  0.2987988E+05  0.2993988E+05  0.2999988E+05
  0.3005988E+05  0.3011988E+05  0.3017988E+05  0.3023988E+05  0.3029988E+05  0.3035988E+05  0.3041988E+05  0.3047988E+05  0.3053988E+05  0.3059988E+05
  0.3065988E+05  0.3071988E+05  0.3077988E+05  0.3083988E+05  0.3089988E+05  0.3095988E+05  0.3101988E+05  0.3107988E+05  0.3113988E+05  0.3119988E+05
  0.3125988E+05  0.3131988E+05  0.3137988E+05  0.3143988E+05  0.3149988E+05  0.3155988E+05  0.3161988E+05  0.3167988E+05  0.3173988E+05  0.3179988E+05
  0.3185988E+05  0.3191988E+05  0.3197988E+05  0.3203988E+05  0.3209988E+05  0.3215988E+05  0.3221988E+05  0.3227988E+05  0.3233988E+05  0.3239988E+05
  0.1404285E+02  0.2031332E+02  0.2435434E+02  0.2756108E+02  0.3024466E+02  0.3261019E+02  0.3467779E+02  0.3650727E+02  0.3817331E+02  0.3973455E+02
  0.4116711E+02  0.4249223E+02  0.4373231E+02  0.4493337E+02  0.4603462E+02  0.4706282E+02  0.4811228E+02  0.4933522E+02  0.5186798E+02  0.5706335E+02
  0.6316860E+02  0.6855836E+02  0.7403704E+02  0.8546746E+02  0.9861604E+02  0.1090972E+03  0.1184349E+03  0.1273001E+03  0.1373922E+03  0.1481705E+03
  0.1414087E+03  0.1352527E+03  0.1524596E+03  0.1557142E+03  0.1610542E+03  0.1625322E+03  0.1824310E+03  0.1474932E+03  0.1491333E+03  0.1406122E+03
  0.1433928E+03  0.1457151E+03  0.1426532E+03  0.1489350E+03  0.1597140E+03  0.1551939E+03  0.1590005E+03  0.1632176E+03  0.1638487E+03  0.1475566E+03
  0.1481372E+03  0.1437625E+03  0.1488153E+03  0.1551689E+03  0.1633297E+03  0.1622348E+03  0.1528883E+03  0.1591776E+03  0.1657332E+03  0.1553925E+03
  0.1637903E+03  0.1652533E+03  0.1651535E+03  0.1622796E+03  0.1560886E+03  0.1558633E+03  0.1592181E+03  0.1601888E+03  0.1630508E+03  0.1645152E+03
  0.1639054E+03  0.1584992E+03  0.1576754E+03  0.1581178E+03  0.1660996E+03  0.1722303E+03  0.1707114E+03  0.1685961E+03  0.1659384E+03  0.1693934E+03
  0.1703668E+03  0.1730843E+03  0.1727945E+03  0.1657176E+03  0.1624521E+03  0.1663424E+03  0.1722035E+03  0.1739349E+03  0.1734547E+03  0.1728315E+03
  0.1749222E+03  0.1799114E+03  0.1787079E+03  0.1738522E+03  0.1745073E+03  0.1763785E+03  0.1785537E+03  0.1768770E+03  0.1737308E+03  0.1767563E+03
  0.1791231E+03  0.1680267E+03  0.1672302E+03  0.1818035E+03  0.1806852E+03  0.1783344E+03  0.1809861E+03  0.1795850E+03  0.1756151E+03  0.1770943E+03
  0.1802587E+03  0.1838583E+03  0.1863244E+03  0.1826100E+03  0.1800979E+03  0.1789179E+03  0.1798155E+03  0.1793355E+03  0.1830771E+03  0.1831833E+03
  0.1789739E+03  0.1831154E+03  0.1849229E+03  0.1799419E+03  0.1787009E+03  0.1848688E+03  0.1842864E+03  0.1879621E+03  0.1891228E+03  0.1866536E+03
  0.1884349E+03  0.1882929E+03  0.1896233E+03  0.1923358E+03  0.1907153E+03  0.1898533E+03  0.1930953E+03  0.1934113E+03  0.1909032E+03  0.1899692E+03
  0.1903494E+03  0.1934084E+03  0.1917442E+03  0.1924733E+03  0.1926300E+03  0.1918221E+03  0.1926080E+03  0.1918604E+03  0.1930273E+03  0.1931570E+03
  0.1946467E+03  0.1953217E+03  0.1959249E+03  0.1959942E+03  0.1956075E+03  0.1930963E+03  0.1906727E+03  0.1937473E+03  0.1964836E+03  0.1958862E+03
  0.1947373E+03  0.1932791E+03  0.1952712E+03  0.1948170E+03  0.1955219E+03  0.1954583E+03  0.1924233E+03  0.1954471E+03  0.1967392E+03  0.1941562E+03
  0.1961143E+03  0.1963932E+03  0.1918467E+03  0.1919394E+03  0.1933869E+03  0.1913784E+03  0.1906527E+03  0.1915257E+03  0.1912124E+03  0.1947315E+03
  0.1960106E+03  0.1962489E+03  0.1965884E+03  0.1981548E+03  0.2002390E+03  0.2014468E+03  0.1993829E+03  0.1989161E+03  0.1993726E+03  0.1977496E+03
  0.1945839E+03  0.1943011E+03  0.1954574E+03  0.1981485E+03  0.1989776E+03  0.1982025E+03  0.1996529E+03  0.2009659E+03  0.2001248E+03  0.2010355E+03
  0.2029008E+03  0.2029709E+03  0.2038448E+03  0.2066459E+03  0.2033478E+03  0.2000488E+03  0.2033007E+03  0.2021522E+03  0.2018033E+03  0.2015753E+03
  0.2014238E+03  0.1996231E+03  0.2021677E+03  0.2035460E+03  0.2020166E+03  0.1980424E+03  0.2002425E+03  0.2015472E+03  0.2023450E+03  0.2068988E+03
  0.2067517E+03  0.2026310E+03  0.2055304E+03  0.2063595E+03  0.2042208E+03  0.2004326E+03  0.2012917E+03  0.2003752E+03  0.1987351E+03  0.1999602E+03
  0.1988612E+03  0.1985459E+03  0.1995550E+03  0.2044430E+03  0.2041616E+03  0.1978168E+03  0.1967925E+03  0.2011785E+03  0.1997496E+03  0.1975080E+03
  0.1959818E+03  0.1982914E+03  0.2000668E+03  0.2044826E+03  0.2062584E+03  0.1980020E+03  0.1947878E+03  0.2015732E+03  0.2020205E+03  0.2022336E+03
  0.2034554E+03  0.2042652E+03  0.2023665E+03  0.2028897E+03  0.2045273E+03  0.2034937E+03  0.1998935E+03  0.2041060E+03  0.2021923E+03  0.1989411E+03
  0.2000722E+03  0.2011897E+03  0.1990486E+03  0.2067212E+03  0.1996203E+03  0.1896052E+03  0.1969629E+03  0.1996032E+03  0.2007205E+03  0.2049761E+03
  0.2052229E+03  0.2050076E+03  0.2065162E+03  0.2025983E+03  0.2052824E+03  0.2039684E+03  0.2023109E+03  0.2054082E+03  0.2007752E+03  0.1995781E+03
  0.1993590E+03  0.1980365E+03  0.2034189E+03  0.2053925E+03  0.2026007E+03  0.2022361E+03  0.2002874E+03  0.2038657E+03  0.2059563E+03  0.2036282E+03
  0.2065643E+03  0.2056719E+03  0.2003087E+03  0.2034600E+03  0.2062913E+03  0.2089698E+03  0.2034514E+03  0.2011138E+03  0.2029914E+03  0.1995045E+03
  0.2022283E+03  0.2027275E+03  0.1987343E+03  0.2009886E+03  0.1989274E+03  0.1954893E+03  0.2013334E+03  0.1960141E+03  0.1997612E+03  0.1999749E+03
  0.1828068E+03  0.1967976E+03  0.2020097E+03  0.1944401E+03  0.1988266E+03  0.2055664E+03  0.2021855E+03  0.1971938E+03  0.1989895E+03  0.2025446E+03
  0.2000874E+03  0.1996071E+03  0.1958536E+03  0.2022148E+03  0.2014934E+03  0.1809273E+03  0.1942888E+03  0.1978591E+03  0.1969750E+03  0.2010653E+03
  0.1997138E+03  0.1945015E+03  0.1852062E+03  0.1879695E+03  0.1907216E+03  0.1993343E+03  0.1938410E+03  0.1986238E+03  0.1993742E+03  0.1951211E+03
  0.1907028E+03  0.1920859E+03  0.1936187E+03  0.1957672E+03  0.1982315E+03  0.2045975E+03  0.1976993E+03  0.1992511E+03  0.1963521E+03  0.1932345E+03
  0.1951303E+03  0.1950771E+03  0.1940500E+03  0.1929958E+03  0.2004473E+03  0.2029951E+03  0.1965343E+03  0.1934038E+03  0.2005817E+03  0.1974729E+03
  0.1892117E+03  0.1955818E+03  0.1978345E+03  0.1984841E+03  0.1918729E+03  0.1875898E+03  0.1951981E+03  0.1885211E+03  0.1918069E+03  0.1908529E+03
  0.1926223E+03  0.1953372E+03  0.1951155E+03  0.1900842E+03  0.1906672E+03  0.1927464E+03  0.1953042E+03  0.1934845E+03  0.1941460E+03  0.2005319E+03
  0.1949889E+03  0.2019296E+03  0.2047774E+03  0.1952501E+03  0.1956934E+03  0.2005167E+03  0.2031226E+03  0.1984118E+03  0.1949887E+03  0.1965915E+03
  0.1983160E+03  0.1990563E+03  0.1957480E+03  0.1953638E+03  0.2014081E+03  0.2011609E+03  0.1910118E+03  0.1977037E+03  0.1963449E+03  0.2007020E+03
  0.1957083E+03  0.1913975E+03  0.1918915E+03  0.1923552E+03  0.1901093E+03  0.1950706E+03  0.1979414E+03  0.1942209E+03  0.1980734E+03  0.2024530E+03
  0.2002837E+03  0.1939762E+03  0.1981060E+03  0.1981009E+03  0.1961284E+03  0.2023818E+03  0.1967080E+03  0.1986801E+03  0.2010979E+03  0.1984500E+03
  0.1888257E+03  0.1960446E+03  0.1986774E+03  0.2019780E+03  0.1928411E+03  0.1937517E+03  0.1951922E+03  0.1934193E+03  0.1946405E+03  0.1970577E+03
  0.1943455E+03  0.1851489E+03  0.1909659E+03  0.1898604E+03  0.1903853E+03  0.1965337E+03  0.1908994E+03  0.1916861E+03  0.1915562E+03  0.1930942E+03
  0.1902720E+03  0.1914951E+03  0.1892317E+03  0.1913220E+03  0.1962753E+03  0.1928636E+03  0.1911627E+03  0.1931569E+03  0.1937184E+03  0.1920665E+03
  0.1960895E+03  0.1912581E+03  0.1915948E+03  0.1929235E+03  0.1901294E+03  0.1890869E+03  0.1947659E+03  0.1988004E+03  0.1961977E+03  0.1904511E+03
  0.1866216E+03  0.1917167E+03  0.1898055E+03  0.1917072E+03  0.1896627E+03  0.1972256E+03  0.1969255E+03  0.1907779E+03  0.1926320E+03  0.1968427E+03
  0.1959714E+03  0.1893999E+03  0.1895226E+03  0.1943613E+03  0.1908572E+03  0.1970086E+03  0.1917824E+03  0.1941376E+03  0.1941787E+03  0.1918849E+03
  0.1957324E+03  0.1941705E+03  0.2001303E+03  0.1996180E+03  0.1902746E+03  0.1938827E+03  0.1923141E+03  0.1938469E+03  0.1928235E+03  0.1912510E+03
  0.1949419E+03  0.1888587E+03  0.1922450E+03  0.1891274E+03  0.1888020E+03  0.1901389E+03  0.1969034E+03  0.1925112E+03  0.1883024E+03  0.1897966E+03
  0.1970637E+03  0.1894732E+03  0.1957780E+03  0.1933384E+03  0.1971099E+03  0.1926674E+03  0.2010083E+03  0.1956375E+03  0.1927301E+03  0.1916228E+03
  0.1923658E+03  0.1972261E+03  0.1959729E+03  0.1924375E+03  0.1934132E+03  0.1985989E+03  0.1945253E+03  0.1930817E+03  0.1947212E+03  0.1923977E+03
  0.2002142E+03  0.1925102E+03  0.1943485E+03  0.1955718E+03  0.1907818E+03  0.1985287E+03  0.2015653E+03  0.1929619E+03  0.1959026E+03  0.1955299E+03
  0.1995235E+03  0.2004753E+03  0.1988639E+03  0.1999902E+03  0.1996375E+03  0.1997724E+03  0.1981914E+03  0.2004525E+03  0.1989686E+03  0.1944340E+03
 -0.2957456E-04 -0.2282250E-03 -0.3077442E-03 -0.3734905E-03 -0.4308920E-03 -0.4816106E-03 -0.5286103E-03 -0.5720659E-03 -0.6126597E-03 -0.6508448E-03
 -0.6869501E-03 -0.7211709E-03 -0.7537814E-03 -0.7848085E-03 -0.8142337E-03 -0.8418822E-03 -0.8663280E-03 -0.8877227E-03 -0.9029780E-03 -0.9172283E-03
 -0.9757639E-03 -0.1159114E-02 -0.1413861E-02 -0.1674177E-02 -0.1996022E-02 -0.2221345E-02 -0.2466972E-02 -0.2722944E-02 -0.2830857E-02 -0.2882441E-02
 -0.2914758E-02 -0.2959425E-02 -0.2916529E-02 -0.2884327E-02 -0.2950348E-02 -0.3098331E-02 -0.3113751E-02 -0.3108791E-02 -0.3227753E-02 -0.3267741E-02
 -0.3295367E-02 -0.3341160E-02 -0.3604393E-02 -0.3649787E-02 -0.3711176E-02 -0.3815998E-02 -0.3782869E-02 -0.3724818E-02 -0.3698861E-02 -0.3851096E-02
 -0.3953009E-02 -0.4058905E-02 -0.4119934E-02 -0.4026416E-02 -0.4042380E-02 -0.3985159E-02 -0.3985489E-02 -0.4050423E-02 -0.4080365E-02 -0.3994644E-02
 -0.4023535E-02 -0.4103800E-02 -0.4090704E-02 -0.4031025E-02 -0.3982912E-02 -0.4067299E-02 -0.4117127E-02 -0.4212057E-02 -0.4271374E-02 -0.4235228E-02
 -0.4137641E-02 -0.4266832E-02 -0.4515374E-02 -0.4582803E-02 -0.4576369E-02 -0.4503905E-02 -0.4520208E-02 -0.4526720E-02 -0.4582289E-02 -0.4542949E-02
 -0.4544814E-02 -0.4504103E-02 -0.4407862E-02 -0.4408086E-02 -0.4297319E-02 -0.4250668E-02 -0.4276628E-02 -0.4274535E-02 -0.4398876E-02 -0.4447251E-02
 -0.4320385E-02 -0.4312417E-02 -0.4328579E-02 -0.4303697E-02 -0.4306983E-02 -0.4291056E-02 -0.4295667E-02 -0.4287684E-02 -0.4390742E-02 -0.4448660E-02
 -0.4379522E-02 -0.4420213E-02 -0.4337253E-02 -0.4296849E-02 -0.4252230E-02 -0.4276359E-02 -0.4327835E-02 -0.4428459E-02 -0.4420909E-02 -0.4488986E-02
 -0.4461949E-02 -0.4520788E-02 -0.4445073E-02 -0.4462446E-02 -0.4487794E-02 -0.4587442E-02 -0.4673578E-02 -0.4806850E-02 -0.4884670E-02 -0.4833595E-02
 -0.4815388E-02 -0.4915225E-02 -0.4960299E-02 -0.4953475E-02 -0.5097937E-02 -0.5132409E-02 -0.5154634E-02 -0.4993040E-02 -0.4986004E-02 -0.4974182E-02
 -0.4997563E-02 -0.4969438E-02 -0.4930814E-02 -0.4953178E-02 -0.4920957E-02 -0.5034110E-02 -0.5118570E-02 -0.5136244E-02 -0.5305551E-02 -0.5316647E-02
 -0.5379532E-02 -0.5224065E-02 -0.5242175E-02 -0.5313029E-02 -0.5379076E-02 -0.5462352E-02 -0.5524036E-02 -0.5530988E-02 -0.5606507E-02 -0.5746732E-02
 -0.5726482E-02 -0.5647187E-02 -0.5651072E-02 -0.5747267E-02 -0.5821426E-02 -0.5870987E-02 -0.5912644E-02 -0.5736431E-02 -0.5569284E-02 -0.5549527E-02
 -0.5608805E-02 -0.5625748E-02 -0.5800598E-02 -0.5812919E-02 -0.5805028E-02 -0.5844286E-02 -0.5988460E-02 -0.6033791E-02 -0.6013120E-02 -0.5973843E-02
 -0.5941301E-02 -0.5918155E-02 -0.5899045E-02 -0.6083802E-02 -0.6057220E-02 -0.6037433E-02 -0.6094657E-02 -0.6138417E-02 -0.6168318E-02 -0.6130317E-02
 -0.6245104E-02 -0.6146161E-02 -0.6275319E-02 -0.6307893E-02 -0.6345296E-02 -0.6305763E-02 -0.6375091E-02 -0.6372372E-02 -0.6415964E-02 -0.6622732E-02
 -0.6874848E-02 -0.6735665E-02 -0.6896598E-02 -0.6800970E-02 -0.6577211E-02 -0.6494326E-02 -0.6540292E-02 -0.6533399E-02 -0.6466324E-02 -0.6356513E-02
 -0.6423009E-02 -0.6451678E-02 -0.6469153E-02 -0.6437681E-02 -0.6473033E-02 -0.6734959E-02 -0.6655097E-02 -0.6645585E-02 -0.6758296E-02 -0.6817676E-02
 -0.7061468E-02 -0.7204641E-02 -0.7281236E-02 -0.7281515E-02 -0.7377580E-02 -0.7477339E-02 -0.7529217E-02 -0.7294712E-02 -0.7180841E-02 -0.7175293E-02
 -0.7113096E-02 -0.7156548E-02 -0.7226890E-02 -0.7081819E-02 -0.7197089E-02 -0.7119072E-02 -0.7025125E-02 -0.6969094E-02 -0.7152569E-02 -0.7242133E-02
 -0.7367346E-02 -0.7344952E-02 -0.7298625E-02 -0.7393406E-02 -0.7509389E-02 -0.7449925E-02 -0.7419394E-02 -0.7389524E-02 -0.7403582E-02 -0.7469874E-02
 -0.7630399E-02 -0.7618597E-02 -0.7653772E-02 -0.7563932E-02 -0.7373433E-02 -0.7326250E-02 -0.7492801E-02 -0.7605509E-02 -0.7593690E-02 -0.7725209E-02
 -0.7611474E-02 -0.7419664E-02 -0.7630229E-02 -0.7695917E-02 -0.7923933E-02 -0.8013409E-02 -0.8268313E-02 -0.8246374E-02 -0.8415999E-02 -0.8600500E-02
 -0.8732654E-02 -0.8557183E-02 -0.8444093E-02 -0.8593360E-02 -0.8469416E-02 -0.8544522E-02 -0.8446799E-02 -0.8356025E-02 -0.8406908E-02 -0.8279571E-02
 -0.8235227E-02 -0.8453490E-02 -0.8362669E-02 -0.8236811E-02 -0.8111406E-02 -0.8212852E-02 -0.8293763E-02 -0.8462548E-02 -0.8718103E-02 -0.8842004E-02
 -0.8752345E-02 -0.8750938E-02 -0.8565504E-02 -0.8534338E-02 -0.8531814E-02 -0.8374188E-02 -0.8311647E-02 -0.8320700E-02 -0.8423124E-02 -0.8600246E-02
 -0.8905465E-02 -0.8865062E-02 -0.8794680E-02 -0.8869952E-02 -0.8638181E-02 -0.8465866E-02 -0.8403882E-02 -0.8487068E-02 -0.8405536E-02 -0.8680718E-02
 -0.8657883E-02 -0.8610738E-02 -0.8624294E-02 -0.8532020E-02 -0.8482396E-02 -0.8679802E-02 -0.8691684E-02 -0.8642551E-02 -0.8851772E-02 -0.9105519E-02
 -0.9221459E-02 -0.9172877E-02 -0.8945147E-02 -0.8938442E-02 -0.8730389E-02 -0.8551949E-02 -0.8686384E-02 -0.8894800E-02 -0.8704148E-02 -0.8601321E-02
 -0.8821033E-02 -0.8659327E-02 -0.8710021E-02 -0.8921660E-02 -0.8951927E-02 -0.9155205E-02 -0.9247266E-02 -0.9387607E-02 -0.9214275E-02 -0.9319477E-02
 -0.9330655E-02 -0.9486982E-02 -0.9465033E-02 -0.9473667E-02 -0.9445584E-02 -0.9401808E-02 -0.9399979E-02 -0.9282311E-02 -0.9203475E-02 -0.9199092E-02
 -0.9383947E-02 -0.9459684E-02 -0.9472324E-02 -0.9227504E-02 -0.9050418E-02 -0.8823628E-02 -0.9237673E-02 -0.9543684E-02 -0.9699052E-02 -0.9494964E-02
 -0.9497100E-02 -0.9458037E-02 -0.9575849E-02 -0.9607499E-02 -0.9689181E-02 -0.9630606E-02 -0.9551717E-02 -0.9190467E-02 -0.9262929E-02 -0.9264973E-02
 -0.9439712E-02 -0.9724434E-02 -0.9747630E-02 -0.9635131E-02 -0.9907888E-02 -0.1012050E-01 -0.1021509E-01 -0.1038509E-01 -0.1044880E-01 -0.1038919E-01
 -0.1001839E-01 -0.9756153E-02 -0.9850564E-02 -0.9928983E-02 -0.9953423E-02 -0.9762781E-02 -0.9761678E-02 -0.9749083E-02 -0.9812553E-02 -0.9838294E-02
 -0.9784536E-02 -0.1014471E-01 -0.1041564E-01 -0.1040360E-01 -0.1045717E-01 -0.1024485E-01 -0.1001570E-01 -0.9983298E-02 -0.1015575E-01 -0.1025389E-01
 -0.1019632E-01 -0.1027320E-01 -0.1027697E-01 -0.1029118E-01 -0.1024124E-01 -0.1017136E-01 -0.1004734E-01 -0.9936705E-02 -0.9894662E-02 -0.1014990E-01
 -0.9992335E-02 -0.1015516E-01 -0.1012827E-01 -0.1015965E-01 -0.9992208E-02 -0.9811919E-02 -0.9770293E-02 -0.9779654E-02 -0.9556351E-02 -0.9562642E-02
 -0.9648949E-02 -0.9839866E-02 -0.1019086E-01 -0.1035301E-01 -0.1024671E-01 -0.1007511E-01 -0.1008294E-01 -0.1012538E-01 -0.1031078E-01 -0.1016882E-01
 -0.1033117E-01 -0.1040673E-01 -0.1023977E-01 -0.1038613E-01 -0.1054407E-01 -0.1083318E-01 -0.1072140E-01 -0.1083721E-01 -0.1047021E-01 -0.1058440E-01
 -0.1068257E-01 -0.1102659E-01 -0.1120598E-01 -0.1127695E-01 -0.1057235E-01 -0.1055860E-01 -0.1050230E-01 -0.1055965E-01 -0.1078961E-01 -0.1059955E-01
 -0.1086617E-01 -0.1108190E-01 -0.1107148E-01 -0.1082163E-01 -0.1077211E-01 -0.1063832E-01 -0.1044867E-01 -0.1056143E-01 -0.1036982E-01 -0.1039063E-01
 -0.1015089E-01 -0.9996083E-02 -0.1019660E-01 -0.1026376E-01 -0.1065678E-01 -0.1042406E-01 -0.1006112E-01 -0.1013515E-01 -0.1000179E-01 -0.1019136E-01
 -0.1054575E-01 -0.1064516E-01 -0.1061604E-01 -0.1063695E-01 -0.1052210E-01 -0.1033134E-01 -0.1056531E-01 -0.1062891E-01 -0.1058792E-01 -0.1079261E-01
 -0.1088557E-01 -0.1099824E-01 -0.1091782E-01 -0.1078122E-01 -0.1088163E-01 -0.1071328E-01 -0.1079146E-01 -0.1068569E-01 -0.1102332E-01 -0.1070500E-01
 -0.1054005E-01 -0.1035159E-01 -0.1057825E-01 -0.1070176E-01 -0.1085561E-01 -0.1070658E-01 -0.1085332E-01 -0.1107762E-01 -0.1102745E-01 -0.1069382E-01
 -0.1089103E-01 -0.1078515E-01 -0.1066738E-01 -0.1091522E-01 -0.1125978E-01 -0.1140026E-01 -0.1115606E-01 -0.1092771E-01 -0.1083928E-01 -0.1084164E-01
 -0.1058636E-01 -0.1054411E-01 -0.1055051E-01 -0.1017537E-01 -0.1022616E-01 -0.1036516E-01 -0.1061514E-01 -0.1061298E-01 -0.1088330E-01 -0.1080067E-01
 -0.1066480E-01 -0.1064384E-01 -0.1086039E-01 -0.1082154E-01 -0.1083125E-01 -0.1070802E-01 -0.1062714E-01 -0.1056670E-01 -0.1052434E-01 -0.1051132E-01
 -0.1046268E-01 -0.1053147E-01 -0.1028818E-01 -0.1029412E-01 -0.1025425E-01 -0.1047534E-01 -0.1083444E-01 -0.1095820E-01 -0.1081171E-01 -0.1068632E-01
 -0.1075913E-01 -0.1075556E-01 -0.1059763E-01 -0.1060355E-01 -0.1071514E-01 -0.1064439E-01 -0.1061065E-01 -0.1044178E-01 -0.1007745E-01 -0.1041502E-01
  0.6109063E+00  0.4952947E+00  0.4296316E+00  0.3886819E+00  0.3598868E+00  0.3378113E+00  0.3206519E+00  0.3065723E+00  0.2947199E+00  0.2845419E+00
  0.2756633E+00  0.2678156E+00  0.2608166E+00  0.2545021E+00  0.2487522E+00  0.2433861E+00  0.2381504E+00  0.2329267E+00  0.2271427E+00  0.2207807E+00
  0.2180194E+00  0.2353054E+00  0.2614154E+00  0.2890498E+00  0.3174619E+00  0.3317591E+00  0.3529221E+00  0.3675122E+00  0.3758917E+00  0.3734736E+00
  0.3708832E+00  0.3670776E+00  0.3601435E+00  0.3503643E+00  0.3445440E+00  0.3450107E+00  0.3394163E+00  0.3338890E+00  0.3347522E+00  0.3299260E+00
  0.3275222E+00  0.3219018E+00  0.3264155E+00  0.3240575E+00  0.3220024E+00  0.3203976E+00  0.3165402E+00  0.3074073E+00  0.3008084E+00  0.3003393E+00
  0.3010677E+00  0.3017998E+00  0.3010809E+00  0.2926970E+00  0.2926581E+00  0.2854092E+00  0.2818404E+00  0.2814153E+00  0.2814042E+00  0.2759252E+00
  0.2738985E+00  0.2759450E+00  0.2722262E+00  0.2700910E+00  0.2653608E+00  0.2636631E+00  0.2624226E+00  0.2630742E+00  0.2639564E+00  0.2599104E+00
  0.2540415E+00  0.2547802E+00  0.2612841E+00  0.2620363E+00  0.2583658E+00  0.2565946E+00  0.2558071E+00  0.2542402E+00  0.2535248E+00  0.2529337E+00
  0.2494763E+00  0.2474369E+00  0.2436173E+00  0.2409921E+00  0.2378510E+00  0.2348063E+00  0.2340157E+00  0.2338297E+00  0.2346152E+00  0.2336389E+00
  0.2309961E+00  0.2291210E+00  0.2291474E+00  0.2273307E+00  0.2261992E+00  0.2256856E+00  0.2246602E+00  0.2248985E+00  0.2231437E+00  0.2260627E+00
  0.2245107E+00  0.2235783E+00  0.2206201E+00  0.2188916E+00  0.2161589E+00  0.2171470E+00  0.2172125E+00  0.2172514E+00  0.2179482E+00  0.2188123E+00
  0.2183642E+00  0.2191066E+00  0.2185808E+00  0.2161521E+00  0.2157914E+00  0.2167204E+00  0.2199563E+00  0.2198589E+00  0.2214440E+00  0.2231630E+00
  0.2203699E+00  0.2221352E+00  0.2236004E+00  0.2227076E+00  0.2228702E+00  0.2278943E+00  0.2264210E+00  0.2237774E+00  0.2220670E+00  0.2213274E+00
  0.2197759E+00  0.2185483E+00  0.2196313E+00  0.2184343E+00  0.2177202E+00  0.2180773E+00  0.2184766E+00  0.2209123E+00  0.2238103E+00  0.2239355E+00
  0.2235125E+00  0.2196734E+00  0.2189279E+00  0.2223646E+00  0.2234737E+00  0.2237308E+00  0.2247660E+00  0.2242486E+00  0.2259981E+00  0.2302162E+00
  0.2271969E+00  0.2262892E+00  0.2248336E+00  0.2274459E+00  0.2291608E+00  0.2298374E+00  0.2297095E+00  0.2287511E+00  0.2234282E+00  0.2228576E+00
  0.2231590E+00  0.2236815E+00  0.2254228E+00  0.2286450E+00  0.2292430E+00  0.2298336E+00  0.2310164E+00  0.2313341E+00  0.2313490E+00  0.2325093E+00
  0.2308504E+00  0.2297966E+00  0.2286089E+00  0.2322194E+00  0.2316025E+00  0.2286992E+00  0.2324531E+00  0.2318297E+00  0.2330757E+00  0.2325300E+00
  0.2331680E+00  0.2331564E+00  0.2335705E+00  0.2336522E+00  0.2338140E+00  0.2332324E+00  0.2360499E+00  0.2349899E+00  0.2357877E+00  0.2410213E+00
  0.2433454E+00  0.2435422E+00  0.2445553E+00  0.2401899E+00  0.2369469E+00  0.2377730E+00  0.2366317E+00  0.2360097E+00  0.2353999E+00  0.2353702E+00
  0.2326685E+00  0.2339212E+00  0.2348195E+00  0.2352645E+00  0.2369909E+00  0.2382186E+00  0.2386251E+00  0.2371835E+00  0.2393412E+00  0.2384807E+00
  0.2424923E+00  0.2459563E+00  0.2459577E+00  0.2465537E+00  0.2484553E+00  0.2505733E+00  0.2505778E+00  0.2477757E+00  0.2450231E+00  0.2447431E+00
  0.2430852E+00  0.2436662E+00  0.2432101E+00  0.2416845E+00  0.2427044E+00  0.2416426E+00  0.2388754E+00  0.2396924E+00  0.2433729E+00  0.2454904E+00
  0.2454069E+00  0.2457495E+00  0.2455935E+00  0.2468428E+00  0.2468909E+00  0.2459498E+00  0.2440076E+00  0.2446726E+00  0.2443021E+00  0.2455081E+00
  0.2484164E+00  0.2487043E+00  0.2487089E+00  0.2485961E+00  0.2459866E+00  0.2417285E+00  0.2461333E+00  0.2492615E+00  0.2469545E+00  0.2497216E+00
  0.2491109E+00  0.2471596E+00  0.2466740E+00  0.2493286E+00  0.2510607E+00  0.2525526E+00  0.2550857E+00  0.2552355E+00  0.2580914E+00  0.2608062E+00
  0.2607034E+00  0.2614315E+00  0.2591827E+00  0.2589855E+00  0.2582524E+00  0.2592326E+00  0.2592496E+00  0.2552998E+00  0.2571298E+00  0.2548518E+00
  0.2521954E+00  0.2562033E+00  0.2553358E+00  0.2559816E+00  0.2527328E+00  0.2515563E+00  0.2541086E+00  0.2565413E+00  0.2598543E+00  0.2607048E+00
  0.2605616E+00  0.2609232E+00  0.2575160E+00  0.2556322E+00  0.2577147E+00  0.2549158E+00  0.2528344E+00  0.2529917E+00  0.2550766E+00  0.2570150E+00
  0.2612773E+00  0.2637614E+00  0.2601914E+00  0.2596990E+00  0.2583163E+00  0.2563048E+00  0.2536832E+00  0.2531579E+00  0.2546575E+00  0.2573828E+00
  0.2592990E+00  0.2586052E+00  0.2594299E+00  0.2582121E+00  0.2554975E+00  0.2581374E+00  0.2575343E+00  0.2572765E+00  0.2578426E+00  0.2622492E+00
  0.2652252E+00  0.2637186E+00  0.2609906E+00  0.2625170E+00  0.2585862E+00  0.2541797E+00  0.2565879E+00  0.2598789E+00  0.2559604E+00  0.2570366E+00
  0.2581545E+00  0.2573244E+00  0.2575236E+00  0.2568297E+00  0.2597378E+00  0.2628213E+00  0.2637858E+00  0.2622413E+00  0.2647911E+00  0.2615445E+00
  0.2656510E+00  0.2632052E+00  0.2645423E+00  0.2644753E+00  0.2664909E+00  0.2638959E+00  0.2636094E+00  0.2635761E+00  0.2621580E+00  0.2626204E+00
  0.2651232E+00  0.2644274E+00  0.2647702E+00  0.2618686E+00  0.2598938E+00  0.2562452E+00  0.2604502E+00  0.2652018E+00  0.2675190E+00  0.2655217E+00
  0.2633065E+00  0.2649086E+00  0.2656633E+00  0.2667655E+00  0.2649858E+00  0.2644728E+00  0.2642159E+00  0.2601217E+00  0.2603266E+00  0.2613205E+00
  0.2628675E+00  0.2662558E+00  0.2682291E+00  0.2670658E+00  0.2659196E+00  0.2715622E+00  0.2731625E+00  0.2743412E+00  0.2748159E+00  0.2731417E+00
  0.2695911E+00  0.2673840E+00  0.2652254E+00  0.2663495E+00  0.2678571E+00  0.2633791E+00  0.2646175E+00  0.2646103E+00  0.2663071E+00  0.2641058E+00
  0.2662342E+00  0.2688594E+00  0.2719606E+00  0.2739418E+00  0.2726064E+00  0.2722421E+00  0.2663724E+00  0.2654483E+00  0.2663263E+00  0.2706230E+00
  0.2672667E+00  0.2675797E+00  0.2701551E+00  0.2688549E+00  0.2701104E+00  0.2681737E+00  0.2648910E+00  0.2650066E+00  0.2626130E+00  0.2667887E+00
  0.2658243E+00  0.2663393E+00  0.2693414E+00  0.2669321E+00  0.2669852E+00  0.2620631E+00  0.2617576E+00  0.2637568E+00  0.2603997E+00  0.2594708E+00
  0.2585817E+00  0.2614385E+00  0.2667315E+00  0.2697212E+00  0.2673731E+00  0.2651163E+00  0.2656874E+00  0.2648435E+00  0.2670953E+00  0.2659285E+00
  0.2668749E+00  0.2709796E+00  0.2678189E+00  0.2680322E+00  0.2700317E+00  0.2732390E+00  0.2735336E+00  0.2707130E+00  0.2685889E+00  0.2691845E+00
  0.2711673E+00  0.2759849E+00  0.2759850E+00  0.2746404E+00  0.2696438E+00  0.2676862E+00  0.2674105E+00  0.2665134E+00  0.2702680E+00  0.2678152E+00
  0.2693879E+00  0.2720201E+00  0.2711129E+00  0.2700543E+00  0.2716791E+00  0.2690088E+00  0.2659868E+00  0.2668650E+00  0.2668934E+00  0.2652979E+00
  0.2634626E+00  0.2610852E+00  0.2638912E+00  0.2654782E+00  0.2687365E+00  0.2669752E+00  0.2613890E+00  0.2601437E+00  0.2606841E+00  0.2639307E+00
  0.2654683E+00  0.2692535E+00  0.2675850E+00  0.2683125E+00  0.2673144E+00  0.2629735E+00  0.2640184E+00  0.2657012E+00  0.2674940E+00  0.2674793E+00
  0.2715285E+00  0.2734700E+00  0.2725845E+00  0.2687867E+00  0.2704228E+00  0.2678680E+00  0.2677424E+00  0.2647070E+00  0.2693413E+00  0.2664570E+00
  0.2645328E+00  0.2606907E+00  0.2652503E+00  0.2682544E+00  0.2682076E+00  0.2659746E+00  0.2692059E+00  0.2717553E+00  0.2701875E+00  0.2702271E+00
  0.2689375E+00  0.2689278E+00  0.2664917E+00  0.2700864E+00  0.2728850E+00  0.2749611E+00  0.2743305E+00  0.2688992E+00  0.2662925E+00  0.2682125E+00
  0.2662936E+00  0.2635004E+00  0.2660407E+00  0.2610621E+00  0.2566292E+00  0.2598135E+00  0.2628303E+00  0.2636735E+00  0.2650808E+00  0.2650016E+00
  0.2643790E+00  0.2618386E+00  0.2646428E+00  0.2654291E+00  0.2635696E+00  0.2619950E+00  0.2625215E+00  0.2631870E+00  0.2586875E+00  0.2606875E+00
  0.2603008E+00  0.2598944E+00  0.2568251E+00  0.2551656E+00  0.2557118E+00  0.2576932E+00  0.2636423E+00  0.2651900E+00  0.2647997E+00  0.2642564E+00
  0.2606819E+00  0.2628930E+00  0.2628632E+00  0.2619326E+00  0.2613571E+00  0.2614889E+00  0.2597377E+00  0.2607733E+00  0.2549649E+00  0.2558781E+00
  0.5176693E+06  0.3574988E+05  0.1730396E+05  0.1055724E+05  0.7264006E+04  0.5374938E+04  0.4188060E+04  0.3382203E+04  0.2805795E+04  0.2376885E+04
  0.2047665E+04  0.1788612E+04  0.1580547E+04  0.1410450E+04  0.1269401E+04  0.1149960E+04  0.1046932E+04  0.9559324E+03  0.8714971E+03  0.7878672E+03
  0.7131611E+03  0.7547740E+03  0.8484648E+03  0.9686425E+03  0.1076358E+04  0.1103823E+04  0.1196518E+04  0.1224118E+04  0.1259846E+04  0.1213574E+04
  0.1175319E+04  0.1122311E+04  0.1075492E+04  0.1001295E+04  0.9309101E+03  0.8900551E+03  0.8432596E+03  0.8040110E+03  0.7803994E+03  0.7379871E+03
  0.7159216E+03  0.6703779E+03  0.6479285E+03  0.6261028E+03  0.6041052E+03  0.5787706E+03  0.5630049E+03  0.5237023E+03  0.4941385E+03  0.4723881E+03
  0.4635659E+03  0.4547731E+03  0.4448426E+03  0.4181994E+03  0.4163817E+03  0.3917464E+03  0.3772030E+03  0.3694789E+03  0.3667243E+03  0.3531367E+03
  0.3429322E+03  0.3438178E+03  0.3311608E+03  0.3282176E+03  0.3150334E+03  0.3026138E+03  0.2947517E+03  0.2902602E+03  0.2891185E+03  0.2783820E+03
  0.2660774E+03  0.2602785E+03  0.2652724E+03  0.2636333E+03  0.2530643E+03  0.2518837E+03  0.2486717E+03  0.2437787E+03  0.2387952E+03  0.2391823E+03
  0.2294133E+03  0.2258561E+03  0.2202639E+03  0.2132090E+03  0.2102638E+03  0.2045120E+03  0.2012244E+03  0.2008432E+03  0.1971396E+03  0.1925708E+03
  0.1915750E+03  0.1872928E+03  0.1866580E+03  0.1833071E+03  0.1804460E+03  0.1798847E+03  0.1772536E+03  0.1781491E+03  0.1699273E+03  0.1743830E+03
  0.1735126E+03  0.1697824E+03  0.1662521E+03  0.1639021E+03  0.1594958E+03  0.1607807E+03  0.1590122E+03  0.1554827E+03  0.1572516E+03  0.1567162E+03
  0.1566991E+03  0.1562424E+03  0.1577625E+03  0.1519680E+03  0.1503545E+03  0.1489963E+03  0.1528997E+03  0.1484631E+03  0.1492807E+03  0.1543987E+03
  0.1492356E+03  0.1497461E+03  0.1513411E+03  0.1497414E+03  0.1458171E+03  0.1548553E+03  0.1512164E+03  0.1507061E+03  0.1474845E+03  0.1463628E+03
  0.1426360E+03  0.1410530E+03  0.1442817E+03  0.1412947E+03  0.1408294E+03  0.1383426E+03  0.1368084E+03  0.1409488E+03  0.1418916E+03  0.1418332E+03
  0.1393824E+03  0.1362608E+03  0.1344122E+03  0.1389639E+03  0.1393216E+03  0.1376717E+03  0.1380327E+03  0.1369094E+03  0.1382512E+03  0.1425718E+03
  0.1375201E+03  0.1377863E+03  0.1350516E+03  0.1374738E+03  0.1388156E+03  0.1388667E+03  0.1376581E+03  0.1401183E+03  0.1344811E+03  0.1339286E+03
  0.1330515E+03  0.1335847E+03  0.1326075E+03  0.1380823E+03  0.1393577E+03  0.1394942E+03  0.1382484E+03  0.1377767E+03  0.1382770E+03  0.1412909E+03
  0.1390457E+03  0.1376864E+03  0.1360018E+03  0.1382189E+03  0.1377221E+03  0.1330420E+03  0.1383898E+03  0.1363006E+03  0.1378387E+03  0.1377212E+03
  0.1363057E+03  0.1384793E+03  0.1363532E+03  0.1357914E+03  0.1352717E+03  0.1351065E+03  0.1385389E+03  0.1367394E+03  0.1371982E+03  0.1419633E+03
  0.1407517E+03  0.1440088E+03  0.1424109E+03  0.1368171E+03  0.1358184E+03  0.1389955E+03  0.1360406E+03  0.1351131E+03  0.1354591E+03  0.1377470E+03
  0.1316805E+03  0.1332243E+03  0.1344009E+03  0.1358271E+03  0.1380811E+03  0.1347841E+03  0.1371011E+03  0.1348239E+03  0.1362267E+03  0.1335889E+03
  0.1355956E+03  0.1386784E+03  0.1372219E+03  0.1382166E+03  0.1395975E+03  0.1412876E+03  0.1403217E+03  0.1400281E+03  0.1375602E+03  0.1371951E+03
  0.1356013E+03  0.1357467E+03  0.1336719E+03  0.1338593E+03  0.1333899E+03  0.1330896E+03  0.1302888E+03  0.1326886E+03  0.1353323E+03  0.1371779E+03
  0.1347089E+03  0.1356863E+03  0.1362877E+03  0.1366042E+03  0.1345729E+03  0.1341018E+03  0.1314887E+03  0.1331026E+03  0.1322473E+03  0.1330243E+03
  0.1349088E+03  0.1355882E+03  0.1349725E+03  0.1363899E+03  0.1355538E+03  0.1294639E+03  0.1336330E+03  0.1367365E+03  0.1331819E+03  0.1353645E+03
  0.1363818E+03  0.1366454E+03  0.1320929E+03  0.1352393E+03  0.1341041E+03  0.1349850E+03  0.1347996E+03  0.1353964E+03  0.1371710E+03  0.1385087E+03
  0.1362513E+03  0.1402136E+03  0.1384560E+03  0.1357408E+03  0.1365609E+03  0.1369077E+03  0.1385189E+03  0.1337207E+03  0.1357901E+03  0.1342463E+03
  0.1307925E+03  0.1335873E+03  0.1336710E+03  0.1367458E+03  0.1336398E+03  0.1301543E+03  0.1328476E+03  0.1339732E+03  0.1351495E+03  0.1345685E+03
  0.1357230E+03  0.1363108E+03  0.1338773E+03  0.1314388E+03  0.1347171E+03  0.1328295E+03  0.1305775E+03  0.1306790E+03  0.1323078E+03  0.1325596E+03
  0.1344917E+03  0.1389949E+03  0.1344949E+03  0.1325978E+03  0.1339924E+03  0.1335506E+03  0.1304494E+03  0.1283701E+03  0.1319323E+03  0.1318954E+03
  0.1352190E+03  0.1348710E+03  0.1359514E+03  0.1354955E+03  0.1320348E+03  0.1330730E+03  0.1319618E+03  0.1323138E+03  0.1300412E+03  0.1330101E+03
  0.1358600E+03  0.1342652E+03  0.1334548E+03  0.1359119E+03  0.1329932E+03  0.1289450E+03  0.1305919E+03  0.1325024E+03  0.1293716E+03  0.1325766E+03
  0.1309684E+03  0.1321313E+03  0.1316676E+03  0.1275079E+03  0.1314425E+03  0.1331559E+03  0.1332871E+03  0.1290017E+03  0.1352995E+03  0.1289117E+03
  0.1349178E+03  0.1290632E+03  0.1313439E+03  0.1311246E+03  0.1345444E+03  0.1312604E+03  0.1308588E+03  0.1324674E+03  0.1314573E+03  0.1322170E+03
  0.1333536E+03  0.1312471E+03  0.1315823E+03  0.1306812E+03  0.1302465E+03  0.1280463E+03  0.1284276E+03  0.1312382E+03  0.1325505E+03  0.1323895E+03
  0.1290745E+03  0.1319879E+03  0.1314814E+03  0.1326861E+03  0.1289519E+03  0.1289841E+03  0.1296709E+03  0.1285994E+03  0.1278952E+03  0.1293372E+03
  0.1292108E+03  0.1303407E+03  0.1329430E+03  0.1327529E+03  0.1274432E+03  0.1328781E+03  0.1339886E+03  0.1335087E+03  0.1333847E+03  0.1317133E+03
  0.1313306E+03  0.1315753E+03  0.1271836E+03  0.1277903E+03  0.1296534E+03  0.1256659E+03  0.1274612E+03  0.1276155E+03  0.1292448E+03  0.1257363E+03
  0.1295086E+03  0.1286421E+03  0.1296818E+03  0.1326901E+03  0.1300891E+03  0.1322535E+03  0.1267166E+03  0.1258093E+03  0.1249042E+03  0.1297933E+03
  0.1257297E+03  0.1252278E+03  0.1288313E+03  0.1268048E+03  0.1292166E+03  0.1273258E+03  0.1242218E+03  0.1257692E+03  0.1229121E+03  0.1256282E+03
  0.1262304E+03  0.1249298E+03  0.1295452E+03  0.1257103E+03  0.1278931E+03  0.1231715E+03  0.1232643E+03  0.1259894E+03  0.1240727E+03  0.1226689E+03
  0.1203262E+03  0.1219456E+03  0.1250429E+03  0.1272698E+03  0.1252609E+03  0.1241957E+03  0.1249029E+03  0.1231980E+03  0.1240950E+03  0.1241855E+03
  0.1235437E+03  0.1283933E+03  0.1259738E+03  0.1244957E+03  0.1253958E+03  0.1264501E+03  0.1281822E+03  0.1229297E+03  0.1242671E+03  0.1237460E+03
  0.1253382E+03  0.1280154E+03  0.1259660E+03  0.1233527E+03  0.1245221E+03  0.1219884E+03  0.1222639E+03  0.1203801E+03  0.1228641E+03  0.1216930E+03
  0.1208105E+03  0.1219651E+03  0.1208626E+03  0.1222103E+03  0.1250015E+03  0.1228778E+03  0.1209390E+03  0.1208367E+03  0.1231089E+03  0.1206720E+03
  0.1209761E+03  0.1195540E+03  0.1210225E+03  0.1224128E+03  0.1222928E+03  0.1225809E+03  0.1191962E+03  0.1166425E+03  0.1189359E+03  0.1211391E+03
  0.1191263E+03  0.1231342E+03  0.1211909E+03  0.1219418E+03  0.1219023E+03  0.1182024E+03  0.1169680E+03  0.1185057E+03  0.1213887E+03  0.1190669E+03
  0.1234930E+03  0.1248684E+03  0.1245703E+03  0.1209490E+03  0.1220346E+03  0.1204722E+03  0.1194313E+03  0.1165576E+03  0.1190265E+03  0.1186702E+03
  0.1179351E+03  0.1149255E+03  0.1184679E+03  0.1211245E+03  0.1193455E+03  0.1180094E+03  0.1207086E+03  0.1216563E+03  0.1201068E+03  0.1239084E+03
  0.1199311E+03  0.1210956E+03  0.1191353E+03  0.1212056E+03  0.1211870E+03  0.1224464E+03  0.1242677E+03  0.1194776E+03  0.1169831E+03  0.1195059E+03
  0.1197795E+03  0.1165147E+03  0.1198444E+03  0.1174163E+03  0.1109821E+03  0.1136204E+03  0.1148544E+03  0.1159869E+03  0.1149268E+03  0.1157022E+03
  0.1163522E+03  0.1132530E+03  0.1145993E+03  0.1160389E+03  0.1135153E+03  0.1127760E+03  0.1143208E+03  0.1158514E+03  0.1104532E+03  0.1131749E+03
  0.1131959E+03  0.1119306E+03  0.1105658E+03  0.1083737E+03  0.1094952E+03  0.1096953E+03  0.1135758E+03  0.1142823E+03  0.1153201E+03  0.1159566E+03
  0.1105611E+03  0.1134360E+03  0.1150873E+03  0.1138057E+03  0.1118798E+03  0.1127940E+03  0.1108945E+03  0.1140412E+03  0.1104428E+03  0.1080156E+03
  0.1078212E+00  0.1500045E+00  0.1697565E+00  0.1641043E+00  0.1464589E+00  0.1396898E+00  0.1408963E+00  0.1375511E+00  0.1310421E+00  0.1314321E+00
  0.1218347E+00  0.1187573E+00  0.1174413E+00  0.1204638E+00  0.1209183E+00  0.1894892E+00  0.3652541E+00  0.7050828E+00  0.1111174E+01  0.1356602E+01
  0.1737889E+01  0.1388976E+01  0.1713060E+01  0.1938079E+01  0.2087680E+01  0.1926813E+01  0.2005982E+01  0.1749780E+01  0.1865970E+01  0.1957631E+01
  0.1479972E+01  0.1543369E+01  0.1452520E+01  0.1273785E+01  0.1652877E+01  0.1437310E+01  0.1287370E+01  0.1283772E+01  0.1359205E+01  0.1389402E+01
  0.1624322E+01  0.1768785E+01  0.1858124E+01  0.1439469E+01  0.1402051E+01  0.1703777E+01  0.1678196E+01  0.1478347E+01  0.1508622E+01  0.1568035E+01
  0.1428443E+01  0.1355846E+01  0.1598467E+01  0.1334272E+01  0.1617783E+01  0.1143063E+01  0.1182708E+01  0.1289490E+01  0.1440790E+01  0.1072585E+01
  0.1055232E+01  0.1076557E+01  0.1123507E+01  0.1238985E+01  0.1345940E+01  0.1191956E+01  0.1344417E+01  0.1406828E+01  0.1383165E+01  0.1274586E+01
  0.1328567E+01  0.1421508E+01  0.1246244E+01  0.1144556E+01  0.1526109E+01  0.1311943E+01  0.1256675E+01  0.1180288E+01  0.1134488E+01  0.1216595E+01
  0.1073691E+01  0.1203729E+01  0.9808105E+00  0.9113092E+00  0.9479145E+00  0.9439213E+00  0.9774304E+00  0.9015766E+00  0.9357876E+00  0.1132114E+01
  0.9064630E+00  0.9609891E+00  0.9699485E+00  0.1080497E+01  0.1291669E+01  0.9370632E+00  0.8568990E+00  0.9730121E+00  0.1089788E+01  0.8542114E+00
  0.8504136E+00  0.9229769E+00  0.8457509E+00  0.8761079E+00  0.8359064E+00  0.8871905E+00  0.9514206E+00  0.9283632E+00  0.8884535E+00  0.1011778E+01
  0.1011712E+01  0.9423854E+00  0.9676459E+00  0.1105647E+01  0.9418820E+00  0.1092024E+01  0.8904331E+00  0.9068038E+00  0.9838859E+00  0.1049167E+01
  0.9555632E+00  0.9265795E+00  0.1008762E+01  0.1063526E+01  0.1091945E+01  0.1006227E+01  0.1037290E+01  0.1116655E+01  0.1125681E+01  0.8934608E+00
  0.8346232E+00  0.1118806E+01  0.9690980E+00  0.9598764E+00  0.9146129E+00  0.8270019E+00  0.9577472E+00  0.9371460E+00  0.9947516E+00  0.1070874E+01
  0.9621122E+00  0.8588392E+00  0.1052175E+01  0.9803284E+00  0.9766665E+00  0.9037067E+00  0.1016850E+01  0.9066060E+00  0.1036458E+01  0.1014904E+01
  0.1056189E+01  0.8958568E+00  0.9184969E+00  0.1005088E+01  0.9439703E+00  0.8545415E+00  0.1006002E+01  0.9175056E+00  0.9452403E+00  0.8272232E+00
  0.1035397E+01  0.8172123E+00  0.9345040E+00  0.9601806E+00  0.1062981E+01  0.9339387E+00  0.1008400E+01  0.1041013E+01  0.8323509E+00  0.1041929E+01
  0.1037047E+01  0.9975030E+00  0.8780400E+00  0.8971817E+00  0.8580092E+00  0.1001764E+01  0.9177020E+00  0.1072641E+01  0.9028488E+00  0.1096514E+01
  0.9276654E+00  0.1306206E+01  0.9977220E+00  0.8771726E+00  0.1012982E+01  0.9460959E+00  0.1029551E+01  0.1036422E+01  0.1128419E+01  0.1113063E+01
  0.1009982E+01  0.9719986E+00  0.1129439E+01  0.1093249E+01  0.9282855E+00  0.9544091E+00  0.1044063E+01  0.1144044E+01  0.9035307E+00  0.1027241E+01
  0.1294264E+01  0.9250515E+00  0.8772758E+00  0.9801506E+00  0.1074711E+01  0.1035685E+01  0.9136423E+00  0.1148153E+01  0.1019203E+01  0.9723250E+00
  0.9453766E+00  0.9467902E+00  0.1112676E+01  0.1127745E+01  0.1160875E+01  0.1116395E+01  0.1172005E+01  0.1081528E+01  0.1037097E+01  0.1191291E+01
  0.9296691E+00  0.1069900E+01  0.1371060E+01  0.9719048E+00  0.1077314E+01  0.9831519E+00  0.1095724E+01  0.1200110E+01  0.1158542E+01  0.1038086E+01
  0.1097021E+01  0.1045352E+01  0.9991927E+00  0.9191664E+00  0.9912482E+00  0.8715215E+00  0.1127420E+01  0.9393300E+00  0.1206699E+01  0.9800994E+00
  0.1051777E+01  0.1126288E+01  0.1164142E+01  0.9561852E+00  0.1061098E+01  0.1033853E+01  0.1360711E+01  0.1163096E+01  0.1008399E+01  0.9762357E+00
  0.1067841E+01  0.1151883E+01  0.1209390E+01  0.9850873E+00  0.1008078E+01  0.1042920E+01  0.1179551E+01  0.1346969E+01  0.1185803E+01  0.1020865E+01
  0.1209799E+01  0.1138354E+01  0.1023509E+01  0.1061556E+01  0.1117363E+01  0.1069176E+01  0.9442383E+00  0.1008306E+01  0.1041634E+01  0.1008257E+01
  0.9415109E+00  0.9897794E+00  0.1025422E+01  0.9293981E+00  0.1024686E+01  0.1174282E+01  0.1228705E+01  0.1070840E+01  0.1134675E+01  0.9926978E+00
  0.1112311E+01  0.1042961E+01  0.1095156E+01  0.1025877E+01  0.1157471E+01  0.9482711E+00  0.1083751E+01  0.1112997E+01  0.1357863E+01  0.1247895E+01
  0.1188509E+01  0.1247194E+01  0.1154223E+01  0.1309572E+01  0.1124649E+01  0.1052032E+01  0.9961489E+00  0.1088214E+01  0.1238434E+01  0.1159790E+01
  0.1317171E+01  0.1301735E+01  0.1204304E+01  0.1218322E+01  0.1182888E+01  0.1153076E+01  0.1098788E+01  0.1052541E+01  0.1123462E+01  0.1198851E+01
  0.1088703E+01  0.9947415E+00  0.1099415E+01  0.1060961E+01  0.1088022E+01  0.1046260E+01  0.1223739E+01  0.1070647E+01  0.1041746E+01  0.1005010E+01
  0.1186880E+01  0.1164179E+01  0.1036813E+01  0.1172862E+01  0.1215667E+01  0.1201627E+01  0.1165350E+01  0.1070693E+01  0.1285336E+01  0.1172790E+01
  0.1152571E+01  0.1115187E+01  0.1296823E+01  0.1317628E+01  0.1114371E+01  0.9735853E+00  0.1110711E+01  0.1183929E+01  0.1083852E+01  0.1098003E+01
  0.1107617E+01  0.1046016E+01  0.1013099E+01  0.1063754E+01  0.9361528E+00  0.1224681E+01  0.1247977E+01  0.1471709E+01  0.1114601E+01  0.1209043E+01
  0.1112369E+01  0.1169516E+01  0.1105780E+01  0.1226737E+01  0.1178802E+01  0.1055154E+01  0.1240597E+01  0.1042808E+01  0.1162966E+01  0.1121691E+01
  0.1123683E+01  0.1029791E+01  0.1135978E+01  0.1088398E+01  0.1199919E+01  0.1053771E+01  0.1331475E+01  0.1206245E+01  0.1349788E+01  0.1102454E+01
  0.1256907E+01  0.1023713E+01  0.1063396E+01  0.1270239E+01  0.1059570E+01  0.1067479E+01  0.9920980E+00  0.1158105E+01  0.1123897E+01  0.1431841E+01
  0.1231561E+01  0.1188455E+01  0.1225431E+01  0.1080419E+01  0.1309945E+01  0.1105307E+01  0.1375620E+01  0.1186808E+01  0.1355860E+01  0.1035111E+01
  0.1259004E+01  0.1191270E+01  0.1258254E+01  0.1159560E+01  0.1145808E+01  0.1244347E+01  0.1038041E+01  0.1086251E+01  0.1244919E+01  0.1066952E+01
  0.1170216E+01  0.1271449E+01  0.1229774E+01  0.1139333E+01  0.1080271E+01  0.1007838E+01  0.1247064E+01  0.1032636E+01  0.1098406E+01  0.1029405E+01
  0.1173846E+01  0.1076830E+01  0.1313830E+01  0.1323782E+01  0.1074610E+01  0.1186159E+01  0.1282408E+01  0.1179611E+01  0.1033843E+01  0.1065086E+01
  0.1189538E+01  0.1021514E+01  0.1109705E+01  0.1111036E+01  0.1384446E+01  0.1456211E+01  0.1207547E+01  0.1333847E+01  0.1199470E+01  0.1164424E+01
  0.1158917E+01  0.1149239E+01  0.1335757E+01  0.1333761E+01  0.1091377E+01  0.1218668E+01  0.1101775E+01  0.1204954E+01  0.1099212E+01  0.1027889E+01
  0.1230508E+01  0.1328578E+01  0.1270916E+01  0.1104402E+01  0.1034735E+01  0.1035398E+01  0.1025854E+01  0.1229627E+01  0.1144922E+01  0.1015195E+01
  0.1151681E+01  0.1191667E+01  0.1081424E+01  0.1047293E+01  0.1077841E+01  0.9935815E+00  0.1074442E+01  0.1061843E+01  0.1024447E+01  0.1512517E+01
  0.1174418E+01  0.1067524E+01  0.1169751E+01  0.1192154E+01  0.1333009E+01  0.1110888E+01  0.1120247E+01  0.1048337E+01  0.1056044E+01  0.1137289E+01
  0.1295979E+01  0.1111893E+01  0.1124210E+01  0.1435015E+01  0.1219890E+01  0.1158162E+01  0.1082484E+01  0.1209810E+01  0.1139643E+01  0.1012221E+01
  0.1348775E+01  0.1167342E+01  0.1115606E+01  0.1014365E+01  0.1142794E+01  0.1460840E+01  0.1247534E+01  0.1316439E+01  0.1210666E+01  0.1247623E+01
  0.1393335E+01  0.1291955E+01  0.1252427E+01  0.1280846E+01  0.1028155E+01  0.1116004E+01  0.1268592E+01  0.1171663E+01  0.1210088E+01  0.1219907E+01
  0.1009779E+01  0.1073148E+01  0.1083013E+01  0.1297757E+01  0.1194196E+01  0.1198800E+01  0.1073923E+01  0.1158537E+01  0.1114507E+01  0.1142743E+01
  0.1092525E+01  0.1130100E+01  0.1169257E+01  0.1045783E+01  0.1068989E+01  0.1234676E+01  0.1252254E+01  0.1504317E+01  0.1158576E+01  0.1204384E+01
  0.1188584E+01  0.1276613E+01  0.1250127E+01  0.1389762E+01  0.1334483E+01  0.1071915E+01  0.1101531E+01  0.1019660E+01  0.1038028E+01  0.1147671E+01
  0.9520382E+00  0.1165391E+01  0.1203489E+01  0.1097255E+01  0.1253265E+01  0.1178153E+01  0.1025955E+01  0.1136222E+01  0.1076809E+01  0.1459450E+01
