D. Lewellen, Standard run (dx=dy=dz=6.25)
   58
  0.3125000E+01  0.9375000E+01  0.1562500E+02  0.2187500E+02  0.2812500E+02  0.3437500E+02  0.4062500E+02  0.4687500E+02  0.5312500E+02  0.5937500E+02
  0.6562500E+02  0.7187500E+02  0.7812500E+02  0.8437500E+02  0.9062500E+02  0.9687500E+02  0.1031250E+03  0.1093750E+03  0.1156250E+03  0.1218750E+03
  0.1281250E+03  0.1343750E+03  0.1406250E+03  0.1468750E+03  0.1531250E+03  0.1593750E+03  0.1656250E+03  0.1718750E+03  0.1781250E+03  0.1843750E+03
  0.1906250E+03  0.1968750E+03  0.2031250E+03  0.2093750E+03  0.2156250E+03  0.2218750E+03  0.2281250E+03  0.2343750E+03  0.2406250E+03  0.2468750E+03
  0.2531250E+03  0.2593750E+03  0.2656250E+03  0.2718750E+03  0.2781250E+03  0.2843750E+03  0.2906250E+03  0.2968750E+03  0.3033935E+03  0.3104705E+03
  0.3181490E+03  0.3264750E+03  0.3354990E+03  0.3452730E+03  0.3558535E+03  0.3673005E+03  0.3796780E+03  0.3930540E+03
  0.4348120E-02  0.4982605E-02  0.3983625E-02  0.3131567E-02  0.2686143E-02  0.2353244E-02  0.2085165E-02  0.1878508E-02  0.1687880E-02  0.1525526E-02
  0.1368778E-02  0.1232038E-02  0.1138788E-02  0.1032116E-02  0.9370445E-03  0.8702092E-03  0.7919089E-03  0.6973404E-03  0.6118146E-03  0.5495907E-03
  0.4825316E-03  0.4118690E-03  0.3585461E-03  0.3114803E-03  0.2631128E-03  0.2186055E-03  0.1761419E-03  0.1378676E-03  0.1097322E-03  0.8721426E-04
  0.6556707E-04  0.4729496E-04  0.3462651E-04  0.2706637E-04  0.2173847E-04  0.1681770E-04  0.1184029E-04  0.7811900E-05  0.4433912E-05  0.1931300E-05
  0.8691421E-06  0.4343666E-06  0.2161771E-06  0.1142596E-06 -0.8948820E-08 -0.1898289E-06 -0.2455674E-06 -0.2172133E-06 -0.9743728E-07 -0.1933843E-07
 -0.2990617E-07 -0.8807117E-08  0.3133232E-08  0.1599608E-08  0.2106428E-09 -0.4909798E-10  0.5564338E-09 -0.5423386E-08
  0.0000000E+00  0.0000000E+00  0.0000000E+00  0.0000000E+00  0.0000000E+00  0.0000000E+00  0.0000000E+00  0.0000000E+00  0.0000000E+00  0.0000000E+00
  0.0000000E+00  0.0000000E+00  0.0000000E+00  0.0000000E+00  0.0000000E+00  0.0000000E+00  0.0000000E+00  0.0000000E+00  0.0000000E+00  0.0000000E+00
  0.0000000E+00  0.0000000E+00  0.0000000E+00  0.0000000E+00  0.0000000E+00  0.0000000E+00  0.0000000E+00  0.0000000E+00  0.0000000E+00  0.0000000E+00
  0.0000000E+00  0.0000000E+00  0.0000000E+00  0.0000000E+00  0.0000000E+00  0.0000000E+00  0.0000000E+00  0.0000000E+00  0.0000000E+00  0.0000000E+00
  0.0000000E+00  0.0000000E+00  0.0000000E+00  0.0000000E+00  0.0000000E+00  0.0000000E+00  0.0000000E+00  0.0000000E+00  0.0000000E+00  0.0000000E+00
  0.0000000E+00  0.0000000E+00  0.0000000E+00  0.0000000E+00  0.0000000E+00  0.0000000E+00  0.0000000E+00  0.0000000E+00
 -0.9444018E-04 -0.2335190E-03 -0.2836914E-03 -0.2872875E-03 -0.2813094E-03 -0.2724666E-03 -0.2620734E-03 -0.2508170E-03 -0.2392658E-03 -0.2270580E-03
 -0.2145669E-03 -0.2023459E-03 -0.1898501E-03 -0.1772386E-03 -0.1649990E-03 -0.1527352E-03 -0.1406406E-03 -0.1290447E-03 -0.1174416E-03 -0.1059999E-03
 -0.9522952E-04 -0.8451880E-04 -0.7376903E-04 -0.6337131E-04 -0.5308536E-04 -0.4368728E-04 -0.3661786E-04 -0.3125423E-04 -0.2607407E-04 -0.2137945E-04
 -0.1780659E-04 -0.1519922E-04 -0.1353144E-04 -0.1286785E-04 -0.1274506E-04 -0.1211148E-04 -0.1068885E-04 -0.8669314E-05 -0.6299996E-05 -0.4195389E-05
 -0.2660340E-05 -0.1767070E-05 -0.1271846E-05 -0.9298058E-06 -0.6579183E-06 -0.3666308E-06 -0.1010713E-06  0.6410514E-07  0.5539426E-07 -0.2502126E-09
  0.1801426E-07  0.5679241E-07  0.7657128E-07  0.8250367E-07  0.5531806E-07  0.1243315E-07 -0.1512663E-07 -0.1255051E-07
  0.8138567E-03 -0.9048176E-03 -0.7679850E-04 -0.4943460E-04  0.2734751E-04  0.3423497E-04  0.1498125E-04 -0.2407026E-04 -0.4397163E-04 -0.1451129E-04
  0.2606613E-04 -0.1714798E-04 -0.1271229E-04  0.3739744E-05  0.2363503E-04  0.2147429E-04  0.8584484E-05  0.1475543E-04  0.3985517E-04  0.1642242E-04
  0.1955681E-04  0.1200914E-04  0.3349396E-06 -0.9491443E-05 -0.3361145E-04 -0.1139313E-04  0.6889253E-05  0.1366815E-04  0.1263719E-04  0.1978879E-04
  0.8921903E-05  0.8458272E-05  0.9004865E-05  0.4356410E-05  0.3064685E-05  0.2204561E-05  0.2424261E-05  0.3334652E-05  0.2218217E-05  0.5141354E-05
  0.1774358E-05  0.1347807E-05  0.3113809E-05  0.1003517E-05 -0.1163199E-06 -0.1766038E-06  0.3141473E-06  0.1145457E-06 -0.1856083E-06  0.1818940E-06
  0.2684101E-06  0.4186479E-06  0.6978887E-06  0.7238674E-06  0.1145212E-05  0.1400499E-05  0.1305446E-05  0.6586088E-06
  0.9489618E-03  0.4456265E-02  0.3324537E-02  0.2922253E-02  0.2499552E-02  0.2148285E-02  0.1862760E-02  0.1630017E-02  0.1441398E-02  0.1286133E-02
  0.1158634E-02  0.1041216E-02  0.9638929E-03  0.8851794E-03  0.8214957E-03  0.7627970E-03  0.7028425E-03  0.6280813E-03  0.5617072E-03  0.5019233E-03
  0.4403460E-03  0.3774536E-03  0.3223394E-03  0.2684994E-03  0.2259129E-03  0.1922520E-03  0.1581055E-03  0.1285692E-03  0.1044169E-03  0.8290051E-04
  0.6357505E-04  0.4652348E-04  0.3226135E-04  0.2232823E-04  0.1564427E-04  0.1028323E-04  0.6137411E-05  0.3169464E-05  0.1457949E-05  0.6014803E-06
  0.2387192E-06  0.9070045E-07  0.2900422E-07  0.8102982E-08  0.2664598E-08  0.1377930E-08  0.8341914E-09  0.4499775E-09  0.2271405E-09  0.1129691E-09
  0.6367802E-10  0.1628039E-10  0.5814499E-11  0.3187531E-11  0.1687440E-11  0.7559802E-12  0.2258696E-11  0.3708527E-11
  0.1457671E-05  0.3125411E-05 -0.4448907E-06  0.2033200E-05  0.2198066E-06 -0.4368027E-06 -0.1564504E-05  0.3455528E-06  0.2707055E-06  0.9016393E-06
 -0.1117839E-05 -0.1161611E-05 -0.2609218E-05 -0.5702906E-05 -0.6254677E-05 -0.4822508E-05 -0.4755806E-05 -0.4295410E-05 -0.4929112E-05  0.9813305E-06
 -0.1503068E-05 -0.1602974E-05  0.4334877E-06  0.1346589E-05 -0.8001277E-06 -0.2311465E-07  0.1778597E-05  0.1107934E-05 -0.3288893E-06  0.2941757E-06
 -0.1025962E-05 -0.4968623E-06  0.5254861E-06  0.4035979E-06 -0.2253199E-06 -0.2833891E-06 -0.2518337E-06  0.4542659E-07  0.6984604E-06  0.5569044E-06
  0.2670587E-06 -0.7760866E-07 -0.9145518E-08  0.2972165E-09 -0.3565583E-07 -0.9216102E-07 -0.1582135E-06 -0.1518376E-06 -0.9629980E-07 -0.9694647E-07
 -0.5331734E-07 -0.1792189E-07 -0.2436068E-07 -0.2027150E-07 -0.1026484E-07 -0.1854279E-08 -0.1721920E-08  0.4918591E-08
