A9 MACVEAN 044/14 Met Office 3.125m run, backscatter and TVD on.
         145
 -1.5625000E+00   1.5625000E+00   4.6875000E+00   7.8125000E+00   1.0937500E+01   1.4062500E+01   1.7187500E+01   2.0312500E+01   2.3437500E+01   2.6562500E+01
  2.9687500E+01   3.2812500E+01   3.5937500E+01   3.9062500E+01   4.2187500E+01   4.5312500E+01   4.8437500E+01   5.1562500E+01   5.4687500E+01   5.7812500E+01
  6.0937500E+01   6.4062500E+01   6.7187500E+01   7.0312500E+01   7.3437500E+01   7.6562500E+01   7.9687500E+01   8.2812500E+01   8.5937500E+01   8.9062500E+01
  9.2187500E+01   9.5312500E+01   9.8437500E+01   1.0156250E+02   1.0468750E+02   1.0781250E+02   1.1093750E+02   1.1406250E+02   1.1718750E+02   1.2031250E+02
  1.2343750E+02   1.2656250E+02   1.2968750E+02   1.3281250E+02   1.3593750E+02   1.3906250E+02   1.4218750E+02   1.4531250E+02   1.4843750E+02   1.5156250E+02
  1.5468750E+02   1.5781250E+02   1.6093750E+02   1.6406250E+02   1.6718750E+02   1.7031250E+02   1.7343750E+02   1.7656250E+02   1.7968750E+02   1.8281250E+02
  1.8593750E+02   1.8906250E+02   1.9218750E+02   1.9531250E+02   1.9843750E+02   2.0156250E+02   2.0468750E+02   2.0781250E+02   2.1093750E+02   2.1406250E+02
  2.1718750E+02   2.2031250E+02   2.2343750E+02   2.2656250E+02   2.2968750E+02   2.3281250E+02   2.3593750E+02   2.3906250E+02   2.4218750E+02   2.4531250E+02
  2.4843750E+02   2.5156250E+02   2.5468750E+02   2.5781250E+02   2.6093750E+02   2.6406250E+02   2.6718750E+02   2.7031250E+02   2.7343750E+02   2.7656250E+02
  2.7968750E+02   2.8281250E+02   2.8593750E+02   2.8906250E+02   2.9218750E+02   2.9531250E+02   2.9843750E+02   3.0156250E+02   3.0468750E+02   3.0781250E+02
  3.1093750E+02   3.1406250E+02   3.1718750E+02   3.2031250E+02   3.2343750E+02   3.2656250E+02   3.2968750E+02   3.3281250E+02   3.3593750E+02   3.3906250E+02
  3.4218750E+02   3.4531250E+02   3.4843750E+02   3.5156250E+02   3.5468750E+02   3.5781250E+02   3.6093750E+02   3.6406250E+02   3.6718750E+02   3.7031250E+02
  3.7343750E+02   3.7656262E+02   3.7968909E+02   3.8282266E+02   3.8598291E+02   3.8921878E+02   3.9262326E+02   3.9633032E+02   4.0048129E+02   4.0516879E+02
  4.1039282E+02   4.1606076E+02   4.2203128E+02   4.2817041E+02   4.3438516E+02   4.4062659E+02   4.4687512E+02   4.5312500E+02   4.5937500E+02   4.6562500E+02
  4.7187500E+02   4.7812500E+02   4.8437500E+02   4.9062500E+02   4.9687500E+02
 -1.4380957E+00   1.4380957E+00   2.0658534E+00   2.4044895E+00   2.6970162E+00   2.9531834E+00   3.1877313E+00   3.4056351E+00   3.6113095E+00   3.8091106E+00
  4.0016155E+00   4.1896124E+00   4.3729124E+00   4.5508647E+00   4.7256398E+00   4.8983464E+00   5.0680757E+00   5.2356315E+00   5.4018908E+00   5.5675087E+00
  5.7317157E+00   5.8944063E+00   6.0553284E+00   6.2146192E+00   6.3725352E+00   6.5295630E+00   6.6864467E+00   6.8422799E+00   6.9951019E+00   7.1462474E+00
  7.2966924E+00   7.4451652E+00   7.5911126E+00   7.7347484E+00   7.8751407E+00   8.0126705E+00   8.1479979E+00   8.2798872E+00   8.4091415E+00   8.5357418E+00
  8.6591873E+00   8.7801895E+00   8.8972178E+00   9.0088205E+00   9.1149492E+00   9.2130814E+00   9.3011055E+00   9.3784943E+00   9.4426746E+00   9.4913712E+00
  9.5234280E+00   9.5370216E+00   9.5331697E+00   9.5131044E+00   9.4798880E+00   9.4353962E+00   9.3830671E+00   9.3244200E+00   9.2626553E+00   9.1966562E+00
  9.1283989E+00   9.0609446E+00   8.9924812E+00   8.9255123E+00   8.8603973E+00   8.7961216E+00   8.7323732E+00   8.6698370E+00   8.6088972E+00   8.5503092E+00
  8.4922981E+00   8.4391537E+00   8.3884850E+00   8.3417234E+00   8.2991133E+00   8.2590370E+00   8.2242441E+00   8.1929379E+00   8.1652050E+00   8.1397543E+00
  8.1173000E+00   8.0973177E+00   8.0783186E+00   8.0578279E+00   8.0353422E+00   8.0174637E+00   8.0058260E+00   8.0013933E+00   8.0005407E+00   8.0004148E+00
  8.0003910E+00   8.0003986E+00   8.0003891E+00   8.0003853E+00   8.0003710E+00   8.0003510E+00   8.0003223E+00   8.0003023E+00   8.0002861E+00   8.0002680E+00
  8.0002279E+00   8.0001888E+00   8.0001659E+00   8.0001526E+00   8.0001316E+00   8.0001249E+00   8.0001268E+00   8.0001106E+00   8.0000963E+00   8.0000849E+00
  8.0000582E+00   8.0000372E+00   8.0000248E+00   8.0000153E+00   8.0000086E+00   8.0000086E+00   8.0000086E+00   8.0000715E+00   8.0001745E+00   8.0005445E+00
  8.0011082E+00   8.0020514E+00   8.0035143E+00   8.0050430E+00   8.0064631E+00   8.0078697E+00   8.0093250E+00   8.0108223E+00   8.0123062E+00   8.0136538E+00
  8.0147009E+00   8.0153131E+00   8.0154171E+00   8.0150023E+00   8.0141125E+00   8.0128345E+00   8.0112705E+00   8.0095301E+00   8.0077209E+00   8.0059462E+00
  8.0042982E+00   8.0028543E+00   8.0016708E+00   8.0007811E+00   8.0001879E+00
 -1.0742230E+00   1.0742230E+00   1.5193142E+00   1.7420245E+00   1.9255129E+00   2.0743296E+00   2.2010906E+00   2.3130975E+00   2.4148147E+00   2.5069344E+00
  2.5899229E+00   2.6643605E+00   2.7305453E+00   2.7881331E+00   2.8398440E+00   2.8861670E+00   2.9266379E+00   2.9617839E+00   2.9916964E+00   3.0167315E+00
  3.0366173E+00   3.0511482E+00   3.0597680E+00   3.0642488E+00   3.0647461E+00   3.0600607E+00   3.0497048E+00   3.0341303E+00   3.0125070E+00   2.9851496E+00
  2.9534948E+00   2.9167180E+00   2.8736291E+00   2.8247337E+00   2.7689531E+00   2.7075250E+00   2.6405771E+00   2.5678837E+00   2.4897110E+00   2.4066708E+00
  2.3174350E+00   2.2214365E+00   2.1186976E+00   2.0084047E+00   1.8904477E+00   1.7636969E+00   1.6295080E+00   1.4872365E+00   1.3365757E+00   1.1798265E+00
  1.0211002E+00   8.6279279E-01   7.0860386E-01   5.6329924E-01   4.2759964E-01   3.0724069E-01   1.9972871E-01   1.0504587E-01   2.4530796E-02  -4.4090509E-02
 -1.0124828E-01  -1.4710164E-01  -1.8387990E-01  -2.1202850E-01  -2.3203892E-01  -2.4562164E-01  -2.5304353E-01  -2.5421712E-01  -2.5134671E-01  -2.4422248E-01
 -2.3399796E-01  -2.2166127E-01  -2.0736094E-01  -1.9184770E-01  -1.7546934E-01  -1.5866598E-01  -1.4202008E-01  -1.2545626E-01  -1.0999020E-01  -9.4441548E-02
 -7.9378240E-02  -6.5408945E-02  -5.0959010E-02  -3.6523070E-02  -2.1689052E-02  -1.0103359E-02  -2.4730300E-03   6.5787441E-05   4.9512269E-04   4.2897961E-04
  4.0152960E-04   3.7042861E-04   3.7809461E-04   3.9586029E-04   4.2237743E-04   4.4803228E-04   4.3273982E-04   3.9631958E-04   3.8563335E-04   3.8392670E-04
  3.7973389E-04   3.9211597E-04   3.9881887E-04   4.0867086E-04   3.9052899E-04   3.5563667E-04   3.6193454E-04   3.8546533E-04   3.9796007E-04   4.2407203E-04
  4.5128391E-04   4.5371556E-04   4.2412421E-04   4.0297923E-04   4.0182588E-04   4.0045558E-04   4.0779141E-04   3.7922367E-04   3.3890098E-04   1.0017417E-04
 -1.8508988E-04  -3.9314953E-04  -9.3344320E-04  -1.7174940E-03  -2.4801660E-03  -3.2469365E-03  -4.0633027E-03  -4.9227779E-03  -5.8019897E-03  -6.6307611E-03
 -7.3051811E-03  -7.7433065E-03  -7.9039400E-03  -7.7796443E-03  -7.3895520E-03  -6.7754774E-03  -5.9941094E-03  -5.1077558E-03  -4.1767526E-03  -3.2570874E-03
 -2.3975496E-03  -1.6376131E-03  -1.0065725E-03  -5.2231044E-04  -1.9051149E-04
  2.6261252E+02   2.6313727E+02   2.6326700E+02   2.6332623E+02   2.6336838E+02   2.6340366E+02   2.6343509E+02   2.6346399E+02   2.6349115E+02   2.6351697E+02
  2.6354184E+02   2.6356592E+02   2.6358926E+02   2.6361200E+02   2.6363422E+02   2.6365619E+02   2.6367795E+02   2.6369958E+02   2.6372122E+02   2.6374304E+02
  2.6376505E+02   2.6378726E+02   2.6380978E+02   2.6383252E+02   2.6385568E+02   2.6387930E+02   2.6390338E+02   2.6392773E+02   2.6395251E+02   2.6397781E+02
  2.6400375E+02   2.6403030E+02   2.6405746E+02   2.6408521E+02   2.6411356E+02   2.6414258E+02   2.6417239E+02   2.6420303E+02   2.6423483E+02   2.6426804E+02
  2.6430295E+02   2.6433978E+02   2.6437888E+02   2.6442050E+02   2.6446533E+02   2.6451389E+02   2.6456689E+02   2.6462506E+02   2.6468829E+02   2.6475592E+02
  2.6482721E+02   2.6490088E+02   2.6497614E+02   2.6505243E+02   2.6512848E+02   2.6520334E+02   2.6527603E+02   2.6534576E+02   2.6541223E+02   2.6547568E+02
  2.6553708E+02   2.6559756E+02   2.6565750E+02   2.6571698E+02   2.6577551E+02   2.6583267E+02   2.6588806E+02   2.6594138E+02   2.6599255E+02   2.6604144E+02
  2.6608798E+02   2.6613242E+02   2.6617490E+02   2.6621570E+02   2.6625507E+02   2.6629309E+02   2.6633029E+02   2.6636685E+02   2.6640280E+02   2.6643808E+02
  2.6647269E+02   2.6650668E+02   2.6654022E+02   2.6657346E+02   2.6660641E+02   2.6663898E+02   2.6667111E+02   2.6670276E+02   2.6673410E+02   2.6676535E+02
  2.6679660E+02   2.6682788E+02   2.6685913E+02   2.6689041E+02   2.6692166E+02   2.6695294E+02   2.6698419E+02   2.6701544E+02   2.6704669E+02   2.6707797E+02
  2.6710922E+02   2.6714047E+02   2.6717172E+02   2.6720297E+02   2.6723422E+02   2.6726547E+02   2.6729672E+02   2.6732800E+02   2.6735925E+02   2.6739050E+02
  2.6742175E+02   2.6745294E+02   2.6748407E+02   2.6751517E+02   2.6754626E+02   2.6757751E+02   2.6760901E+02   2.6764099E+02   2.6767361E+02   2.6770697E+02
  2.6774100E+02   2.6777518E+02   2.6780887E+02   2.6784161E+02   2.6787363E+02   2.6790546E+02   2.6793829E+02   2.6797354E+02   2.6801282E+02   2.6805722E+02
  2.6810696E+02   2.6816129E+02   2.6821884E+02   2.6827832E+02   2.6833884E+02   2.6839990E+02   2.6846140E+02   2.6852335E+02   2.6858575E+02   2.6864859E+02
  2.6871188E+02   2.6877554E+02   2.6883945E+02   2.6890359E+02   2.6896783E+02
