# z, u, v, w, u_mag
0.000000000000000000e+00 4.243498186573101627e+00 1.522834878289947014e+00 2.230986278626236139e-03 4.508470683423075442e+00
1.041666700000000034e+01 5.375522049852265560e+00 1.905563273928939649e+00 -1.636206392647042559e-03 5.703280755544657410e+00
2.083333299999999966e+01 6.586782011680427651e+00 2.275960790438733561e+00 7.944749106190545371e-04 6.968909198734171362e+00
3.125000000000000000e+01 6.838527766489506554e+00 2.325681412609527321e+00 -9.320606079428467436e-04 7.223174988517333084e+00
4.166666699999999679e+01 7.137153763993725697e+00 2.387342658389246974e+00 1.183674306500928598e-03 7.525846810860536529e+00
5.208333300000000321e+01 7.338741627547593183e+00 2.419371167658344035e+00 -1.059035916352740921e-03 7.727256087664848394e+00
6.250000000000000000e+01 7.535194082354990996e+00 2.448534284740782052e+00 9.950312466952483843e-04 7.923034203661871722e+00
7.291666700000000390e+01 7.698542845227368758e+00 2.469245441303668187e+00 -8.777148098016242283e-04 8.084846056641012524e+00
8.333333299999999610e+01 7.854777729265820518e+00 2.483904451098986055e+00 7.836777895563673199e-04 8.238162119824455232e+00
9.375000000000000000e+01 7.993905738486100532e+00 2.492754990552614736e+00 -6.962246490122673843e-04 8.373551031877379813e+00
1.041666670000000039e+02 8.125781470914596127e+00 2.500793543663516694e+00 6.120167663359162230e-04 8.501899389880630764e+00
1.145833329999999961e+02 8.249393398125381083e+00 2.503180244219473938e+00 -5.384531393683526226e-04 8.620812204312136018e+00
1.250000000000000000e+02 8.366155444438485134e+00 2.502065560072602501e+00 4.702114492264090569e-04 8.732290032317292727e+00
1.354166669999999897e+02 8.476930154217342306e+00 2.498716110995611306e+00 -3.986426882337048856e-04 8.837529473882634434e+00
1.458333330000000103e+02 8.585039838051359951e+00 2.493308517284303694e+00 3.343985049385453140e-04 8.939770494543678225e+00
1.562500000000000000e+02 8.685805358862811687e+00 2.483560675343421398e+00 -2.825390356056206110e-04 9.033896636556702830e+00
1.666666669999999897e+02 8.784364023710665492e+00 2.471406439497579655e+00 2.421158164164377861e-04 9.125398684379351977e+00
1.770833330000000103e+02 8.877757077584776724e+00 2.456394465867402399e+00 -2.071292188373476996e-04 9.211321541638479715e+00
1.875000000000000000e+02 8.971568834413472970e+00 2.438119821690161171e+00 1.746982462175369866e-04 9.296960559562304383e+00
1.979166669999999897e+02 9.060591047495496042e+00 2.419622709237102320e+00 -1.485418846718996200e-04 9.378106642978428553e+00
2.083333330000000103e+02 9.145797080735114548e+00 2.398108882874517178e+00 1.337370759547485506e-04 9.454973848403295023e+00
2.187500000000000000e+02 9.227266567227186300e+00 2.374501334850632528e+00 -1.234721214043366837e-04 9.527890895005114658e+00
2.291666669999999897e+02 9.305030556324711100e+00 2.349136766038026014e+00 1.073865736702034682e-04 9.596980629928355100e+00
2.395833330000000103e+02 9.380037613476888581e+00 2.323537359214129516e+00 -9.258159362564676704e-05 9.663536179808938087e+00
2.500000000000000000e+02 9.453342947376913941e+00 2.297163500934920055e+00 8.440089487334361733e-05 9.728445561232890171e+00
2.604166670000000181e+02 9.524842771917942486e+00 2.266130215302739170e+00 -7.790595048505481897e-05 9.790708656095066686e+00
2.708333329999999819e+02 9.591488082334056031e+00 2.232909326884699119e+00 6.763255789197182891e-05 9.847970740219484043e+00
2.812500000000000000e+02 9.657070367507452957e+00 2.200609170994687336e+00 -6.304453065013749385e-05 9.904629665486289980e+00
2.916666670000000181e+02 9.725262466019087171e+00 2.166445520888158338e+00 6.368074199295984490e-05 9.963644726303284571e+00
3.020833329999999819e+02 9.788865959231069169e+00 2.131492899185579937e+00 -6.896124734844551044e-05 1.001824130033944549e+01
3.125000000000000000e+02 9.851042479716673128e+00 2.094709700627677584e+00 7.531156711932606676e-05 1.007128823302947396e+01
3.229166670000000181e+02 9.913417268471588883e+00 2.053117013266303914e+00 -8.387584416163727243e-05 1.012379036804049015e+01
3.333333329999999819e+02 9.972772524444808440e+00 2.012161210345475570e+00 8.151771381934191831e-05 1.017373994986039420e+01
3.437500000000000000e+02 1.003138552576674769e+01 1.966752019904412840e+00 -7.795728512871618254e-05 1.022236807596156005e+01
3.541666670000000181e+02 1.008972458368053893e+01 1.920653804217810956e+00 7.589142013183150103e-05 1.027090323272219763e+01
3.645833329999999819e+02 1.014895340438100213e+01 1.870675595565135962e+00 -7.116078252112807158e-05 1.031991678228092901e+01
3.750000000000000000e+02 1.020276171391582665e+01 1.815121234266859007e+00 5.903402455287020545e-05 1.036296346078273523e+01
3.854166670000000181e+02 1.025814738443163776e+01 1.757096012757879411e+00 -4.849383106139275616e-05 1.040754409844719142e+01
3.958333329999999819e+02 1.031153809503188512e+01 1.698479496424607049e+00 3.221312115042479360e-05 1.045048565790634854e+01
4.062500000000000000e+02 1.036437107750548492e+01 1.632330177211169131e+00 -2.451370933002305729e-05 1.049212512507677708e+01
4.166666670000000181e+02 1.041695989275696554e+01 1.565001220287348893e+00 9.721228359136388662e-06 1.053386359447010356e+01
4.270833329999999819e+02 1.046954845715397475e+01 1.488741145432259882e+00 -7.870321274980959594e-06 1.057486619749205481e+01
4.375000000000000000e+02 1.052226067664158649e+01 1.402127215803190774e+00 -7.666856680456868189e-06 1.061526874254969677e+01
4.479166670000000181e+02 1.056980253489398969e+01 1.306690294686768450e+00 4.651764300309940121e-06 1.065026596629875932e+01
4.583333329999999819e+02 1.061231413970702597e+01 1.198842295013471837e+00 -2.626998496235890260e-05 1.067981433587817364e+01
4.687500000000000000e+02 1.064599691179535235e+01 1.077078621969355110e+00 1.191091309167518597e-05 1.070034338720031286e+01
4.791666670000000181e+02 1.066380626039342516e+01 9.380779371610563633e-01 -4.841375236981708104e-05 1.070498735065755369e+01
4.895833329999999819e+02 1.065699958026425875e+01 7.832823045042639487e-01 2.074877074184126204e-05 1.068574617061123178e+01
5.000000000000000000e+02 1.062047114680317605e+01 6.174663937755271448e-01 -8.190907207105615898e-05 1.063840552593432776e+01
5.104166670000000181e+02 1.054349911838463250e+01 4.578741702174048966e-01 3.876603509654101071e-05 1.055343652165647050e+01
5.208333330000000387e+02 1.043538464109473729e+01 3.214848168713251297e-01 -1.038278362181389028e-04 1.044033548818499213e+01
5.312500000000000000e+02 1.031441766604437227e+01 2.208849659877278326e-01 5.879687967088012188e-05 1.031678253920594734e+01
5.416666669999999613e+02 1.019918272202561838e+01 1.602352784717737677e-01 -1.201282969803812718e-04 1.020044134124419344e+01
5.520833330000000387e+02 1.010539063987794428e+01 1.294882217905149457e-01 8.876177163802046106e-05 1.010622022281297205e+01
5.625000000000000000e+02 1.004202604023720902e+01 1.160715990082470256e-01 -1.300976255206666746e-04 1.004269683032520533e+01
5.729166669999999613e+02 1.000944670357371535e+01 1.047229738714277048e-01 1.380374966653618934e-04 1.000999451708109333e+01
5.833333330000000387e+02 9.995331485306515162e+00 8.600751814166961162e-02 -1.279910406929909842e-04 9.995701516687978128e+00
5.937500000000000000e+02 9.988233314046365052e+00 6.462177804640120704e-02 1.836809437240636070e-04 9.988442358233950102e+00
6.041666669999999613e+02 9.985005851888923090e+00 4.598397289287824846e-02 -1.421072013486774093e-04 9.985111737392502462e+00
6.145833330000000387e+02 9.984664285922990601e+00 3.178610323785665409e-02 2.075436719972519810e-04 9.984714883361441196e+00
6.250000000000000000e+02 9.986123505997394290e+00 2.223931132480800460e-02 -1.724383849688214876e-04 9.986148271167261115e+00
6.354166669999999613e+02 9.988006864807765339e+00 1.631804147596595950e-02 2.236446142421490081e-04 9.988020197213337781e+00
6.458333330000000387e+02 9.989454612657226562e+00 1.310169278997994416e-02 -2.067619123104507306e-04 9.989463206571372211e+00
6.562500000000000000e+02 9.990143587358137012e+00 1.140838629918285684e-02 2.395532732547323333e-04 9.990150104212480286e+00
6.666666669999999613e+02 9.990199538975776505e+00 1.055665580454848498e-02 -2.398021095888489874e-04 9.990205119467699291e+00
6.770833330000000387e+02 9.989819100766494486e+00 1.015545021113364692e-02 2.588221067517401208e-04 9.989824266031758881e+00
6.875000000000000000e+02 9.989297178239574748e+00 9.961398739556596299e-03 -2.693502622700572492e-04 9.989302148658811831e+00
6.979166669999999613e+02 9.988862936183990016e+00 9.838745303271109049e-03 2.818835928885104472e-04 9.988867785602018046e+00
7.083333330000000387e+02 9.988758698039504225e+00 9.715484821708477228e-03 -2.961830189532246708e-04 9.988763427273145368e+00
7.187500000000000000e+02 9.989105282451699708e+00 9.566546831739264692e-03 3.072922897173407464e-04 9.989109868108933199e+00
7.291666669999999613e+02 9.989779052617819843e+00 9.421110548850669675e-03 -3.217928914347476855e-04 9.989783500206419475e+00
7.395833330000000387e+02 9.990382197699117839e+00 9.330861703060204862e-03 3.339812011188819782e-04 9.990386560720612152e+00
7.500000000000000000e+02 9.990741301050338308e+00 9.362904687066925941e-03 -3.470323062493078079e-04 9.990745694337766380e+00
7.604166669999999613e+02 9.990739974263959766e+00 9.451368933714556983e-03 3.609130988664110756e-04 9.990744451340392018e+00
7.708333330000000387e+02 9.990499816784643272e+00 9.637320670970265027e-03 -3.729205012119530724e-04 9.990504472057123664e+00
7.812500000000000000e+02 9.990085759718065006e+00 9.851120271186624908e-03 3.874691968979322438e-04 9.990090624274868603e+00
7.916666669999999613e+02 9.989619714029451814e+00 1.014532192621361677e-02 -3.995350593409963255e-04 9.989624873743313316e+00
8.020833330000000387e+02 9.989147472869010613e+00 1.046137882637735057e-02 4.140278126855433441e-04 9.989152959415093846e+00
8.125000000000000000e+02 9.988742428256571770e+00 1.075174565446287804e-02 -4.264863847622126598e-04 9.988748223875614229e+00
8.229166669999999613e+02 9.988508116680863580e+00 1.088341658511713522e-02 4.407085250817734134e-04 9.988514055653125112e+00
8.333333330000000387e+02 9.988455110388704483e+00 1.098559860884713163e-02 -4.539542212211074702e-04 9.988461161845775038e+00
8.437500000000000000e+02 9.988574018282848854e+00 1.107476899294000151e-02 4.675413659980452133e-04 9.988580168763645517e+00
8.541666669999999613e+02 9.988744327148564750e+00 1.123578907131182573e-02 -4.816749694651232204e-04 9.988750658020725481e+00
8.645833330000000387e+02 9.988971409843534488e+00 1.127531193905684063e-02 4.947735471496400497e-04 9.988977785746232740e+00
8.750000000000000000e+02 9.989208719042427020e+00 1.119375978334384743e-02 -5.095695403302385323e-04 9.989215003818490146e+00
8.854166669999999613e+02 9.989474400094445983e+00 1.095896759249805931e-02 5.225780799072957290e-04 9.989480425037172040e+00
8.958333330000000387e+02 9.989745125928795488e+00 1.063360669833692158e-02 -5.375710432653602955e-04 9.989750799874448361e+00
9.062500000000000000e+02 9.989968154298868086e+00 1.029638481638212727e-02 5.510327324456802981e-04 9.989973475594561947e+00
9.166666669999999613e+02 9.990107276505405309e+00 1.008846566930535898e-02 -5.656989454250289581e-04 9.990112386416937440e+00
9.270833330000000387e+02 9.990130389104026065e+00 1.003524205312076450e-02 5.799906203284079529e-04 9.990135446217530912e+00
9.375000000000000000e+02 9.990032476467270328e+00 1.011705954687702226e-02 -5.942289716791885300e-04 9.990037616989873470e+00
9.479166669999999613e+02 9.989854157461387274e+00 1.026762371830606570e-02 6.091034361550896371e-04 9.989859452587527500e+00
9.583333330000000387e+02 9.989693005821560945e+00 1.046355558804657783e-02 -6.234416911322801730e-04 9.989698505222031955e+00
9.687500000000000000e+02 9.989614128538574889e+00 1.060024192078245532e-02 6.384008090528881744e-04 9.989619773033499683e+00
9.791666669999999613e+02 9.989680576929975686e+00 1.067338303468064881e-02 -6.531870819328850159e-04 9.989686300222382798e+00
9.895833330000000387e+02 9.989841505138880251e+00 1.071821292518330450e-02 6.681242132464533480e-04 9.989847277324800601e+00
1.000000000000000000e+03 9.990066586674991811e+00 1.076450109128935032e-02 -6.833482645587284033e-04 9.990072409529808795e+00
1.010416666999999961e+03 9.990343475523308925e+00 1.071733041978982330e-02 6.984433961018239557e-04 9.990349248546101180e+00
1.020833333000000039e+03 9.990530716844570946e+00 1.059132496291438109e-02 -7.138449995351907719e-04 9.990536356470260060e+00
1.031250000000000000e+03 9.990532631657732310e+00 1.031335083263083818e-02 7.293676378122357232e-04 9.990537981580397187e+00
1.041666666999999961e+03 9.990334433925474045e+00 1.002740199166066680e-02 -7.447960889388987151e-04 9.990339493990628483e+00
1.052083333000000039e+03 9.990044815834329128e+00 9.732611868959812479e-03 7.607760041016997828e-04 9.990049585707383883e+00
1.062500000000000000e+03 9.989745481570595942e+00 9.580116161822933157e-03 -7.764067747461980695e-04 9.989750105382681156e+00
1.072916666999999961e+03 9.989638506163990073e+00 9.530803761605102786e-03 7.925572159382747971e-04 9.989643084124757877e+00
1.083333333000000039e+03 9.989699263902528159e+00 9.581693238430560519e-03 -8.087534879407699828e-04 9.989703891814922798e+00
1.093750000000000000e+03 9.989868385420791697e+00 9.579831023865909706e-03 8.248946438651297850e-04 9.989873012788672568e+00
1.104166666999999961e+03 9.990085180327584524e+00 9.554699447046732796e-03 -8.415911833802253248e-04 9.990089784919756966e+00
1.114583333000000039e+03 9.990304825973669978e+00 9.505607951026283017e-03 8.580179836715515294e-04 9.990309385031585165e+00
1.125000000000000000e+03 9.990467517436847800e+00 9.468193063922663785e-03 -8.749515810386403842e-04 9.990472042360208249e+00
1.135416666999999961e+03 9.990503996432792633e+00 9.432977130353717779e-03 8.918404685605481894e-04 9.990508489520269819e+00
1.145833333000000039e+03 9.990485601171554819e+00 9.479462064266624272e-03 -9.089301203712437478e-04 9.990490139806512460e+00
1.156250000000000000e+03 9.990399058765740747e+00 9.550716835953300399e-03 9.262498911603276892e-04 9.990403666895463886e+00
1.166666666999999961e+03 9.990229524977124242e+00 9.680168132876957113e-03 -9.435739321707116737e-04 9.990234259401102435e+00
1.177083333000000039e+03 9.990082851323800028e+00 9.727373878126908957e-03 9.612563561450137217e-04 9.990087633355885899e+00
1.187500000000000000e+03 9.989937659201467923e+00 9.788648236958904375e-03 -9.789061821786561486e-04 9.989942502868739638e+00
1.197916666999999961e+03 9.989805706415211262e+00 9.754606188825154164e-03 9.969520999140721925e-04 9.989810518632538106e+00
1.208333333000000039e+03 9.989663980076038285e+00 9.766740051118612265e-03 -1.014977306574023352e-03 9.989668806032499404e+00
1.218750000000000000e+03 9.989546047985925270e+00 9.670449068820079208e-03 1.033332401712087510e-03 9.989550782201984447e+00
1.229166666999999961e+03 9.989508065517906488e+00 9.616109614710448630e-03 -1.051825108745243001e-03 9.989512749225934130e+00
1.239583333000000039e+03 9.989495702657848142e+00 9.518581357339316040e-03 1.070497520363232653e-03 9.989500294948472359e+00
1.250000000000000000e+03 9.989553032542731970e+00 9.511362630367429030e-03 -1.089447860320466241e-03 9.989557619979947845e+00
1.260416666999999961e+03 9.989626421956316449e+00 9.576738053559567809e-03 1.108480226382454461e-03 9.989631073912985215e+00
1.270833333000000039e+03 9.989737974221876371e+00 9.722914817383158589e-03 -1.127922139168357563e-03 9.989742769505705056e+00
1.281250000000000000e+03 9.989837389445337834e+00 9.814347663212038414e-03 1.147294331367815874e-03 9.989842276295677337e+00
1.291666666999999961e+03 9.989910670452269770e+00 9.892494387395906960e-03 -1.167146832725221442e-03 9.989915636645438468e+00
1.302083333000000039e+03 9.989899226782535280e+00 9.860056532123307946e-03 1.187113255941998121e-03 9.989904163265181936e+00
1.312500000000000000e+03 9.989834126927362945e+00 9.739195368586443455e-03 -1.207179554813152950e-03 9.989838947286962423e+00
1.322916666999999961e+03 9.989747778264815636e+00 9.541082293499687436e-03 1.227806365908747435e-03 9.989752410000290794e+00
1.333333333000000039e+03 9.989636605537407732e+00 9.379482133555801585e-03 -1.248268553127253062e-03 9.989641086823510818e+00
1.343750000000000000e+03 9.989599119268959271e+00 9.234278992189160970e-03 1.269312225866063570e-03 9.989603467944119686e+00
1.354166666999999961e+03 9.989620129303352414e+00 9.249749267996480728e-03 -1.290425833573815217e-03 9.989624494986941272e+00
1.364583333000000039e+03 9.989689687120746342e+00 9.405800741660469769e-03 1.311773545490643776e-03 9.989694201265823637e+00
1.375000000000000000e+03 9.989839525268575215e+00 9.723267743328123727e-03 -1.333573698762623291e-03 9.989844346183412327e+00
1.385416666999999961e+03 9.990041792560134581e+00 1.006701449557890170e-02 1.355349457946285760e-03 9.990046956789099042e+00
1.395833333000000039e+03 9.990327653822651754e+00 1.031481544395633498e-02 -1.377649912093332823e-03 9.990333073730351288e+00
1.406250000000000000e+03 9.990589393205761226e+00 1.042199605143239761e-02 1.400041411623521382e-03 9.990594927318047880e+00
1.416666666999999961e+03 9.990769426683552723e+00 1.040212727257044251e-02 -1.422706869583150856e-03 9.990774943191414792e+00
1.427083333000000039e+03 9.990908106824575086e+00 1.020367490596102780e-02 1.445743010366481313e-03 9.990913421913306891e+00
1.437500000000000000e+03 9.991008945963663734e+00 9.932260939322841778e-03 -1.468983577137152833e-03 9.991013990884312079e+00
1.447916666999999961e+03 9.991125536340698332e+00 9.608911607541731695e-03 1.492466196476715558e-03 9.991130268470973519e+00
1.458333333000000039e+03 9.991104592088875691e+00 9.413033427274689058e-03 -1.516370115009796999e-03 9.991109141363438084e+00
1.468750000000000000e+03 9.991029425203830527e+00 9.269958083191524867e-03 1.540365752744236871e-03 9.991033844409610509e+00
1.479166666999999961e+03 9.990804678683012696e+00 9.242964156066074341e-03 -1.564831067201030582e-03 9.990809076780369224e+00
1.489583333000000039e+03 9.990543822675824970e+00 9.129829050358881024e-03 1.589540982196854194e-03 9.990548120760196937e+00
1.500000000000000000e+03 9.990227814918055671e+00 9.117449783492862295e-03 -1.614320455453305096e-03 9.990232105806324370e+00
1.510416666999999961e+03 9.989917292783880853e+00 9.138884091167672266e-03 1.639849479887027115e-03 9.989921607548838622e+00
1.520833333000000039e+03 9.989718371861449953e+00 9.283236718968988777e-03 -1.665217683651783491e-03 9.989722824009687585e+00
1.531250000000000000e+03 9.989624933286782138e+00 9.430403232522890228e-03 1.691184592995470960e-03 9.989629527682966526e+00
1.541666666999999961e+03 9.989666822592916162e+00 9.687079192800145122e-03 -1.717447424753323860e-03 9.989671667054057735e+00
1.552083333000000039e+03 9.989752307066757098e+00 9.854233087351338405e-03 1.743854144679231463e-03 9.989757319548990822e+00
1.562500000000000000e+03 9.989899280177020557e+00 1.001132881929454356e-02 -1.770812710720074453e-03 9.989904453525255690e+00
1.572916666999999961e+03 9.989964416288897198e+00 1.007807258890555668e-02 1.797978652796322196e-03 9.989969661565179848e+00
1.583333333000000039e+03 9.990023693597237298e+00 1.022568184025428491e-02 -1.825512190840694864e-03 9.990029093836415797e+00
1.593750000000000000e+03 9.990107429254953431e+00 1.023172037373577120e-02 1.853389765355624354e-03 9.990112840764634683e+00
1.604166666999999961e+03 9.990283877883102903e+00 1.020238909560284082e-02 -1.881728243009783350e-03 9.990289264597670638e+00
1.614583333000000039e+03 9.990528245233267768e+00 9.984173206852117732e-03 1.910177144877343294e-03 9.990533416754836082e+00
1.625000000000000000e+03 9.990741861950178659e+00 9.870404109916174409e-03 -1.939404836333301699e-03 9.990746925945634516e+00
1.635416666999999961e+03 9.990827484187983387e+00 9.671651020054352135e-03 1.968533547347467005e-03 9.990832359456531364e+00
1.645833333000000039e+03 9.990768253444869629e+00 9.642331644538596619e-03 -1.998350139142858559e-03 9.990773106321887198e+00
1.656250000000000000e+03 9.990607172116035883e+00 9.507676013674415394e-03 2.028536343051565508e-03 9.990611902100855701e+00
1.666666666999999961e+03 9.990330118701908901e+00 9.593712891010941143e-03 -2.058783424485486919e-03 9.990334937256042380e+00
1.677083333000000039e+03 9.989948608140824859e+00 9.540937674906876248e-03 2.089997889846596270e-03 9.989953382818045569e+00
1.687500000000000000e+03 9.989585980641681573e+00 9.643899084671250094e-03 -2.121002121673718713e-03 9.989590860894773883e+00
1.697916666999999961e+03 9.989330137927558084e+00 9.622240964489511481e-03 2.152951917239857588e-03 9.989335004254835226e+00
1.708333333000000039e+03 9.989193958783266325e+00 9.832326038375551608e-03 -2.184997952297576020e-03 9.989199036711776003e+00
1.718750000000000000e+03 9.989219929696645295e+00 9.992554216416392465e-03 2.217714859724454791e-03 9.989225173818418568e+00
1.729166666999999961e+03 9.989456692158929840e+00 1.031157392327048186e-02 -2.250676455952016659e-03 9.989462267740947254e+00
1.739583333000000039e+03 9.989794933857449877e+00 1.038950384610238219e-02 2.284433871703534218e-03 9.989800597657204406e+00
1.750000000000000000e+03 9.990136618816151781e+00 1.060332218551362365e-02 -2.318120377333376687e-03 9.990142514836055199e+00
1.760416666999999961e+03 9.990342265148671075e+00 1.053038815647260040e-02 2.352843538883086453e-03 9.990348092021784865e+00
1.770833333000000039e+03 9.990518281491086228e+00 1.061122930870095175e-02 -2.387900669073660716e-03 9.990524202115954822e+00
1.781250000000000000e+03 9.990555277133665868e+00 1.038208204022350936e-02 2.422315710408245656e-03 9.990560965266375604e+00
1.791666666999999961e+03 9.990457804050480561e+00 1.049627478774363583e-02 -2.460470075307731163e-03 9.990463620884195706e+00
1.802083333000000039e+03 9.990192556347302855e+00 1.031941826670418859e-02 2.492764219205681996e-03 9.990198197091180177e+00
1.812500000000000000e+03 9.989781381979994990e+00 1.061141948799632778e-02 -2.535435208117488466e-03 9.989787339598846572e+00
1.822916666999999961e+03 9.989128877699778641e+00 1.073925247886297132e-02 2.565446006366559496e-03 9.989134979984635621e+00
1.833333333000000039e+03 9.988062236900262292e+00 1.144704918764499410e-02 -2.610990403289773203e-03 9.988069137746247605e+00
1.843750000000000000e+03 9.986567171448713864e+00 1.223228630032982892e-02 2.643276575276291406e-03 9.986575012765706916e+00
1.854166666999999961e+03 9.985289862184151488e+00 1.313706568150317666e-02 -2.684321413582672379e-03 9.985298864826919640e+00
1.864583333000000039e+03 9.984409044101477448e+00 1.407687359400503282e-02 2.730172106365031260e-03 9.984419340760146255e+00
1.875000000000000000e+03 9.984663012481792776e+00 1.387939487472629810e-02 -2.753441283555858616e-03 9.984673038806176848e+00
1.885416666999999961e+03 9.984898915963439592e+00 1.275256900486457234e-02 2.825887370606281358e-03 9.984907459544306363e+00
1.895833333000000039e+03 9.985467457862116092e+00 1.058488940736512091e-02 -2.824722888405385712e-03 9.985473467541059023e+00
1.906250000000000000e+03 9.987133824606161170e+00 1.035384141258357919e-02 2.915255122531556359e-03 9.987139617094422661e+00
1.916666666999999961e+03 9.989695553630401292e+00 1.005098551542186157e-02 -2.929779851490572472e-03 9.989701039577852271e+00
1.927083333000000039e+03 9.990603497936140442e+00 9.165296285288825409e-03 2.994098864477702689e-03 9.990608150671201670e+00
1.937500000000000000e+03 9.990308151744807574e+00 7.522279782052346264e-03 -3.039713637606689979e-03 9.990311446164772846e+00
1.947916666999999961e+03 9.990185068738851371e+00 6.216164168551124164e-03 3.096906197812863710e-03 9.990187482684079967e+00
1.958333333000000039e+03 9.989901571411010650e+00 4.760407280887319834e-03 -3.155401177624437680e-03 9.989903203961199907e+00
1.968750000000000000e+03 9.990750382763597059e+00 3.296851415689039562e-03 3.221435675127354986e-03 9.990751446090930799e+00
1.979166666999999961e+03 9.991046281555194142e+00 2.423308695343774632e-03 -3.293180235842691882e-03 9.991047118177302622e+00
1.989583333000000039e+03 9.996412320511129934e+00 5.427443508059420817e-04 3.393507844293684045e-03 9.996412911246395083e+00
2.000000000000000000e+03 1.000000414005689109e+01 -3.669204640902599980e-08 -3.452868820370293395e-03 1.000000473617178010e+01
