# z, uu, uv, uw, vv, vw, ww, tke
0.000000000000000000e+00 2.148696839827419214e-01 4.259687548490649622e-02 -1.021075829760667922e-03 9.344754400541763206e-02 -1.605098973426543479e-03 1.159777585037555410e-02 1.599575019192675529e-01
1.041666700000000034e+01 5.090524235507729589e-01 1.092209295438065775e-01 -4.304673063499063479e-02 1.931064872237157615e-01 -1.081239475994771881e-02 2.563620286504628490e-02 3.638975568197675425e-01
2.083333299999999966e+01 6.423269264834702286e-01 1.373757455514555137e-01 -1.036618647345210475e-01 2.859148777649599960e-01 -2.884896379310809486e-02 7.927541873289316310e-02 5.037586114906617007e-01
3.125000000000000000e+01 4.786061118207836085e-01 9.256788586793503193e-02 -9.297515119502938741e-02 2.480497966067005122e-01 -2.271910814932064787e-02 1.263852781119262914e-01 4.265205932697052615e-01
4.166666699999999679e+01 4.446241511932714774e-01 7.534483266345770591e-02 -9.467797564488251993e-02 2.383513087663483299e-01 -2.129235771607155756e-02 1.264755368954739445e-01 4.047254984275469036e-01
5.208333300000000321e+01 3.903517313884197204e-01 5.630917069401197850e-02 -9.055342408210656502e-02 2.138638697922602416e-01 -1.775893706380628906e-02 1.317974213672607753e-01 3.680065112739703825e-01
6.250000000000000000e+01 3.653353800854129418e-01 4.579544505345467531e-02 -8.874548871108885184e-02 2.006502164536201893e-01 -1.529764591018626177e-02 1.268790240272010539e-01 3.464323102831171064e-01
7.291666700000000390e+01 3.374472322061505825e-01 3.692200535144305601e-02 -8.585297594320666359e-02 1.878262509365338784e-01 -1.265732477825710911e-02 1.248206086602793585e-01 3.250470459014818680e-01
8.333333299999999610e+01 3.180373747340966006e-01 3.013092112216110910e-02 -8.317011079360166204e-02 1.784323382184738183e-01 -1.049934672751569667e-02 1.208881827218383637e-01 3.086789478372043982e-01
9.375000000000000000e+01 2.996949775228691104e-01 2.374900423510559536e-02 -8.042315284187870339e-02 1.703704520054163674e-01 -7.989493813065601246e-03 1.183684401685536347e-01 2.942169348484195424e-01
1.041666670000000039e+02 2.837639394238352097e-01 1.900799008356918521e-02 -7.772702283611296337e-02 1.643812562594639537e-01 -6.139179749366611982e-03 1.152522785870726124e-01 2.816987371351858949e-01
1.145833329999999961e+02 2.704634270499524651e-01 1.548084461509695135e-02 -7.475302584716746190e-02 1.592852753950358691e-01 -4.123292120300835889e-03 1.123103520760994900e-01 2.710295272605439121e-01
1.250000000000000000e+02 2.583036454775907709e-01 1.287607903164061755e-02 -7.228720966089141609e-02 1.544901682984716473e-01 -2.579880209891755993e-03 1.092145949528617599e-01 2.610042043644620890e-01
1.354166669999999897e+02 2.471456306689736038e-01 9.907847889071709491e-03 -6.939787709499614654e-02 1.492137461327409098e-01 -5.331007591860537596e-04 1.054135815935394599e-01 2.508864791976269659e-01
1.458333330000000103e+02 2.374113926084950033e-01 7.834963158972807484e-03 -6.688548168665006677e-02 1.429666995209656621e-01 7.826525544408521710e-04 1.024187341193231460e-01 2.413984131243919196e-01
1.562500000000000000e+02 2.291208475301726721e-01 4.892903966025063424e-03 -6.428105299486594482e-02 1.371891757722540905e-01 2.319529432352585453e-03 9.891818225106623064e-02 2.326141027767465175e-01
1.666666669999999897e+02 2.208933353281377909e-01 1.202276318132413811e-03 -6.169670971699035833e-02 1.337372161208375820e-01 3.594650838032583447e-03 9.571985686578714236e-02 2.251752041573812646e-01
1.770833330000000103e+02 2.122382401921251716e-01 -1.854340796605379645e-03 -5.901150423918877924e-02 1.297186465601148642e-01 4.732474738866974083e-03 9.221093698912248560e-02 2.170839118706812398e-01
1.875000000000000000e+02 2.028460951072401375e-01 -4.378901704387152052e-03 -5.673330160321149451e-02 1.255354027929529437e-01 5.836769182756702465e-03 8.918013484346330733e-02 2.087808163718282151e-01
1.979166669999999897e+02 1.939828840848977221e-01 -5.161767977079462742e-03 -5.410228915232825897e-02 1.211498388143139454e-01 6.857990044056543576e-03 8.573712591884172229e-02 2.004349244090267157e-01
2.083333330000000103e+02 1.862374109450975479e-01 -6.925376700381842381e-03 -5.169278990766202481e-02 1.168361971697201435e-01 7.825463694093330938e-03 8.253564572274078859e-02 1.928046269187792539e-01
2.187500000000000000e+02 1.788560070237009969e-01 -8.463282585687547863e-03 -4.928706919958039667e-02 1.133777864843552030e-01 8.629016158078319301e-03 7.935646751120924158e-02 1.857951305096327277e-01
2.291666669999999897e+02 1.721699298084563012e-01 -1.001017008933177514e-02 -4.699341871760883554e-02 1.096762769393515163e-01 9.243149536966852042e-03 7.654952714223502153e-02 1.791978669450214057e-01
2.395833330000000103e+02 1.656382018547076784e-01 -1.175400947887937121e-02 -4.471407860842565446e-02 1.056962019522263707e-01 9.866132189479527234e-03 7.334504066288391466e-02 1.723397222349090097e-01
2.500000000000000000e+02 1.588006204667816723e-01 -1.272100149847351855e-02 -4.230600411793179749e-02 1.024996667700712877e-01 1.031715144927993280e-02 7.030479364496948491e-02 1.658025404409112225e-01
2.604166670000000181e+02 1.521455866752294273e-01 -1.369786391290695599e-02 -4.006241495329208868e-02 9.913682730750597583e-02 1.063595447044312324e-02 6.747720854004143898e-02 1.593798112613884488e-01
2.708333329999999819e+02 1.472101367823795692e-01 -1.417295852192193215e-02 -3.799284333013421694e-02 9.610348607351265615e-02 1.097822432636741743e-02 6.472297115608238727e-02 1.540182970059872924e-01
2.812500000000000000e+02 1.405657284792711792e-01 -1.478764395721890272e-02 -3.557505197883513437e-02 9.344461360448656773e-02 1.126969294619174604e-02 6.189700649913936620e-02 1.479536742914485670e-01
2.916666670000000181e+02 1.336131668138416662e-01 -1.559539512702237847e-02 -3.341847184766981449e-02 9.043858989329861542e-02 1.137255431497634188e-02 5.892528019626845637e-02 1.414885184517043759e-01
3.020833329999999819e+02 1.278471275635185700e-01 -1.558534830834847236e-02 -3.133206297964643422e-02 8.762392557220462230e-02 1.159044890418615102e-02 5.639457273885658400e-02 1.359328129372898708e-01
3.125000000000000000e+02 1.209249440550598242e-01 -1.547649584060244859e-02 -2.918114108019490352e-02 8.447146799540296291e-02 1.156088285739176498e-02 5.336270870242521003e-02 1.293795603764439917e-01
3.229166670000000181e+02 1.146378182443504451e-01 -1.599177149389327188e-02 -2.715907859698449625e-02 8.160126116048524447e-02 1.160140838994734233e-02 5.089649728447089017e-02 1.235677883446532899e-01
3.333333329999999819e+02 1.096139058493590529e-01 -1.631709957216915391e-02 -2.512047658314669682e-02 7.895358412656887370e-02 1.158148722708752208e-02 4.804396938023847846e-02 1.183057296780831991e-01
3.437500000000000000e+02 1.044941635379661865e-01 -1.643585550261788403e-02 -2.312977949670386862e-02 7.572881592288499553e-02 1.147972047811062803e-02 4.508784573890074060e-02 1.126554125998759648e-01
3.541666670000000181e+02 9.983273377279494598e-02 -1.675518895515459503e-02 -2.099257661488222043e-02 7.333771587617547716e-02 1.126774528540006037e-02 4.190555700739805045e-02 1.075380033281842507e-01
3.645833329999999819e+02 9.447310913583432945e-02 -1.680145661014868438e-02 -1.921776389783301509e-02 7.058297149129760806e-02 1.099390808824617614e-02 3.907377605918772867e-02 1.020649283431598331e-01
3.750000000000000000e+02 8.851137068559888910e-02 -1.681505209135656168e-02 -1.725226706375780975e-02 6.734728054217217763e-02 1.073245486701375657e-02 3.630711097989348241e-02 9.608288110383227110e-02
3.854166670000000181e+02 8.288189801014755886e-02 -1.723602668595988416e-02 -1.529676274533627381e-02 6.485404367128741465e-02 1.038190141820967936e-02 3.365229555301817860e-02 9.069411861722657953e-02
3.958333329999999819e+02 7.694015494273387379e-02 -1.721617928225415220e-02 -1.356340606035065510e-02 6.333061030041210737e-02 9.902274886108373281e-03 3.127272284099547744e-02 8.577174404207071889e-02
4.062500000000000000e+02 7.168846189327054974e-02 -1.681635882506973476e-02 -1.177598104008383516e-02 6.162107569112380834e-02 9.394930216053320321e-03 2.898281837176460221e-02 8.114617797807947841e-02
4.166666670000000181e+02 6.657481211312603342e-02 -1.665692879599038265e-02 -1.017447284918653744e-02 6.055851350050202309e-02 8.967346264687847332e-03 2.693889809887839090e-02 7.703611185625322544e-02
4.270833329999999819e+02 6.089712442499036621e-02 -1.660781063522515436e-02 -8.512070286838082853e-03 5.976643159250683013e-02 8.270743475204719863e-03 2.509757566085031588e-02 7.288056583917376652e-02
4.375000000000000000e+02 5.460379214555052124e-02 -1.601073034597558578e-02 -7.050268464449560568e-03 5.869710928643125103e-02 7.616466769545499928e-03 2.342959134207502764e-02 6.836524638702839995e-02
4.479166670000000181e+02 4.792447091530480791e-02 -1.568214470942066660e-02 -5.639858776068006063e-03 5.927825792703356883e-02 6.833787783057283099e-03 2.213199282823575739e-02 6.466736083528706880e-02
4.583333329999999819e+02 4.127329520815459230e-02 -1.424683970447311772e-02 -4.368744053584580275e-03 6.069739277045023418e-02 5.966626547787591377e-03 2.114626487624785001e-02 6.155847642742633824e-02
4.687500000000000000e+02 3.406423690933835235e-02 -1.093474194582182146e-02 -3.243150416194537800e-03 6.287740473278485842e-02 5.064898723066621304e-03 2.079513260822955789e-02 5.886838712517638433e-02
4.791666670000000181e+02 2.760490813583690167e-02 -5.439314579553023409e-03 -2.342711818529537478e-03 6.528797725039345301e-02 4.083813419174013581e-03 2.094619971507368991e-02 5.691954255065202750e-02
4.895833329999999819e+02 2.385256011460871670e-02 2.735688866021527936e-03 -1.662657767873188756e-03 6.690526268017771283e-02 3.039325141657801214e-03 2.162410683101118059e-02 5.619096481289880679e-02
5.000000000000000000e+02 2.377877965806635130e-02 1.227993115582752884e-02 -1.269727417283938098e-03 6.277658837848944240e-02 2.143155184269281144e-03 2.266081132420642158e-02 5.460808968038111111e-02
5.104166670000000181e+02 2.751710789475501906e-02 1.868459982137841285e-02 -1.053204122238308961e-03 5.047675505181033889e-02 1.389819582158578759e-03 2.349958296295604973e-02 5.074672295476070211e-02
5.208333330000000387e+02 3.052313400714350838e-02 1.780678793127307008e-02 -9.352554573890113935e-04 3.431952928236116362e-02 9.083262207660267604e-04 2.367847384084406648e-02 4.426056856517436577e-02
5.312500000000000000e+02 2.918446732254612042e-02 1.111234611772867441e-02 -8.507196881424974096e-04 1.998638669559114553e-02 6.006243740710990892e-04 2.316751333173648619e-02 3.616918367493687780e-02
5.416666669999999613e+02 2.369838377642043831e-02 3.546612816967658656e-03 -7.602132156799112483e-04 1.139396786206618890e-02 4.231321781981811463e-04 2.200218650897077868e-02 2.854726907372870381e-02
5.520833330000000387e+02 1.660058054686061949e-02 -1.176120900993191196e-03 -6.621827335384141301e-04 8.017461426096625030e-03 3.174449762676599803e-04 2.059897073341251938e-02 2.260850635318488108e-02
5.625000000000000000e+02 1.104979747683534387e-02 -2.888969810230807705e-03 -5.598888120107295202e-04 7.000018044662427615e-03 2.398474226694650025e-04 1.929574360471618399e-02 1.867277956310697817e-02
5.729166669999999613e+02 8.034044703825661549e-03 -3.023243398987870197e-03 -4.518174241215639061e-04 6.385238953869842166e-03 1.958210077081880317e-04 1.831344448020203255e-02 1.636636406894876813e-02
5.833333330000000387e+02 6.601058159937003671e-03 -2.838506753623301973e-03 -3.692341169841131744e-04 5.907067033284888954e-03 1.578014720326427391e-04 1.758145709901339990e-02 1.504479114611764583e-02
5.937500000000000000e+02 5.794954111005972373e-03 -2.593246620267602044e-03 -3.163416099999297854e-04 5.497283118657533829e-03 1.472832230146302606e-04 1.688608499547302605e-02 1.408916111256826656e-02
6.041666669999999613e+02 5.262158699933891515e-03 -2.340831780569161639e-03 -2.847944659090039746e-04 5.045257408311971947e-03 1.402586564049984282e-04 1.603814974757422976e-02 1.317278292791004661e-02
6.145833330000000387e+02 4.944173423811887118e-03 -2.162965896481763590e-03 -2.579792995979025621e-04 4.680091350588903333e-03 1.420891837943344079e-04 1.512156175323814758e-02 1.237291326381946902e-02
6.250000000000000000e+02 4.746060662104733749e-03 -2.039632371693958154e-03 -2.427942930304355081e-04 4.416914828506609755e-03 1.413908609316576431e-04 1.413711369843070019e-02 1.165004459452102098e-02
6.354166669999999613e+02 4.577956132535422953e-03 -1.949550024076924246e-03 -2.279776852481784613e-04 4.178701359290156597e-03 1.392691700270044634e-04 1.318521814999932575e-02 1.097093782091245265e-02
6.458333330000000387e+02 4.394882539133353541e-03 -1.878737374587505227e-03 -2.219108485428104198e-04 3.961607668354081083e-03 1.369476616226253407e-04 1.226342751962057956e-02 1.030995886355400709e-02
6.562500000000000000e+02 4.187798169719178336e-03 -1.807808112370055693e-03 -2.153145976288449090e-04 3.737378923945551112e-03 1.319342505016666927e-04 1.143379528696422155e-02 9.679486190314475283e-03
6.666666669999999613e+02 3.953104544549706362e-03 -1.737785082792810956e-03 -2.144974225978553807e-04 3.523084186263962265e-03 1.289906867620029213e-04 1.067778006310293216e-02 9.076984396958299312e-03
6.770833330000000387e+02 3.723342346993148769e-03 -1.671811890992925100e-03 -2.118811036426451386e-04 3.323966804153330543e-03 1.254285257099195452e-04 1.002334173088856480e-02 8.535325441017520970e-03
6.875000000000000000e+02 3.518477098422510049e-03 -1.613302270680429295e-03 -2.122745293491182304e-04 3.144043034890818111e-03 1.253217147400406868e-04 9.438442141922779097e-03 8.050481137618054062e-03
6.979166669999999613e+02 3.355015990895565507e-03 -1.557522950825592075e-03 -2.107397133484689613e-04 2.983518820429075912e-03 1.256684003211684436e-04 8.936085094821303448e-03 7.637309953072972217e-03
7.083333330000000387e+02 3.239852374218950195e-03 -1.507282493501097172e-03 -2.104220452226520245e-04 2.846591538485156517e-03 1.292510346799675698e-04 8.485412282229624556e-03 7.285928097466865851e-03
7.187500000000000000e+02 3.174029971598979743e-03 -1.461621562731091730e-03 -2.088363819145995319e-04 2.733675030467361787e-03 1.326887920686240689e-04 8.096356891170122805e-03 7.002030946618231950e-03
7.291666669999999613e+02 3.144839445037002010e-03 -1.424602324093763835e-03 -2.076091318456679119e-04 2.641466549275873783e-03 1.373351996850534170e-04 7.743247180173488953e-03 6.764776587243182156e-03
7.395833330000000387e+02 3.129195305100509507e-03 -1.398330294056832632e-03 -2.070474708887226254e-04 2.567418012337211678e-03 1.412348490738882213e-04 7.432015021214284818e-03 6.564314169326002785e-03
7.500000000000000000e+02 3.108208506687395491e-03 -1.379995935066283264e-03 -2.061485361958623880e-04 2.501859331597435215e-03 1.451883360665650181e-04 7.143170674659709944e-03 6.376619256472270542e-03
7.604166669999999613e+02 3.064619780863123491e-03 -1.363620125134475114e-03 -2.066757312748865338e-04 2.440005382408189181e-03 1.484469564542486143e-04 6.885879731811361641e-03 6.195252447541337373e-03
7.708333330000000387e+02 2.991542937321177518e-03 -1.341019917660717315e-03 -2.060321122879128363e-04 2.375888036792788479e-03 1.501678464414802348e-04 6.647329580591825916e-03 6.007380277352895523e-03
7.812500000000000000e+02 2.881519504290198930e-03 -1.306853023183442760e-03 -2.066524647874171171e-04 2.310647393134317076e-03 1.507351641047805857e-04 6.436348931060955486e-03 5.814257914242735963e-03
7.916666669999999613e+02 2.742961445918788797e-03 -1.255898174458926989e-03 -2.057862587632663324e-04 2.243717702003753846e-03 1.496676505277510269e-04 6.242123850006074670e-03 5.614401498964308873e-03
8.020833330000000387e+02 2.574546786399788643e-03 -1.190644509553386281e-03 -2.062102594816242224e-04 2.179050734921137052e-03 1.482906895181686409e-04 6.070931352352035466e-03 5.412264436836480147e-03
8.125000000000000000e+02 2.399498238662505899e-03 -1.120630979262291762e-03 -2.061730609570370317e-04 2.123958017918659621e-03 1.453475015716391104e-04 5.913385684218641115e-03 5.218420970399903318e-03
8.229166669999999613e+02 2.233186196644488305e-03 -1.053344751360345581e-03 -2.079136384662244965e-04 2.078800098238458606e-03 1.438082575972708416e-04 5.774418967862736916e-03 5.043202631372841263e-03
8.333333330000000387e+02 2.107777106090742009e-03 -9.911841359506665117e-04 -2.096104290748549586e-04 2.041739215518751597e-03 1.419722699890599467e-04 5.645564938791776573e-03 4.897540630200635306e-03
8.437500000000000000e+02 2.037404820753776612e-03 -9.378590142704229310e-04 -2.130263489919969526e-04 2.011877407454831616e-03 1.426503428124450414e-04 5.529159443414284961e-03 4.789220835811446378e-03
8.541666669999999613e+02 2.026579717158680672e-03 -8.959389497466255150e-04 -2.163625458685563836e-04 1.988941610964559906e-03 1.418406252379766919e-04 5.418002222251403800e-03 4.716761775187322189e-03
8.645833330000000387e+02 2.064082034142283688e-03 -8.673194628932934334e-04 -2.221811028285824606e-04 1.968987189857402103e-03 1.428525359442652659e-04 5.316564423889711712e-03 4.674816823944698968e-03
8.750000000000000000e+02 2.135294027197278972e-03 -8.541122838217580582e-04 -2.282360325838105020e-04 1.952519645471816404e-03 1.422810799379045914e-04 5.220205708733671908e-03 4.654009690701383858e-03
8.854166669999999613e+02 2.220524915334315483e-03 -8.554712980204209590e-04 -2.365015221342031064e-04 1.938077413542442116e-03 1.433213607279373132e-04 5.133254787700911731e-03 4.645928558288834123e-03
8.958333330000000387e+02 2.302106744257586927e-03 -8.693527635719692104e-04 -2.435527400768240311e-04 1.927115443432951027e-03 1.416576007810819765e-04 5.051875315255557712e-03 4.640548751473048267e-03
9.062500000000000000e+02 2.363379976168912284e-03 -8.904883338008987492e-04 -2.515050713415833148e-04 1.915979222861252185e-03 1.402459749483464437e-04 4.979006526866898430e-03 4.629182862948531124e-03
9.166666669999999613e+02 2.395713323069650295e-03 -9.144730729562167626e-04 -2.560451099049426151e-04 1.898215142663159686e-03 1.353504674370929219e-04 4.910652113914493015e-03 4.602290289823651390e-03
9.270833330000000387e+02 2.393107296709512215e-03 -9.337565428140042444e-04 -2.597863736176922000e-04 1.866682753497787102e-03 1.308851676096127036e-04 4.849146753433351657e-03 4.554468401820326029e-03
9.375000000000000000e+02 2.361392539778132699e-03 -9.430763484134668546e-04 -2.590007793373104049e-04 1.820711324126172764e-03 1.238353749750643006e-04 4.790390933278515506e-03 4.486247398591410376e-03
9.479166669999999613e+02 2.311318877609743697e-03 -9.398702437469099022e-04 -2.573323471832735399e-04 1.764795256553387251e-03 1.180675283331600783e-04 4.737114191202870979e-03 4.406614162683000421e-03
9.583333330000000387e+02 2.262113147494864036e-03 -9.280910994820546758e-04 -2.511179232539670131e-04 1.707707620539434439e-03 1.104098095563339901e-04 4.684564105515382458e-03 4.327192436774840792e-03
9.687500000000000000e+02 2.225502106182846232e-03 -9.107010580148751106e-04 -2.433292400368161081e-04 1.655039596101301209e-03 1.039064431712314739e-04 4.635466947826565043e-03 4.258004325055356025e-03
9.791666669999999613e+02 2.213898509661569626e-03 -8.920887379338518020e-04 -2.310834554905089001e-04 1.612087723281098754e-03 9.556564529411863337e-05 4.585653082092959465e-03 4.205819657517814031e-03
9.895833330000000387e+02 2.231340859309675559e-03 -8.728830066066091105e-04 -2.176168050717538756e-04 1.578305244369916996e-03 8.842526032526032561e-05 4.537926792062114099e-03 4.173786447870853761e-03
1.000000000000000000e+03 2.276438359368108174e-03 -8.572562926256260211e-04 -2.004202702991222864e-04 1.555788755251542952e-03 7.979611363590181515e-05 4.488187820055964360e-03 4.160207467337808176e-03
1.010416666999999961e+03 2.336657601823088556e-03 -8.471497536181205480e-04 -1.837586120884367234e-04 1.542012911595049603e-03 7.234767551572184106e-05 4.440519789750825043e-03 4.159595151584481384e-03
1.020833333000000039e+03 2.395330359981400360e-03 -8.469482814393856137e-04 -1.664771665790284831e-04 1.537175540334724880e-03 6.379422584383837426e-05 4.392131849342628853e-03 4.162318874829377263e-03
1.031250000000000000e+03 2.437227311788613734e-03 -8.601420183829646847e-04 -1.537478216005086593e-04 1.540680512680918986e-03 5.676301394065942987e-05 4.347482875372152972e-03 4.162695349920843280e-03
1.041666666999999961e+03 2.451678384010350965e-03 -8.849398392898693254e-04 -1.424474661404649591e-04 1.548924264332385758e-03 4.866345084526100422e-05 4.303952740401197595e-03 4.152277694371967268e-03
1.052083333000000039e+03 2.437925055019251816e-03 -9.153718749852299968e-04 -1.366693036213195624e-04 1.557580614266376728e-03 4.269797796506044315e-05 4.265621633602417750e-03 4.130563651444023147e-03
1.062500000000000000e+03 2.402978831420253883e-03 -9.426167949096875146e-04 -1.316160755410876351e-04 1.566129874418128488e-03 3.660640397815549462e-05 4.230156830117057232e-03 4.099632767977720235e-03
1.072916666999999961e+03 2.363242768551459660e-03 -9.595133276600572355e-04 -1.315025785152920158e-04 1.574457771679491167e-03 3.372409968191946822e-05 4.201453975267002532e-03 4.069577257748976246e-03
1.083333333000000039e+03 2.334997089597416840e-03 -9.625675701248877312e-04 -1.306788712270312851e-04 1.583551606503091772e-03 3.032205512865610795e-05 4.176076370407272483e-03 4.047312533253890655e-03
1.093750000000000000e+03 2.325580559180511625e-03 -9.534886898489425668e-04 -1.330802899555475209e-04 1.594612183813661366e-03 2.967418949784081394e-05 4.156392410987030939e-03 4.038292576990601748e-03
1.104166666999999961e+03 2.333159132382011617e-03 -9.347346941442857783e-04 -1.328428678837864706e-04 1.603427847606436578e-03 2.774531613806207144e-05 4.137996594404396052e-03 4.037291787196422774e-03
1.114583333000000039e+03 2.352346571038323349e-03 -9.125619114987745632e-04 -1.343554712010062839e-04 1.608482796118166453e-03 2.816654699060958336e-05 4.123071396770374222e-03 4.041950381963432121e-03
1.125000000000000000e+03 2.371457922248854534e-03 -8.896906587556109884e-04 -1.329034471959484557e-04 1.607370484451984280e-03 2.672787300461859774e-05 4.107791828868976453e-03 4.043310117784908175e-03
1.135416666999999961e+03 2.380364760249681182e-03 -8.694650723131073632e-04 -1.327204119346858961e-04 1.600834839672894564e-03 2.676447008228399134e-05 4.094460482869872846e-03 4.037830041396224187e-03
1.145833333000000039e+03 2.372602742787138352e-03 -8.507410386172518848e-04 -1.304389997596092196e-04 1.588042276773844741e-03 2.458952942563460652e-05 4.079486741295570290e-03 4.020065880428276908e-03
1.156250000000000000e+03 2.345215795813359108e-03 -8.328858974652260556e-04 -1.295368467907080298e-04 1.572978480994904112e-03 2.439688746063651135e-05 4.065310573325839859e-03 3.991752425067052190e-03
1.166666666999999961e+03 2.304500016350059886e-03 -8.137953949469583538e-04 -1.265147755184172678e-04 1.555810193287091546e-03 2.272861628906631216e-05 4.047346793099006884e-03 3.953828501368079375e-03
1.177083333000000039e+03 2.251955960002963771e-03 -7.950261962685971871e-04 -1.244426190904992418e-04 1.541070246119856553e-03 2.314929167299566338e-05 4.028748345078148746e-03 3.910887275600484318e-03
1.187500000000000000e+03 2.202761569723985565e-03 -7.799789925497912363e-04 -1.208490366277873183e-04 1.530562429300244076e-03 2.238849159345037115e-05 4.004846099680628609e-03 3.869085049352429233e-03
1.197916666999999961e+03 2.162362564641919296e-03 -7.705841511472382192e-04 -1.187114798266327814e-04 1.525998323608568309e-03 2.398894132311915473e-05 3.979094826803756396e-03 3.833727857527122109e-03
1.208333333000000039e+03 2.139909296230871599e-03 -7.675113638531245140e-04 -1.153709905563447141e-04 1.525339898512821342e-03 2.471613214356178085e-05 3.948199779936561842e-03 3.806724487340127500e-03
1.218750000000000000e+03 2.134134009598441604e-03 -7.718857922806538841e-04 -1.135707550313873044e-04 1.530978218345009937e-03 2.760212554240696638e-05 3.916870590061305620e-03 3.790991409002378472e-03
1.229166666999999961e+03 2.148746965471195602e-03 -7.837339164256060817e-04 -1.111213091717347449e-04 1.544150324957990848e-03 2.951661185456919050e-05 3.881942214765828590e-03 3.787419752597507520e-03
1.239583333000000039e+03 2.173379233504627115e-03 -7.997579945157121941e-04 -1.111772307537816794e-04 1.565814067891807852e-03 3.341644563013947209e-05 3.847756240927713029e-03 3.793474771162074106e-03
1.250000000000000000e+03 2.212672297855472221e-03 -8.170143714520667179e-04 -1.106041805448413251e-04 1.592572932071961494e-03 3.552606361384407624e-05 3.811217219049619145e-03 3.808231224488526322e-03
1.260416666999999961e+03 2.257842989306403213e-03 -8.312005801039615413e-04 -1.131907394180975570e-04 1.619236752377105739e-03 3.963963667077480068e-05 3.777823172819973208e-03 3.827451457251741188e-03
1.270833333000000039e+03 2.311061324694121087e-03 -8.389473078707800199e-04 -1.145855563479066967e-04 1.639304189199105883e-03 4.128713851361926162e-05 3.745405536185724554e-03 3.847885525039475979e-03
1.281250000000000000e+03 2.363010283950064440e-03 -8.402642695776691784e-04 -1.200577500690287307e-04 1.648331036291975126e-03 4.483213915859136169e-05 3.720066567986451446e-03 3.865703944114245397e-03
1.291666666999999961e+03 2.407123012790096835e-03 -8.368652961979840049e-04 -1.240430464712004820e-04 1.643194460757752646e-03 4.541992434257401969e-05 3.698112384897776338e-03 3.874214929222813235e-03
1.302083333000000039e+03 2.434779541108373583e-03 -8.312693803394758827e-04 -1.318429796013740197e-04 1.622911655767932029e-03 4.844380080713253049e-05 3.684749006544494731e-03 3.871220101710400388e-03
1.312500000000000000e+03 2.449641797054212360e-03 -8.268532009241442993e-04 -1.366061452677368041e-04 1.589411113956736617e-03 4.868105473972162285e-05 3.674542425245446321e-03 3.856797668128197215e-03
1.322916666999999961e+03 2.459256091009769975e-03 -8.234438081117512187e-04 -1.446240678548042574e-04 1.547004880970884611e-03 5.196123503869110526e-05 3.671064470952788410e-03 3.838662721466721932e-03
1.333333333000000039e+03 2.474805312913818181e-03 -8.188204467574401214e-04 -1.479305754346093335e-04 1.500364249554415668e-03 5.222416830200145868e-05 3.667302139657619125e-03 3.821235851062926812e-03
1.343750000000000000e+03 2.500208916958080937e-03 -8.079369520554463991e-04 -1.530357261274199797e-04 1.454101543436009695e-03 5.476523239940329175e-05 3.666990945222689362e-03 3.810650702808390106e-03
1.354166666999999961e+03 2.530696067742730076e-03 -7.876402738028205185e-04 -1.519818872188807271e-04 1.411970192610940240e-03 5.316420187700347783e-05 3.663380755270548295e-03 3.803023507812109197e-03
1.364583333000000039e+03 2.561963939566576018e-03 -7.590626945013086938e-04 -1.520112058332187337e-04 1.376736943020625496e-03 5.218369059504668898e-05 3.661105988163380117e-03 3.799903435375290815e-03
1.375000000000000000e+03 2.581462135006034643e-03 -7.274046782077876359e-04 -1.453997104976257617e-04 1.347180953343948395e-03 4.706435374390661238e-05 3.655416180870720184e-03 3.792029634610351394e-03
1.385416666999999961e+03 2.588241575099267926e-03 -7.009289601537809942e-04 -1.399195618610509981e-04 1.323173952769073677e-03 4.224843034024573080e-05 3.651184510932767909e-03 3.781300019400554539e-03
1.395833333000000039e+03 2.576572730758748282e-03 -6.877744126141656453e-04 -1.287754518168584216e-04 1.306967303308873701e-03 3.418008462695395122e-05 3.645110188171326628e-03 3.764325111119474522e-03
1.406250000000000000e+03 2.549483644666694984e-03 -6.927716443176824444e-04 -1.203394063397603565e-04 1.303584253079726439e-03 2.775421693412230984e-05 3.641454855824089246e-03 3.747261376785255334e-03
1.416666666999999961e+03 2.506597206914981408e-03 -7.168091992727125897e-04 -1.085111065337908274e-04 1.315054842297607926e-03 2.007857872350049433e-05 3.636554408949804751e-03 3.729103229081196826e-03
1.427083333000000039e+03 2.454879898120661697e-03 -7.522688919239891485e-04 -1.002656027864456934e-04 1.339097913168372546e-03 1.512576605210661961e-05 3.635254839873753967e-03 3.714616325581393888e-03
1.437500000000000000e+03 2.397390155909441718e-03 -7.923566425446932618e-04 -8.961586680772836604e-05 1.367370825045592739e-03 9.294651662280785828e-06 3.634859002559586924e-03 3.699809991757310908e-03
1.447916666999999961e+03 2.341644276872644967e-03 -8.289953777552652335e-04 -8.244802202069775919e-05 1.392918115377853689e-03 6.867181136730927863e-06 3.639408403263018257e-03 3.686985397756758348e-03
1.458333333000000039e+03 2.291028082287552715e-03 -8.587707179630465646e-04 -7.331965021168201598e-05 1.410709937847175362e-03 3.465505186703332188e-06 3.644166242660413363e-03 3.672952131397570937e-03
1.468750000000000000e+03 2.243250353557166201e-03 -8.765645956205327452e-04 -6.664517039055425571e-05 1.415076659311696955e-03 3.652095559444921237e-06 3.652274128117798981e-03 3.655300570493331177e-03
1.479166666999999961e+03 2.197239199914142235e-03 -8.825342203707746110e-04 -5.755735764303695552e-05 1.404686029572446747e-03 2.379511392846732751e-06 3.658449641917003309e-03 3.630187435701796254e-03
1.489583333000000039e+03 2.150344560489242472e-03 -8.778333166188278993e-04 -5.095670401526546204e-05 1.380866945125748622e-03 4.329770587513063695e-06 3.665711606818407905e-03 3.598461556216699282e-03
1.500000000000000000e+03 2.104116069251956225e-03 -8.646938902649149933e-04 -4.287793352852123228e-05 1.349234468702555870e-03 4.143867206797136021e-06 3.667874750528687597e-03 3.560612644241599629e-03
1.510416666999999961e+03 2.063436194300093032e-03 -8.430062533075729277e-04 -3.765099087554929584e-05 1.314232084652033460e-03 6.756170293899114804e-06 3.667757465966143930e-03 3.522712872459135211e-03
1.520833333000000039e+03 2.038710040002849125e-03 -8.174164753645244991e-04 -3.137319518836697413e-05 1.284115667423324676e-03 6.451909151945919662e-06 3.659992614607898796e-03 3.491409161017036515e-03
1.531250000000000000e+03 2.030628912833474641e-03 -7.908988207894846129e-04 -2.720060736636762915e-05 1.263390175935588883e-03 7.898984174839617672e-06 3.648600005569121660e-03 3.471309547169092700e-03
1.541666666999999961e+03 2.040850103010147156e-03 -7.664009709233986266e-04 -2.153350512288381991e-05 1.258092136453707859e-03 5.637905705968857139e-06 3.629756307046829410e-03 3.464349273255342213e-03
1.552083333000000039e+03 2.057479345577328984e-03 -7.440008113061355325e-04 -1.689189420843773578e-05 1.264083658651465230e-03 4.951722146288153020e-06 3.608987932279634266e-03 3.465275468254214349e-03
1.562500000000000000e+03 2.080675975061716410e-03 -7.249020242366651171e-04 -1.067641525623996638e-05 1.275113408548376147e-03 7.941606284351592199e-07 3.583391336440060280e-03 3.469590360025076418e-03
1.572916666999999961e+03 2.106147348442862725e-03 -7.126584494489286150e-04 -5.406578100505816531e-06 1.282756739113486691e-03 -9.830441007333122527e-07 3.558895760382178516e-03 3.473899923969263857e-03
1.583333333000000039e+03 2.144612092297668374e-03 -7.102112614104531601e-04 1.343925114986826314e-07 1.282189477371377655e-03 -5.009942828705921515e-06 3.531820020527361246e-03 3.479310795098203637e-03
1.593750000000000000e+03 2.194451377804250165e-03 -7.173200665306822457e-04 3.977542077321647729e-06 1.270927320454918715e-03 -6.006578334019872010e-06 3.507973214183550403e-03 3.486675956221359750e-03
1.604166666999999961e+03 2.265259617594068704e-03 -7.340417184784622188e-04 6.677638466368791169e-06 1.253688275549941352e-03 -8.574602694469121426e-06 3.482150792533791027e-03 3.500549342838900433e-03
1.614583333000000039e+03 2.338464853458471597e-03 -7.545196179307669298e-04 7.377472201428447419e-06 1.234635039700238959e-03 -8.617448417395089674e-06 3.459622024072995204e-03 3.516360958615852988e-03
1.625000000000000000e+03 2.402703508087225895e-03 -7.704405459440979292e-04 7.168147202210903524e-06 1.219315877017596245e-03 -1.003136838768716225e-05 3.434571979806298574e-03 3.528295682455560248e-03
1.635416666999999961e+03 2.428049600263963367e-03 -7.736294834677964662e-04 5.585069175614049542e-06 1.203542121234483760e-03 -1.031509288669993420e-05 3.413031660316499360e-03 3.522311690907472918e-03
1.645833333000000039e+03 2.413850283253034679e-03 -7.633556737631908137e-04 4.815557197109427928e-06 1.185621193759598411e-03 -1.177174039080350103e-05 3.389417807792297933e-03 3.494444642402465620e-03
1.656250000000000000e+03 2.345178261100304851e-03 -7.395927973216090889e-04 3.622529029190151907e-06 1.160004497766523816e-03 -1.328479005322574241e-05 3.370284456900339912e-03 3.437733607883584289e-03
1.666666666999999961e+03 2.238488947918685235e-03 -7.070405679472558822e-04 4.170230822149731395e-06 1.129969417690595635e-03 -1.470871149693337491e-05 3.349005269314218013e-03 3.358731817461749550e-03
1.677083333000000039e+03 2.105200568958032377e-03 -6.698856853790825360e-04 3.653513310921066214e-06 1.097454936688204742e-03 -1.573119112952344492e-05 3.330979096313664480e-03 3.266817300979951016e-03
1.687500000000000000e+03 1.973000324137746519e-03 -6.303857097561168512e-04 5.182825786361066325e-06 1.067332089879348151e-03 -1.540993378004941228e-05 3.309387577669479965e-03 3.174859995843287534e-03
1.697916666999999961e+03 1.860225553889026297e-03 -5.922101302618036460e-04 6.100791557585112434e-06 1.040867202131695070e-03 -1.475464335491574138e-05 3.288985113523981360e-03 3.095038934772351147e-03
1.708333333000000039e+03 1.783607955392107211e-03 -5.568044874931574314e-04 8.857200763997477854e-06 1.019849117639900181e-03 -1.253871010248321908e-05 3.264924887871485312e-03 3.034190980451746244e-03
1.718750000000000000e+03 1.752868301537064940e-03 -5.285776159218881628e-04 1.165479283944292259e-05 1.002695657611547527e-03 -1.080821550152701069e-05 3.241222132184190443e-03 2.998393045666401455e-03
1.729166666999999961e+03 1.761934353945248700e-03 -5.103862200651772783e-04 1.649770635999472788e-05 9.886907950118811652e-04 -8.766601799246415773e-06 3.215388672763488595e-03 2.983006910860309339e-03
1.739583333000000039e+03 1.813082901517659934e-03 -5.053477193437940157e-04 2.126276192920045481e-05 9.786525708927219791e-04 -8.925666512017535711e-06 3.188455035398449124e-03 2.990095253904415627e-03
1.750000000000000000e+03 1.886408390588236676e-03 -5.143595954852208524e-04 2.727459059521314950e-05 9.752621320220724883e-04 -9.539671128275757287e-06 3.159419231969968957e-03 3.010544877290139386e-03
1.760416666999999961e+03 1.985497661027804672e-03 -5.369434540452665662e-04 3.357374020232013105e-05 9.790316364321877650e-04 -1.310124130774100988e-05 3.124687567696896994e-03 3.044608432578444716e-03
1.770833333000000039e+03 2.084460069226215257e-03 -5.735864983934856141e-04 4.239992514924274190e-05 9.929659785239092033e-04 -1.682185287520097136e-05 3.087694575701910391e-03 3.082560311726017209e-03
1.781250000000000000e+03 2.187882976265932613e-03 -6.145332980032690946e-04 4.976981245232926690e-05 1.018083384658216442e-03 -2.221949560291776652e-05 3.041104213326340303e-03 3.123535287125244787e-03
1.791666666999999961e+03 2.253012988964644102e-03 -6.528018816279304365e-04 5.909133204994049547e-05 1.050608000589388965e-03 -2.604689649907878055e-05 2.993007393896546676e-03 3.148314191725289871e-03
1.802083333000000039e+03 2.282528268525707560e-03 -6.779954085241738293e-04 6.344883920691093298e-05 1.084506934228841044e-03 -2.987400413160015125e-05 2.930907006601255090e-03 3.148971104677901738e-03
1.812500000000000000e+03 2.235364471853981336e-03 -6.869956323648267671e-04 6.764487319334901204e-05 1.109169333854595572e-03 -3.034981258103899924e-05 2.867146778213661151e-03 3.105840291961118813e-03
1.822916666999999961e+03 2.125662170442265287e-03 -6.792539997519186174e-04 6.343932928832908037e-05 1.123030067344178533e-03 -2.925517792191989358e-05 2.779499162500223292e-03 3.014095700143333556e-03
1.833333333000000039e+03 1.953553061446833099e-03 -6.663652537248933435e-04 5.903032527597086061e-05 1.133996299146147703e-03 -2.423997029104573122e-05 2.680996468308335413e-03 2.884272914450658216e-03
1.843750000000000000e+03 1.771510103113204835e-03 -6.530204054161056672e-04 4.842193321530206167e-05 1.154159617188896649e-03 -1.612854568269965445e-05 2.538360830163945755e-03 2.732015275233023836e-03
1.854166666999999961e+03 1.619293939789472102e-03 -6.482189604450233102e-04 4.141728565161560872e-05 1.196570116934960078e-03 -5.619519047457390487e-06 2.374799468125162686e-03 2.595331762424797108e-03
1.864583333000000039e+03 1.571322893914403216e-03 -6.651432715822856159e-04 3.305801595804989170e-05 1.271836717999021713e-03 7.494989131434016174e-06 2.154921171867990072e-03 2.499040391890707501e-03
1.875000000000000000e+03 1.664156418837047695e-03 -7.022371976846736221e-04 3.060364983753504508e-05 1.384841464246480171e-03 1.762655381187424239e-05 1.924670813438832421e-03 2.486834348261180144e-03
1.885416666999999961e+03 1.910062268559144889e-03 -7.534422485959093750e-04 2.884829669717843827e-05 1.596531568424331251e-03 2.976009291160855517e-05 1.661807558356389941e-03 2.584200697669933149e-03
1.895833333000000039e+03 2.270764004060364227e-03 -8.176338005166295568e-04 3.521729778560976783e-05 2.018565518527786189e-03 3.800117425836646210e-05 1.456767461115697796e-03 2.873048491851924215e-03
1.906250000000000000e+03 2.693156502278370307e-03 -8.229583455973393108e-04 4.179509442012874768e-05 2.799011699938559489e-03 3.622955175173750094e-05 1.315005853279864684e-03 3.403587027748396915e-03
1.916666666999999961e+03 2.999160363211202714e-03 -7.282680835359292733e-04 4.400158363850594715e-05 3.683822062248124415e-03 4.410799338305637895e-05 1.307354208874250082e-03 3.995168317166788823e-03
1.927083333000000039e+03 3.143903753928332500e-03 -6.496416315591937865e-04 3.363683678803059866e-05 4.104698834206790825e-03 3.722650859364416795e-05 1.432383350204632184e-03 4.340492969169877646e-03
1.937500000000000000e+03 3.213957225767356991e-03 -6.131544760034558133e-04 3.950683437409896443e-05 3.724572551881100493e-03 2.288993000706067139e-05 1.587936778677328208e-03 4.263233278162892846e-03
1.947916666999999961e+03 3.247782621974353370e-03 -6.310873323568113539e-04 2.816699649673173043e-05 3.382398608617636325e-03 2.208991378430380707e-05 1.820589158542751688e-03 4.225385194567370800e-03
1.958333333000000039e+03 3.243544519348588989e-03 -6.215086280109678816e-04 4.576647459773194545e-05 3.031756253440080588e-03 6.921342283667950151e-06 1.875579176636533139e-03 4.075439974712600708e-03
1.968750000000000000e+03 3.237598972808994769e-03 -6.023869677239967503e-04 2.677668488121275297e-05 3.104763245201409925e-03 8.045452882365701665e-06 1.844412184393188136e-03 4.093387201201796090e-03
1.979166666999999961e+03 3.302815536882664806e-03 -5.659975609223790154e-04 2.478225409845609677e-05 3.997289657695425255e-03 -1.065391238376114581e-06 1.667616836968755173e-03 4.483861015773422942e-03
1.989583333000000039e+03 3.465407925781547986e-03 -5.830960299504083259e-04 3.375939238401973267e-05 6.834094908983646792e-03 -1.065066151022308209e-05 1.036357271450662199e-03 5.667930053107928488e-03
2.000000000000000000e+03 4.420309177714533064e-03 -5.694100346555613099e-04 1.694776896881272711e-05 1.290972485919871307e-02 -1.347979403689809300e-05 1.015956859247291091e-03 9.172995448080267095e-03
