Tom Lund and Greg Poulos.  130X130X136 dynamic Smagorinsky model with Sullivans surface layer correction.  Revised 08/18/03.      
 135
  0.2941176E+01  0.5882353E+01  0.8823529E+01  0.1176471E+02  0.1470588E+02  0.1764706E+02  0.2058824E+02  0.2352941E+02  0.2647059E+02  0.2941176E+02
  0.3235294E+02  0.3529412E+02  0.3823529E+02  0.4117647E+02  0.4411765E+02  0.4705882E+02  0.5000000E+02  0.5294118E+02  0.5588235E+02  0.5882353E+02
  0.6176471E+02  0.6470588E+02  0.6764706E+02  0.7058824E+02  0.7352941E+02  0.7647059E+02  0.7941176E+02  0.8235294E+02  0.8529412E+02  0.8823529E+02
  0.9117647E+02  0.9411765E+02  0.9705882E+02  0.1000000E+03  0.1029412E+03  0.1058824E+03  0.1088235E+03  0.1117647E+03  0.1147059E+03  0.1176471E+03
  0.1205882E+03  0.1235294E+03  0.1264706E+03  0.1294118E+03  0.1323529E+03  0.1352941E+03  0.1382353E+03  0.1411765E+03  0.1441176E+03  0.1470588E+03
  0.1500000E+03  0.1529412E+03  0.1558824E+03  0.1588235E+03  0.1617647E+03  0.1647059E+03  0.1676471E+03  0.1705882E+03  0.1735294E+03  0.1764706E+03
  0.1794118E+03  0.1823529E+03  0.1852941E+03  0.1882353E+03  0.1911765E+03  0.1941176E+03  0.1970588E+03  0.2000000E+03  0.2029412E+03  0.2058824E+03
  0.2088235E+03  0.2117647E+03  0.2147059E+03  0.2176471E+03  0.2205882E+03  0.2235294E+03  0.2264706E+03  0.2294118E+03  0.2323529E+03  0.2352941E+03
  0.2382353E+03  0.2411765E+03  0.2441176E+03  0.2470588E+03  0.2500000E+03  0.2529412E+03  0.2558824E+03  0.2588235E+03  0.2617647E+03  0.2647059E+03
  0.2676471E+03  0.2705882E+03  0.2735294E+03  0.2764706E+03  0.2794118E+03  0.2823529E+03  0.2852941E+03  0.2882353E+03  0.2911765E+03  0.2941176E+03
  0.2970588E+03  0.3000000E+03  0.3029412E+03  0.3058824E+03  0.3088235E+03  0.3117647E+03  0.3147059E+03  0.3176471E+03  0.3205882E+03  0.3235294E+03
  0.3264706E+03  0.3294118E+03  0.3323529E+03  0.3352941E+03  0.3382353E+03  0.3411765E+03  0.3441176E+03  0.3470588E+03  0.3500000E+03  0.3529412E+03
  0.3558824E+03  0.3588235E+03  0.3617647E+03  0.3647059E+03  0.3676471E+03  0.3705882E+03  0.3735294E+03  0.3764706E+03  0.3794118E+03  0.3823529E+03
  0.3852941E+03  0.3882353E+03  0.3911765E+03  0.3941176E+03  0.3970588E+03
  0.4618048E-02  0.7057520E-02  0.5971313E-02  0.5349835E-02  0.4695360E-02  0.4203750E-02  0.3808857E-02  0.3467695E-02  0.3185510E-02  0.2963061E-02
  0.2775335E-02  0.2585753E-02  0.2404683E-02  0.2250611E-02  0.2123959E-02  0.2008583E-02  0.1889733E-02  0.1778280E-02  0.1684907E-02  0.1605418E-02
  0.1514301E-02  0.1428581E-02  0.1354361E-02  0.1294682E-02  0.1241561E-02  0.1179651E-02  0.1125745E-02  0.1083762E-02  0.1035332E-02  0.9803600E-03
  0.9267598E-03  0.8760880E-03  0.8072638E-03  0.7782035E-03  0.7932668E-03  0.7589815E-03  0.7136941E-03  0.6783293E-03  0.6379802E-03  0.6007164E-03
  0.5649418E-03  0.5247680E-03  0.4939421E-03  0.4670419E-03  0.4385964E-03  0.4071109E-03  0.3719053E-03  0.3514061E-03  0.3353648E-03  0.3144434E-03
  0.2920069E-03  0.2685458E-03  0.2444897E-03  0.2242199E-03  0.2071131E-03  0.1887039E-03  0.1700838E-03  0.1561280E-03  0.1417515E-03  0.1259404E-03
  0.1128259E-03  0.1004012E-03  0.8702181E-04  0.7603660E-04  0.6602697E-04  0.5493668E-04  0.4480378E-04  0.3552278E-04  0.2630994E-04  0.1791135E-04
  0.9851069E-05  0.1788054E-05 -0.6218270E-05 -0.1209476E-04 -0.1532146E-04 -0.1626193E-04 -0.1497713E-04 -0.1217760E-04 -0.9357435E-05 -0.5995508E-05
 -0.1878549E-05  0.6496857E-06  0.8713710E-06  0.2000919E-06 -0.1330679E-06 -0.9086046E-07 -0.2159899E-07 -0.1138802E-07 -0.1103632E-07 -0.4701397E-08
 -0.7095911E-09 -0.4596204E-09 -0.2881174E-10  0.1683530E-08  0.2332099E-08  0.9060634E-09 -0.1583045E-08 -0.2950548E-08 -0.1775415E-08  0.5639575E-09
  0.2261382E-08  0.2689225E-08  0.1823225E-08  0.1467069E-09 -0.1426120E-08 -0.2418919E-08 -0.2950809E-08 -0.3375023E-08 -0.3719192E-08 -0.3400827E-08
 -0.2292188E-08 -0.1209995E-08 -0.6689356E-09 -0.3090719E-09  0.4581665E-09  0.1245052E-08  0.1667795E-08  0.1861594E-08  0.1913064E-08  0.1510497E-08
  0.7250784E-09  0.3965849E-10 -0.1086387E-08 -0.1737883E-08 -0.1967476E-08 -0.1565151E-08 -0.1661081E-08 -0.7683177E-09  0.4405336E-09  0.1063434E-08
  0.2906257E-08  0.2965703E-08 -0.2402695E-08 -0.5929569E-08 -0.2486278E-08
  0.1686647E-01  0.1803594E-02  0.1084548E-02  0.6708375E-03  0.5195223E-03  0.3769362E-03  0.3226475E-03  0.2574954E-03  0.2294963E-03  0.1947045E-03
  0.1800435E-03  0.1576770E-03  0.1471015E-03  0.1305160E-03  0.1233101E-03  0.1115411E-03  0.1057056E-03  0.9696725E-04  0.9331074E-04  0.8805784E-04
  0.8533838E-04  0.7971129E-04  0.7701150E-04  0.7455607E-04  0.7395407E-04  0.7222820E-04  0.7130863E-04  0.6993829E-04  0.6899677E-04  0.6625974E-04
  0.6475862E-04  0.6149069E-04  0.5922893E-04  0.4115350E-04  0.3351648E-04  0.3209547E-04  0.3098551E-04  0.2927167E-04  0.2841006E-04  0.2754204E-04
  0.2724498E-04  0.2617399E-04  0.2556629E-04  0.2482119E-04  0.2437429E-04  0.2292904E-04  0.2216359E-04  0.2145436E-04  0.2125016E-04  0.2033741E-04
  0.1974706E-04  0.1854053E-04  0.1796354E-04  0.1677951E-04  0.1618475E-04  0.1516148E-04  0.1468269E-04  0.1379689E-04  0.1333769E-04  0.1225658E-04
  0.1172871E-04  0.1053223E-04  0.9896918E-05  0.8957106E-05  0.8544029E-05  0.7425004E-05  0.6819457E-05  0.5752434E-05  0.5266912E-05  0.4499835E-05
  0.4123474E-05  0.3353654E-05  0.2982451E-05  0.2388573E-05  0.2094896E-05  0.1448490E-05  0.1119864E-05  0.5549091E-06  0.3037794E-06  0.7249572E-07
  0.5130029E-08 -0.3282762E-09  0.1555769E-09  0.5730325E-11  0.1661720E-10  0.3169287E-11  0.1628285E-12  0.1101246E-12  0.8440108E-13  0.7863532E-13
  0.7386243E-13  0.7382310E-13  0.7209314E-13  0.3579309E-13  0.2617914E-13  0.2219058E-13  0.1763068E-13  0.1665049E-13  0.1632400E-13  0.1923736E-13
  0.2358077E-13  0.7958794E-13  0.1147112E-12  0.7269226E-13  0.3512607E-13  0.2679473E-13  0.3066661E-13  0.2045781E-13  0.1374686E-13  0.2226066E-13
  0.2937554E-13  0.2147576E-13  0.1350954E-13  0.3465614E-14  0.1237685E-15  0.5616426E-14  0.1079489E-13  0.1237799E-13  0.1075241E-13  0.3051653E-13
  0.4077768E-13  0.1811599E-13  0.3800611E-14 -0.6292278E-14 -0.8074830E-14 -0.5301241E-15  0.3684201E-14 -0.6411903E-14 -0.1457152E-13 -0.4211277E-13
 -0.5695889E-13 -0.1082257E-12 -0.1612384E-12 -0.1145654E-12 -0.3549992E-13
 -0.3434380E-03 -0.3772577E-03 -0.3478998E-03 -0.3493041E-03 -0.3514814E-03 -0.3516504E-03 -0.3499105E-03 -0.3467123E-03 -0.3439595E-03 -0.3401725E-03
 -0.3357432E-03 -0.3304287E-03 -0.3258672E-03 -0.3210916E-03 -0.3156198E-03 -0.3101107E-03 -0.3047028E-03 -0.2985515E-03 -0.2926126E-03 -0.2866210E-03
 -0.2807729E-03 -0.2754457E-03 -0.2693154E-03 -0.2638264E-03 -0.2576088E-03 -0.2517551E-03 -0.2458299E-03 -0.2390607E-03 -0.2329648E-03 -0.2272351E-03
 -0.2210940E-03 -0.2153668E-03 -0.2091275E-03 -0.2040407E-03 -0.1971992E-03 -0.1923088E-03 -0.1857835E-03 -0.1806283E-03 -0.1741833E-03 -0.1690548E-03
 -0.1623939E-03 -0.1568253E-03 -0.1506440E-03 -0.1445770E-03 -0.1392155E-03 -0.1334848E-03 -0.1284124E-03 -0.1229876E-03 -0.1179937E-03 -0.1123202E-03
 -0.1074388E-03 -0.1022948E-03 -0.9768216E-04 -0.9226322E-04 -0.8716975E-04 -0.8205601E-04 -0.7715929E-04 -0.7213301E-04 -0.6689027E-04 -0.6198381E-04
 -0.5710557E-04 -0.5229125E-04 -0.4848396E-04 -0.4448392E-04 -0.4061094E-04 -0.3660823E-04 -0.3329966E-04 -0.2949373E-04 -0.2578036E-04 -0.2198381E-04
 -0.1842509E-04 -0.1530636E-04 -0.1260834E-04 -0.1046571E-04 -0.8974899E-05 -0.7983300E-05 -0.6977164E-05 -0.5559883E-05 -0.4175138E-05 -0.2670620E-05
 -0.1390355E-05 -0.5831731E-06 -0.1896826E-06 -0.5640882E-07 -0.5233413E-07 -0.9834893E-07 -0.1346451E-06 -0.1477624E-06 -0.1486475E-06 -0.1466965E-06
 -0.1494943E-06 -0.1636742E-06 -0.1894092E-06 -0.2204355E-06 -0.2475961E-06 -0.2628952E-06 -0.2646622E-06 -0.2572082E-06 -0.2445053E-06 -0.2258094E-06
 -0.1976310E-06 -0.1593211E-06 -0.1153543E-06 -0.7304491E-07 -0.3668562E-07 -0.6709192E-08  0.1670239E-07  0.3226068E-07  0.3987924E-07  0.4140011E-07
  0.3852379E-07  0.3305189E-07  0.2778488E-07  0.2426677E-07  0.2124086E-07  0.1762581E-07  0.1375139E-07  0.1007837E-07  0.5589705E-08 -0.3900832E-09
 -0.7362619E-08 -0.1328681E-07 -0.1676724E-07 -0.1705938E-07 -0.1523947E-07 -0.1293593E-07 -0.1100213E-07 -0.8847980E-08 -0.5599571E-08 -0.2281834E-08
  0.2802496E-08  0.8274722E-08  0.1060071E-07  0.2430626E-07  0.3020001E-09
  0.1057301E-02 -0.1169147E-02 -0.2712733E-03 -0.3547622E-03 -0.2585584E-03 -0.2056061E-03 -0.1690766E-03 -0.1257828E-03 -0.9079791E-04 -0.8060808E-04
 -0.8514539E-04 -0.6411234E-04 -0.3453516E-04 -0.2252706E-04 -0.2418898E-04 -0.2564588E-04 -0.1455294E-04 -0.4409415E-05 -0.6263427E-05 -0.1438298E-04
 -0.4932841E-05  0.6428386E-05  0.1105506E-04  0.1748779E-05 -0.9518753E-05 -0.3008323E-05  0.2475436E-05 -0.2240631E-05 -0.4930492E-05  0.1370268E-05
  0.8663576E-05  0.1680422E-04  0.4631300E-04  0.4096678E-04 -0.6713116E-05 -0.9864799E-05 -0.3819357E-05 -0.7124472E-05 -0.5738969E-05 -0.4579927E-05
 -0.2240125E-05  0.7542744E-05  0.8109477E-05  0.5166590E-05  0.3961123E-05  0.5104418E-05  0.1190151E-04  0.6802781E-05  0.4884252E-08 -0.2072629E-05
 -0.2366900E-05 -0.1775045E-05  0.1700617E-05  0.2369427E-05 -0.4892630E-07 -0.6735898E-06  0.1373406E-05  0.3158672E-06 -0.2852945E-06  0.8030756E-06
 -0.4068617E-06 -0.1309043E-05  0.6299615E-06  0.1113494E-05  0.1955406E-05  0.4878764E-05  0.8078130E-05  0.1004471E-04  0.1258230E-04  0.1493406E-04
  0.1759135E-04  0.2093263E-04  0.2470883E-04  0.2705256E-04  0.2766983E-04  0.2692178E-04  0.2415993E-04  0.1969078E-04  0.1523053E-04  0.9891201E-05
  0.4067239E-05  0.4249830E-06 -0.3270714E-06  0.1605307E-06  0.4778042E-06  0.4569367E-06  0.3888489E-06  0.3604665E-06  0.3383159E-06  0.3159122E-06
  0.3076203E-06  0.3226829E-06  0.3599422E-06  0.4109674E-06  0.4617251E-06  0.4967594E-06  0.5100993E-06  0.5053438E-06  0.4870740E-06  0.4562684E-06
  0.4101555E-06  0.3480030E-06  0.2760967E-06  0.2052795E-06  0.1422466E-06  0.8770374E-07  0.4133812E-07  0.5192829E-08 -0.1896827E-07 -0.3201551E-07
 -0.3478637E-07 -0.2832703E-07 -0.1736320E-07 -0.7598523E-08 -0.8619695E-09  0.3565777E-08  0.5619298E-08  0.5223560E-08  0.4989774E-08  0.7425186E-08
  0.1274583E-07  0.1775384E-07  0.2162407E-07  0.2245196E-07  0.2146559E-07  0.1980486E-07  0.1846088E-07  0.1555044E-07  0.1007828E-07  0.4617934E-08
 -0.4067605E-08 -0.1246859E-07 -0.1327528E-07 -0.2745353E-07 -0.1234598E-07
  0.2220952E-01  0.7328749E-02  0.6444941E-02  0.5319520E-02  0.4605867E-02  0.4023280E-02  0.3611229E-02  0.3252065E-02  0.2982143E-02  0.2740323E-02
  0.2538167E-02  0.2351224E-02  0.2193502E-02  0.2039216E-02  0.1906648E-02  0.1779474E-02  0.1669790E-02  0.1567364E-02  0.1476275E-02  0.1390100E-02
  0.1312327E-02  0.1238734E-02  0.1173029E-02  0.1106880E-02  0.1047228E-02  0.9952055E-03  0.9513264E-03  0.9093412E-03  0.8633321E-03  0.8184347E-03
  0.7772352E-03  0.7368716E-03  0.7011768E-03  0.6535421E-03  0.6202859E-03  0.5855577E-03  0.5512315E-03  0.5158199E-03  0.4820702E-03  0.4502560E-03
  0.4232670E-03  0.3972634E-03  0.3726514E-03  0.3488574E-03  0.3248629E-03  0.2995232E-03  0.2758584E-03  0.2549330E-03  0.2367313E-03  0.2184932E-03
  0.2000659E-03  0.1816808E-03  0.1652803E-03  0.1490578E-03  0.1335007E-03  0.1186909E-03  0.1067216E-03  0.9582284E-04  0.8576767E-04  0.7532542E-04
  0.6558555E-04  0.5642114E-04  0.4893659E-04  0.4177302E-04  0.3624805E-04  0.3094185E-04  0.2651326E-04  0.2192576E-04  0.1832755E-04  0.1496474E-04
  0.1238751E-04  0.9655361E-05  0.7603368E-05  0.5695322E-05  0.4431457E-05  0.3049465E-05  0.2162111E-05  0.1173428E-05  0.6269645E-06  0.2352486E-06
  0.9226743E-07  0.3456190E-07  0.7068911E-08  0.1579731E-08  0.1090994E-08  0.4514892E-09  0.1479373E-09  0.7786444E-10  0.7305856E-10  0.7118146E-10
  0.6418062E-10  0.5807467E-10  0.5166054E-10  0.4489322E-10  0.4216389E-10  0.4528117E-10  0.5362343E-10  0.5961427E-10  0.5623336E-10  0.4909531E-10
  0.4913425E-10  0.5688941E-10  0.6060929E-10  0.5337451E-10  0.4280285E-10  0.3680370E-10  0.3288236E-10  0.2919865E-10  0.2962420E-10  0.3629918E-10
  0.4460975E-10  0.4846848E-10  0.4692970E-10  0.4248366E-10  0.3859737E-10  0.3852561E-10  0.4297029E-10  0.4806666E-10  0.5098139E-10  0.5280088E-10
  0.5378903E-10  0.5227496E-10  0.4779599E-10  0.4256006E-10  0.4004588E-10  0.3906940E-10  0.3603805E-10  0.3168854E-10  0.3079744E-10  0.4280544E-10
  0.8789393E-10  0.1711916E-09  0.3193747E-09  0.7752133E-09  0.1160806E-08
 -0.1114006E-04 -0.1404039E-04 -0.8253677E-05 -0.2914158E-05 -0.1025358E-05  0.1500935E-06  0.1289085E-05  0.6301641E-06 -0.1894432E-05 -0.3338056E-05
 -0.3676707E-05 -0.2334793E-05 -0.2119635E-05 -0.1707669E-05  0.8125235E-06  0.4893978E-05  0.6393153E-05  0.4921909E-05  0.3066283E-05  0.2372791E-05
  0.1606975E-05  0.5408734E-06  0.8289260E-07  0.2807816E-06  0.1159704E-05  0.1910271E-05  0.2372766E-05  0.3057459E-05  0.3101767E-05  0.2320267E-05
  0.1852813E-05  0.2144574E-05  0.2501412E-05  0.2741039E-05  0.2585123E-05  0.3345687E-05  0.3845194E-05  0.4028299E-05  0.4397819E-05  0.4367652E-05
  0.4285855E-05  0.4396043E-05  0.4322461E-05  0.3595342E-05  0.2853392E-05  0.2136281E-05  0.1699593E-05  0.1742643E-05  0.1894861E-05  0.1894727E-05
  0.1882333E-05  0.1335599E-05  0.1191339E-05  0.2047821E-05  0.2578439E-05  0.2444792E-05  0.2258981E-05  0.2284923E-05  0.2145984E-05  0.1690869E-05
  0.1456660E-05  0.9120357E-06  0.1281427E-06 -0.1497379E-06 -0.3325857E-06 -0.3096267E-06 -0.1115416E-06 -0.9957723E-07  0.5124004E-07  0.3966906E-06
  0.7532980E-06  0.1112612E-05  0.1261299E-05  0.1185336E-05  0.1036909E-05  0.1075573E-05  0.1163393E-05  0.1334775E-05  0.1374776E-05  0.1062320E-05
  0.7111977E-06  0.4566054E-06  0.3477037E-06  0.3026398E-06  0.2913278E-06  0.2672789E-06  0.2324570E-06  0.2012384E-06  0.1785591E-06  0.1644432E-06
  0.1573523E-06  0.1584910E-06  0.1704526E-06  0.1921706E-06  0.2164190E-06  0.2347250E-06  0.2438004E-06  0.2451254E-06  0.2407371E-06  0.2309739E-06
  0.2147368E-06  0.1913143E-06  0.1625052E-06  0.1323280E-06  0.1040921E-06  0.7853885E-07  0.5505685E-07  0.3404931E-07  0.1716217E-07  0.5947495E-08
  0.1400658E-08  0.3466416E-08  0.9705833E-08  0.1631670E-07  0.2079846E-07  0.2239812E-07  0.2099553E-07  0.1711547E-07  0.1244157E-07  0.8492830E-08
  0.6054537E-08  0.4454440E-08  0.3722653E-08  0.3612136E-08  0.4218592E-08  0.5264710E-08  0.5761640E-08  0.5902452E-08  0.4888426E-08  0.3356687E-08
  0.1553197E-08 -0.1399463E-08 -0.5396798E-08 -0.9852164E-08 -0.1569109E-07
