Tom Lund and Greg Poulos.  130X130X136 dynamic Smagorinsky model with Sullivans surface layer correction.  Revised 08/18/03.      
 135
  0.2941176E+01  0.5882353E+01  0.8823529E+01  0.1176471E+02  0.1470588E+02  0.1764706E+02  0.2058824E+02  0.2352941E+02  0.2647059E+02  0.2941176E+02
  0.3235294E+02  0.3529412E+02  0.3823529E+02  0.4117647E+02  0.4411765E+02  0.4705882E+02  0.5000000E+02  0.5294118E+02  0.5588235E+02  0.5882353E+02
  0.6176471E+02  0.6470588E+02  0.6764706E+02  0.7058824E+02  0.7352941E+02  0.7647059E+02  0.7941176E+02  0.8235294E+02  0.8529412E+02  0.8823529E+02
  0.9117647E+02  0.9411765E+02  0.9705882E+02  0.1000000E+03  0.1029412E+03  0.1058824E+03  0.1088235E+03  0.1117647E+03  0.1147059E+03  0.1176471E+03
  0.1205882E+03  0.1235294E+03  0.1264706E+03  0.1294118E+03  0.1323529E+03  0.1352941E+03  0.1382353E+03  0.1411765E+03  0.1441176E+03  0.1470588E+03
  0.1500000E+03  0.1529412E+03  0.1558824E+03  0.1588235E+03  0.1617647E+03  0.1647059E+03  0.1676471E+03  0.1705882E+03  0.1735294E+03  0.1764706E+03
  0.1794118E+03  0.1823529E+03  0.1852941E+03  0.1882353E+03  0.1911765E+03  0.1941176E+03  0.1970588E+03  0.2000000E+03  0.2029412E+03  0.2058824E+03
  0.2088235E+03  0.2117647E+03  0.2147059E+03  0.2176471E+03  0.2205882E+03  0.2235294E+03  0.2264706E+03  0.2294118E+03  0.2323529E+03  0.2352941E+03
  0.2382353E+03  0.2411765E+03  0.2441176E+03  0.2470588E+03  0.2500000E+03  0.2529412E+03  0.2558824E+03  0.2588235E+03  0.2617647E+03  0.2647059E+03
  0.2676471E+03  0.2705882E+03  0.2735294E+03  0.2764706E+03  0.2794118E+03  0.2823529E+03  0.2852941E+03  0.2882353E+03  0.2911765E+03  0.2941176E+03
  0.2970588E+03  0.3000000E+03  0.3029412E+03  0.3058824E+03  0.3088235E+03  0.3117647E+03  0.3147059E+03  0.3176471E+03  0.3205882E+03  0.3235294E+03
  0.3264706E+03  0.3294118E+03  0.3323529E+03  0.3352941E+03  0.3382353E+03  0.3411765E+03  0.3441176E+03  0.3470588E+03  0.3500000E+03  0.3529412E+03
  0.3558824E+03  0.3588235E+03  0.3617647E+03  0.3647059E+03  0.3676471E+03  0.3705882E+03  0.3735294E+03  0.3764706E+03  0.3794118E+03  0.3823529E+03
  0.3852941E+03  0.3882353E+03  0.3911765E+03  0.3941176E+03  0.3970588E+03
  0.1995369E+00  0.2815440E+00  0.2684407E+00  0.2680484E+00  0.2627570E+00  0.2570331E+00  0.2505573E+00  0.2448192E+00  0.2401549E+00  0.2355057E+00
  0.2306859E+00  0.2257334E+00  0.2209334E+00  0.2165579E+00  0.2120611E+00  0.2064398E+00  0.2002276E+00  0.1948728E+00  0.1897188E+00  0.1851794E+00
  0.1815172E+00  0.1777548E+00  0.1739487E+00  0.1702360E+00  0.1659223E+00  0.1616599E+00  0.1575985E+00  0.1528432E+00  0.1475713E+00  0.1421011E+00
  0.1368120E+00  0.1323575E+00  0.1283668E+00  0.1250647E+00  0.1228687E+00  0.1197323E+00  0.1156737E+00  0.1108247E+00  0.1059076E+00  0.1012852E+00
  0.9643019E-01  0.9169833E-01  0.8720117E-01  0.8289791E-01  0.7877693E-01  0.7513186E-01  0.7146514E-01  0.6725907E-01  0.6281524E-01  0.5861962E-01
  0.5487874E-01  0.5132677E-01  0.4759655E-01  0.4358033E-01  0.3987123E-01  0.3659320E-01  0.3348909E-01  0.3034248E-01  0.2704977E-01  0.2377963E-01
  0.2042709E-01  0.1749673E-01  0.1515489E-01  0.1314818E-01  0.1149984E-01  0.1029096E-01  0.9522765E-02  0.9233430E-02  0.9167013E-02  0.9169582E-02
  0.9343161E-02  0.9571388E-02  0.9815966E-02  0.1023901E-01  0.1067509E-01  0.1100761E-01  0.1130206E-01  0.1054397E-01  0.7380058E-02  0.3514975E-02
  0.1510689E-02  0.9276677E-03  0.6962982E-03  0.6311096E-03  0.5965778E-03  0.5707005E-03  0.5523025E-03  0.5340358E-03  0.5144214E-03  0.4959134E-03
  0.4811036E-03  0.4704309E-03  0.4631166E-03  0.4597153E-03  0.4610790E-03  0.4667730E-03  0.4756324E-03  0.4860764E-03  0.4956881E-03  0.5019941E-03
  0.5038171E-03  0.5015496E-03  0.4960591E-03  0.4876215E-03  0.4763622E-03  0.4634289E-03  0.4509794E-03  0.4411635E-03  0.4354083E-03  0.4342072E-03
  0.4370150E-03  0.4425490E-03  0.4496733E-03  0.4578348E-03  0.4666842E-03  0.4756687E-03  0.4841346E-03  0.4915312E-03  0.4975909E-03  0.5021101E-03
  0.5050825E-03  0.5063996E-03  0.5066114E-03  0.5063333E-03  0.5065526E-03  0.5076457E-03  0.5096001E-03  0.5129114E-03  0.5181038E-03  0.5268298E-03
  0.5388469E-03  0.5536592E-03  0.5685461E-03  0.5806807E-03  0.5853266E-03
  0.1675636E+00  0.2304586E+00  0.2203746E+00  0.2173897E+00  0.2127171E+00  0.2071516E+00  0.2005123E+00  0.1937060E+00  0.1868405E+00  0.1808107E+00
  0.1752055E+00  0.1692628E+00  0.1639476E+00  0.1591447E+00  0.1543496E+00  0.1494041E+00  0.1445138E+00  0.1398343E+00  0.1353866E+00  0.1310650E+00
  0.1264566E+00  0.1221087E+00  0.1180817E+00  0.1142794E+00  0.1102327E+00  0.1057868E+00  0.1016676E+00  0.9789993E-01  0.9453284E-01  0.9145909E-01
  0.8821885E-01  0.8540640E-01  0.8303558E-01  0.8041548E-01  0.7715930E-01  0.7369462E-01  0.7093997E-01  0.6860622E-01  0.6617262E-01  0.6357666E-01
  0.6116429E-01  0.5918611E-01  0.5758200E-01  0.5593322E-01  0.5417839E-01  0.5253327E-01  0.5062777E-01  0.4853568E-01  0.4655046E-01  0.4485104E-01
  0.4336112E-01  0.4200201E-01  0.4095856E-01  0.3996390E-01  0.3864198E-01  0.3727514E-01  0.3595223E-01  0.3442625E-01  0.3298414E-01  0.3170875E-01
  0.3046107E-01  0.2932368E-01  0.2813978E-01  0.2660156E-01  0.2488210E-01  0.2305531E-01  0.2093465E-01  0.1855564E-01  0.1584309E-01  0.1305875E-01
  0.1050547E-01  0.8137069E-02  0.6225425E-02  0.4840383E-02  0.3746859E-02  0.2904495E-02  0.2286930E-02  0.1780790E-02  0.1332589E-02  0.9611034E-03
  0.6582535E-03  0.4624317E-03  0.3710264E-03  0.3102297E-03  0.2594959E-03  0.2206611E-03  0.1934991E-03  0.1746375E-03  0.1595411E-03  0.1464606E-03
  0.1351973E-03  0.1253539E-03  0.1163921E-03  0.1082211E-03  0.1009699E-03  0.9480863E-04  0.8990511E-04  0.8595121E-04  0.8220785E-04  0.7811547E-04
  0.7379938E-04  0.6997101E-04  0.6715042E-04  0.6516670E-04  0.6341875E-04  0.6130452E-04  0.5868132E-04  0.5598523E-04  0.5377045E-04  0.5231065E-04
  0.5137333E-04  0.5037494E-04  0.4903001E-04  0.4758742E-04  0.4638514E-04  0.4543484E-04  0.4453369E-04  0.4354403E-04  0.4247661E-04  0.4144399E-04
  0.4065252E-04  0.4017420E-04  0.3964273E-04  0.3880449E-04  0.3791227E-04  0.3733107E-04  0.3714265E-04  0.3704409E-04  0.3675317E-04  0.3645443E-04
  0.3658598E-04  0.3768309E-04  0.4012589E-04  0.4355734E-04  0.4688333E-04
  0.4751299E-01  0.8131553E-01  0.8502620E-01  0.8878406E-01  0.9133493E-01  0.9279743E-01  0.9343908E-01  0.9347213E-01  0.9271631E-01  0.9161787E-01
  0.9031661E-01  0.8888358E-01  0.8726753E-01  0.8545853E-01  0.8365519E-01  0.8181811E-01  0.8005269E-01  0.7830593E-01  0.7674193E-01  0.7494074E-01
  0.7289208E-01  0.7077215E-01  0.6868879E-01  0.6670425E-01  0.6473965E-01  0.6265100E-01  0.6068287E-01  0.5871886E-01  0.5671089E-01  0.5497621E-01
  0.5322481E-01  0.5153852E-01  0.4966533E-01  0.4801457E-01  0.4617065E-01  0.4448604E-01  0.4278488E-01  0.4125689E-01  0.3955090E-01  0.3788619E-01
  0.3621095E-01  0.3464373E-01  0.3318027E-01  0.3176398E-01  0.3033313E-01  0.2889524E-01  0.2741424E-01  0.2590624E-01  0.2448317E-01  0.2307491E-01
  0.2168925E-01  0.2034387E-01  0.1917181E-01  0.1798425E-01  0.1695123E-01  0.1590826E-01  0.1486076E-01  0.1381834E-01  0.1289917E-01  0.1205790E-01
  0.1128037E-01  0.1049176E-01  0.9740226E-02  0.9058701E-02  0.8438181E-02  0.7859629E-02  0.7314247E-02  0.6739591E-02  0.6218673E-02  0.5697635E-02
  0.5199398E-02  0.4740147E-02  0.4305948E-02  0.3887194E-02  0.3484966E-02  0.3091620E-02  0.2697388E-02  0.2314672E-02  0.1967487E-02  0.1699720E-02
  0.1525601E-02  0.1382575E-02  0.1230283E-02  0.1083994E-02  0.9679378E-03  0.8832538E-03  0.8196438E-03  0.7683475E-03  0.7247257E-03  0.6862687E-03
  0.6515544E-03  0.6200099E-03  0.5911866E-03  0.5646322E-03  0.5400989E-03  0.5174513E-03  0.4965526E-03  0.4773412E-03  0.4597841E-03  0.4437544E-03
  0.4291023E-03  0.4157218E-03  0.4035053E-03  0.3923186E-03  0.3820260E-03  0.3725262E-03  0.3636911E-03  0.3552921E-03  0.3470929E-03  0.3389409E-03
  0.3307963E-03  0.3227161E-03  0.3147270E-03  0.3067980E-03  0.2989280E-03  0.2911695E-03  0.2836099E-03  0.2763839E-03  0.2695813E-03  0.2631959E-03
  0.2570412E-03  0.2509972E-03  0.2450580E-03  0.2392733E-03  0.2335388E-03  0.2276716E-03  0.2215950E-03  0.2151804E-03  0.2084061E-03  0.2010847E-03
  0.1932665E-03  0.1850826E-03  0.1771280E-03  0.1707278E-03  0.1679375E-03
  0.1103072E-01  0.2025431E-01  0.3143843E-01  0.1745974E-01  0.1412254E-01  0.1969099E-01  0.2628840E-01  0.3342616E-01  0.3848490E-01  0.4520975E-01
  0.5018754E-01  0.5456469E-01  0.5994682E-01  0.6100159E-01  0.6407089E-01  0.6742609E-01  0.7280521E-01  0.8432794E-01  0.9212433E-01  0.1001022E+00
  0.1035844E+00  0.1124823E+00  0.1156998E+00  0.1176227E+00  0.1184605E+00  0.1238307E+00  0.1285646E+00  0.1331394E+00  0.1316070E+00  0.1294264E+00
  0.1275526E+00  0.1210423E+00  0.1114164E+00  0.1052319E+00  0.1012961E+00  0.1015628E+00  0.1127586E+00  0.1163499E+00  0.1231810E+00  0.1214473E+00
  0.1194696E+00  0.1177068E+00  0.1192061E+00  0.1211089E+00  0.1190556E+00  0.1200704E+00  0.1204652E+00  0.1241289E+00  0.1220318E+00  0.1165847E+00
  0.1081161E+00  0.1023809E+00  0.8767686E-01  0.7659249E-01  0.7484586E-01  0.7675107E-01  0.8375590E-01  0.8756862E-01  0.8718255E-01  0.7924051E-01
  0.6810463E-01  0.5510000E-01  0.4357916E-01  0.2832608E-01  0.1349969E-01  0.6439878E-02 -0.3131412E-02 -0.3170322E-02  0.2461117E-02 -0.4560336E-03
  0.3868303E-02  0.1500339E-01  0.2298209E-01  0.3043911E-01  0.3734985E-01  0.4227440E-01  0.3721633E-01  0.3030075E-01  0.2597005E-01  0.2436313E-01
  0.2566487E-01  0.1731567E-01  0.1367860E-01  0.9690886E-02  0.5362311E-02  0.3845611E-02  0.6447930E-02  0.1163919E-01  0.1747836E-01  0.2200374E-01
  0.2430852E-01  0.2520754E-01  0.2552914E-01  0.2522041E-01  0.2386041E-01  0.2132419E-01  0.1731093E-01  0.1176433E-01  0.5355050E-02 -0.1245294E-02
 -0.7837110E-02 -0.1506753E-01 -0.2342374E-01 -0.3215907E-01 -0.3921678E-01 -0.4237200E-01 -0.4072859E-01 -0.3504490E-01 -0.2683863E-01 -0.1753321E-01
 -0.8563391E-02 -0.7117531E-03  0.6319216E-02  0.1363390E-01  0.2214535E-01  0.3109584E-01  0.3867463E-01  0.4312456E-01  0.4406897E-01  0.4262119E-01
  0.4072622E-01  0.3961016E-01  0.3962707E-01  0.4001410E-01  0.3960757E-01  0.3757456E-01  0.3300797E-01  0.2766974E-01  0.2262494E-01  0.1774877E-01
  0.1288589E-01  0.6670292E-02 -0.1944795E-02 -0.3900223E-02 -0.2592259E-01
 -0.9999999E+07 -0.9999999E+07 -0.9999999E+07 -0.9999999E+07 -0.9999999E+07 -0.9999999E+07 -0.9999999E+07 -0.9999999E+07 -0.9999999E+07 -0.9999999E+07
 -0.9999999E+07 -0.9999999E+07 -0.9999999E+07 -0.9999999E+07 -0.9999999E+07 -0.9999999E+07 -0.9999999E+07 -0.9999999E+07 -0.9999999E+07 -0.9999999E+07
 -0.9999999E+07 -0.9999999E+07 -0.9999999E+07 -0.9999999E+07 -0.9999999E+07 -0.9999999E+07 -0.9999999E+07 -0.9999999E+07 -0.9999999E+07 -0.9999999E+07
 -0.9999999E+07 -0.9999999E+07 -0.9999999E+07 -0.9999999E+07 -0.9999999E+07 -0.9999999E+07 -0.9999999E+07 -0.9999999E+07 -0.9999999E+07 -0.9999999E+07
 -0.9999999E+07 -0.9999999E+07 -0.9999999E+07 -0.9999999E+07 -0.9999999E+07 -0.9999999E+07 -0.9999999E+07 -0.9999999E+07 -0.9999999E+07 -0.9999999E+07
 -0.9999999E+07 -0.9999999E+07 -0.9999999E+07 -0.9999999E+07 -0.9999999E+07 -0.9999999E+07 -0.9999999E+07 -0.9999999E+07 -0.9999999E+07 -0.9999999E+07
 -0.9999999E+07 -0.9999999E+07 -0.9999999E+07 -0.9999999E+07 -0.9999999E+07 -0.9999999E+07 -0.9999999E+07 -0.9999999E+07 -0.9999999E+07 -0.9999999E+07
 -0.9999999E+07 -0.9999999E+07 -0.9999999E+07 -0.9999999E+07 -0.9999999E+07 -0.9999999E+07 -0.9999999E+07 -0.9999999E+07 -0.9999999E+07 -0.9999999E+07
 -0.9999999E+07 -0.9999999E+07 -0.9999999E+07 -0.9999999E+07 -0.9999999E+07 -0.9999999E+07 -0.9999999E+07 -0.9999999E+07 -0.9999999E+07 -0.9999999E+07
 -0.9999999E+07 -0.9999999E+07 -0.9999999E+07 -0.9999999E+07 -0.9999999E+07 -0.9999999E+07 -0.9999999E+07 -0.9999999E+07 -0.9999999E+07 -0.9999999E+07
 -0.9999999E+07 -0.9999999E+07 -0.9999999E+07 -0.9999999E+07 -0.9999999E+07 -0.9999999E+07 -0.9999999E+07 -0.9999999E+07 -0.9999999E+07 -0.9999999E+07
 -0.9999999E+07 -0.9999999E+07 -0.9999999E+07 -0.9999999E+07 -0.9999999E+07 -0.9999999E+07 -0.9999999E+07 -0.9999999E+07 -0.9999999E+07 -0.9999999E+07
 -0.9999999E+07 -0.9999999E+07 -0.9999999E+07 -0.9999999E+07 -0.9999999E+07 -0.9999999E+07 -0.9999999E+07 -0.9999999E+07 -0.9999999E+07 -0.9999999E+07
 -0.9999999E+07 -0.9999999E+07 -0.9999999E+07 -0.9999999E+07 -0.9999999E+07
  0.8846719E-02  0.6709305E-02  0.5356826E-02  0.5048027E-02  0.4986328E-02  0.4985938E-02  0.4991158E-02  0.5000468E-02  0.5016967E-02  0.5023962E-02
  0.5021540E-02  0.5023646E-02  0.5040455E-02  0.5061490E-02  0.5077270E-02  0.5089147E-02  0.5096054E-02  0.5108949E-02  0.5132115E-02  0.5159683E-02
  0.5189395E-02  0.5215192E-02  0.5231314E-02  0.5244710E-02  0.5264376E-02  0.5289900E-02  0.5306150E-02  0.5304500E-02  0.5287413E-02  0.5263297E-02
  0.5244801E-02  0.5229749E-02  0.5211051E-02  0.5189870E-02  0.5170553E-02  0.5151102E-02  0.5129864E-02  0.5103559E-02  0.5089805E-02  0.5106361E-02
  0.5137617E-02  0.5167933E-02  0.5205506E-02  0.5238945E-02  0.5261532E-02  0.5284109E-02  0.5301296E-02  0.5324619E-02  0.5366003E-02  0.5416287E-02
  0.5452946E-02  0.5468633E-02  0.5471912E-02  0.5464348E-02  0.5449929E-02  0.5430881E-02  0.5407951E-02  0.5376356E-02  0.5335972E-02  0.5302070E-02
  0.5265680E-02  0.5230608E-02  0.5197925E-02  0.5140646E-02  0.5065201E-02  0.4972184E-02  0.4826200E-02  0.4619178E-02  0.4397067E-02  0.4222330E-02
  0.4128343E-02  0.4135291E-02  0.4263978E-02  0.4563366E-02  0.5092115E-02  0.5898050E-02  0.6956780E-02  0.7810294E-02  0.7626589E-02  0.5999539E-02
  0.3634316E-02  0.1694127E-02  0.6359601E-03  0.2307520E-03  0.1373552E-03  0.1616243E-03  0.2201487E-03  0.2687310E-03  0.2891021E-03  0.2867119E-03
  0.2753302E-03  0.2643083E-03  0.2566720E-03  0.2518684E-03  0.2482402E-03  0.2442771E-03  0.2393283E-03  0.2337895E-03  0.2283793E-03  0.2235085E-03
  0.2195018E-03  0.2169013E-03  0.2161128E-03  0.2168886E-03  0.2184119E-03  0.2198717E-03  0.2208757E-03  0.2214163E-03  0.2215665E-03  0.2212180E-03
  0.2202173E-03  0.2186872E-03  0.2169700E-03  0.2152683E-03  0.2134552E-03  0.2112898E-03  0.2088817E-03  0.2067391E-03  0.2052981E-03  0.2045548E-03
  0.2043074E-03  0.2044838E-03  0.2052828E-03  0.2067818E-03  0.2087778E-03  0.2108456E-03  0.2120672E-03  0.2107211E-03  0.2043870E-03  0.1912260E-03
  0.1710724E-03  0.1464464E-03  0.1232126E-03  0.1088230E-03  0.1196276E-03
