Tom Lund and Greg Poulos.  130X130X136 dynamic Smagorinsky model with Sullivans surface layer correction.  Revised 08/18/03.
 1001
  0.0000000E+00  0.4067400E+02  0.8178807E+02  0.1228666E+03  0.1639217E+03  0.2049420E+03  0.2459263E+03  0.2868163E+03  0.3274981E+03  0.3674915E+03
  0.4048997E+03  0.4415477E+03  0.4777330E+03  0.5138512E+03  0.5498204E+03  0.5855391E+03  0.6217504E+03  0.6573366E+03  0.6924958E+03  0.7276014E+03
  0.7607128E+03  0.7936219E+03  0.8257981E+03  0.8594846E+03  0.8936599E+03  0.9286522E+03  0.9634007E+03  0.9982613E+03  0.1033051E+04  0.1067364E+04
  0.1102107E+04  0.1137111E+04  0.1172318E+04  0.1208006E+04  0.1243560E+04  0.1278921E+04  0.1315153E+04  0.1352314E+04  0.1388465E+04  0.1424343E+04
  0.1461470E+04  0.1498429E+04  0.1535719E+04  0.1572899E+04  0.1609792E+04  0.1647129E+04  0.1684984E+04  0.1722687E+04  0.1760692E+04  0.1798127E+04
  0.1835536E+04  0.1873024E+04  0.1910783E+04  0.1948724E+04  0.1986913E+04  0.2024664E+04  0.2062407E+04  0.2100341E+04  0.2137442E+04  0.2174289E+04
  0.2211575E+04  0.2249324E+04  0.2287017E+04  0.2324776E+04  0.2362532E+04  0.2400706E+04  0.2438831E+04  0.2476627E+04  0.2514425E+04  0.2552652E+04
  0.2590588E+04  0.2629106E+04  0.2667080E+04  0.2704515E+04  0.2742093E+04  0.2779881E+04  0.2817632E+04  0.2855575E+04  0.2893585E+04  0.2931416E+04
  0.2968677E+04  0.3005700E+04  0.3043398E+04  0.3081096E+04  0.3118823E+04  0.3156706E+04  0.3194888E+04  0.3232940E+04  0.3270601E+04  0.3308111E+04
  0.3345238E+04  0.3382511E+04  0.3419492E+04  0.3457273E+04  0.3495282E+04  0.3533391E+04  0.3571308E+04  0.3609291E+04  0.3647459E+04  0.3685638E+04
  0.3723577E+04  0.3762307E+04  0.3800934E+04  0.3838941E+04  0.3876749E+04  0.3915058E+04  0.3952904E+04  0.3990794E+04  0.4028449E+04  0.4066124E+04
  0.4104059E+04  0.4142410E+04  0.4180929E+04  0.4219319E+04  0.4257895E+04  0.4296518E+04  0.4335181E+04  0.4374119E+04  0.4412918E+04  0.4451718E+04
  0.4490820E+04  0.4529788E+04  0.4568581E+04  0.4607537E+04  0.4646510E+04  0.4685258E+04  0.4724550E+04  0.4763680E+04  0.4802634E+04  0.4841984E+04
  0.4881062E+04  0.4920356E+04  0.4959640E+04  0.4998819E+04  0.5037928E+04  0.5077013E+04  0.5116412E+04  0.5155766E+04  0.5195330E+04  0.5234999E+04
  0.5274100E+04  0.5313215E+04  0.5352422E+04  0.5391356E+04  0.5430710E+04  0.5469960E+04  0.5509324E+04  0.5548569E+04  0.5587996E+04  0.5627120E+04
  0.5666391E+04  0.5705613E+04  0.5745208E+04  0.5784579E+04  0.5824001E+04  0.5863300E+04  0.5902936E+04  0.5942259E+04  0.5981608E+04  0.6020371E+04
  0.6059534E+04  0.6098862E+04  0.6138040E+04  0.6176924E+04  0.6216372E+04  0.6255749E+04  0.6294169E+04  0.6332517E+04  0.6371696E+04  0.6410495E+04
  0.6449557E+04  0.6488845E+04  0.6527653E+04  0.6566475E+04  0.6605443E+04  0.6644634E+04  0.6683719E+04  0.6722631E+04  0.6761152E+04  0.6799505E+04
  0.6838340E+04  0.6877531E+04  0.6916903E+04  0.6955889E+04  0.6994732E+04  0.7033416E+04  0.7072285E+04  0.7110871E+04  0.7149537E+04  0.7188331E+04
  0.7227066E+04  0.7265775E+04  0.7304822E+04  0.7343915E+04  0.7383306E+04  0.7422550E+04  0.7461766E+04  0.7500907E+04  0.7540064E+04  0.7579002E+04
  0.7617676E+04  0.7656270E+04  0.7695052E+04  0.7733820E+04  0.7772359E+04  0.7811357E+04  0.7850255E+04  0.7889082E+04  0.7927593E+04  0.7965775E+04
  0.8004103E+04  0.8042587E+04  0.8081351E+04  0.8120426E+04  0.8159343E+04  0.8197984E+04  0.8237017E+04  0.8275970E+04  0.8314706E+04  0.8353306E+04
  0.8391646E+04  0.8430539E+04  0.8469718E+04  0.8508408E+04  0.8546747E+04  0.8585208E+04  0.8623784E+04  0.8662241E+04  0.8700848E+04  0.8739482E+04
  0.8778427E+04  0.8817240E+04  0.8855840E+04  0.8894352E+04  0.8933115E+04  0.8972010E+04  0.9011369E+04  0.9050696E+04  0.9089815E+04  0.9129070E+04
  0.9168249E+04  0.9207284E+04  0.9246076E+04  0.9284748E+04  0.9323582E+04  0.9362626E+04  0.9401069E+04  0.9439852E+04  0.9478967E+04  0.9518286E+04
  0.9557715E+04  0.9597126E+04  0.9636646E+04  0.9676009E+04  0.9715444E+04  0.9754902E+04  0.9794611E+04  0.9834129E+04  0.9873588E+04  0.9912658E+04
  0.9951639E+04  0.9990913E+04  0.1002999E+05  0.1006923E+05  0.1010808E+05  0.1014711E+05  0.1018610E+05  0.1022491E+05  0.1026317E+05  0.1030136E+05
  0.1034017E+05  0.1037927E+05  0.1041838E+05  0.1045734E+05  0.1049586E+05  0.1053467E+05  0.1057392E+05  0.1061274E+05  0.1065170E+05  0.1069080E+05
  0.1072980E+05  0.1076867E+05  0.1080779E+05  0.1084717E+05  0.1088648E+05  0.1092593E+05  0.1096503E+05  0.1100462E+05  0.1104418E+05  0.1108398E+05
  0.1112383E+05  0.1116358E+05  0.1120331E+05  0.1124274E+05  0.1128224E+05  0.1132154E+05  0.1136080E+05  0.1140010E+05  0.1143921E+05  0.1147824E+05
  0.1151731E+05  0.1155625E+05  0.1159475E+05  0.1163287E+05  0.1167129E+05  0.1171042E+05  0.1174949E+05  0.1178900E+05  0.1182852E+05  0.1186760E+05
  0.1190621E+05  0.1194555E+05  0.1198458E+05  0.1202304E+05  0.1206218E+05  0.1210133E+05  0.1214021E+05  0.1217887E+05  0.1221771E+05  0.1225660E+05
  0.1229594E+05  0.1233532E+05  0.1237450E+05  0.1241386E+05  0.1245287E+05  0.1249137E+05  0.1253009E+05  0.1256899E+05  0.1260750E+05  0.1264598E+05
  0.1268476E+05  0.1272351E+05  0.1276211E+05  0.1280029E+05  0.1283670E+05  0.1287373E+05  0.1291080E+05  0.1294892E+05  0.1298721E+05  0.1302390E+05
  0.1306150E+05  0.1309943E+05  0.1313637E+05  0.1317410E+05  0.1321185E+05  0.1324965E+05  0.1328770E+05  0.1332559E+05  0.1336364E+05  0.1340184E+05
  0.1343963E+05  0.1347682E+05  0.1351331E+05  0.1355050E+05  0.1358829E+05  0.1362636E+05  0.1366445E+05  0.1370275E+05  0.1374098E+05  0.1377757E+05
  0.1381497E+05  0.1385294E+05  0.1389084E+05  0.1392841E+05  0.1396615E+05  0.1400366E+05  0.1404035E+05  0.1407744E+05  0.1411516E+05  0.1415232E+05
  0.1419012E+05  0.1422773E+05  0.1426433E+05  0.1430126E+05  0.1433883E+05  0.1437648E+05  0.1441391E+05  0.1445116E+05  0.1448742E+05  0.1452418E+05
  0.1456136E+05  0.1459867E+05  0.1463578E+05  0.1467274E+05  0.1470933E+05  0.1474608E+05  0.1478288E+05  0.1481959E+05  0.1485596E+05  0.1489319E+05
  0.1493039E+05  0.1496765E+05  0.1500425E+05  0.1504122E+05  0.1507765E+05  0.1511328E+05  0.1514993E+05  0.1518543E+05  0.1522116E+05  0.1525769E+05
  0.1529484E+05  0.1533144E+05  0.1536821E+05  0.1540501E+05  0.1544156E+05  0.1547758E+05  0.1551432E+05  0.1555069E+05  0.1558732E+05  0.1562332E+05
  0.1565881E+05  0.1569396E+05  0.1573020E+05  0.1576645E+05  0.1580242E+05  0.1583804E+05  0.1587398E+05  0.1590907E+05  0.1594476E+05  0.1598052E+05
  0.1601591E+05  0.1605147E+05  0.1608678E+05  0.1612242E+05  0.1615785E+05  0.1619337E+05  0.1622890E+05  0.1626443E+05  0.1629968E+05  0.1633428E+05
  0.1636933E+05  0.1640484E+05  0.1643992E+05  0.1647504E+05  0.1651010E+05  0.1654454E+05  0.1657963E+05  0.1661428E+05  0.1664907E+05  0.1668392E+05
  0.1671820E+05  0.1675288E+05  0.1678762E+05  0.1682220E+05  0.1685693E+05  0.1689122E+05  0.1692479E+05  0.1695921E+05  0.1699275E+05  0.1702701E+05
  0.1706075E+05  0.1709440E+05  0.1712817E+05  0.1716210E+05  0.1719631E+05  0.1723027E+05  0.1726447E+05  0.1729864E+05  0.1733297E+05  0.1736702E+05
  0.1740091E+05  0.1743485E+05  0.1746910E+05  0.1750343E+05  0.1753758E+05  0.1757166E+05  0.1760531E+05  0.1763930E+05  0.1767342E+05  0.1770714E+05
  0.1774121E+05  0.1777540E+05  0.1780943E+05  0.1784283E+05  0.1787681E+05  0.1791077E+05  0.1794449E+05  0.1797833E+05  0.1801236E+05  0.1804616E+05
  0.1808029E+05  0.1811410E+05  0.1814813E+05  0.1818218E+05  0.1821599E+05  0.1824931E+05  0.1828265E+05  0.1831645E+05  0.1835021E+05  0.1838372E+05
  0.1841731E+05  0.1845042E+05  0.1848362E+05  0.1851638E+05  0.1854961E+05  0.1858273E+05  0.1861589E+05  0.1864885E+05  0.1868217E+05  0.1871568E+05
  0.1874867E+05  0.1878161E+05  0.1881502E+05  0.1884846E+05  0.1888165E+05  0.1891498E+05  0.1894809E+05  0.1898075E+05  0.1901346E+05  0.1904624E+05
  0.1907910E+05  0.1911187E+05  0.1914490E+05  0.1917778E+05  0.1921068E+05  0.1924309E+05  0.1927603E+05  0.1930876E+05  0.1934139E+05  0.1937407E+05
  0.1940639E+05  0.1943889E+05  0.1947114E+05  0.1950374E+05  0.1953632E+05  0.1956890E+05  0.1960144E+05  0.1963389E+05  0.1966640E+05  0.1969843E+05
  0.1973087E+05  0.1976323E+05  0.1979537E+05  0.1982717E+05  0.1985912E+05  0.1989129E+05  0.1992297E+05  0.1995480E+05  0.1998703E+05  0.2001951E+05
  0.2005159E+05  0.2008349E+05  0.2011530E+05  0.2014688E+05  0.2017858E+05  0.2021022E+05  0.2024190E+05  0.2027380E+05  0.2030586E+05  0.2033747E+05
  0.2036929E+05  0.2040110E+05  0.2043264E+05  0.2046460E+05  0.2049652E+05  0.2052849E+05  0.2056025E+05  0.2059143E+05  0.2062301E+05  0.2065474E+05
  0.2068613E+05  0.2071756E+05  0.2074900E+05  0.2078047E+05  0.2081176E+05  0.2084303E+05  0.2087429E+05  0.2090528E+05  0.2093591E+05  0.2096668E+05
  0.2099785E+05  0.2102922E+05  0.2106061E+05  0.2109196E+05  0.2112323E+05  0.2115427E+05  0.2118525E+05  0.2121651E+05  0.2124745E+05  0.2127849E+05
  0.2130929E+05  0.2134015E+05  0.2137106E+05  0.2140188E+05  0.2143239E+05  0.2146310E+05  0.2149393E+05  0.2152436E+05  0.2155444E+05  0.2158491E+05
  0.2161540E+05  0.2164539E+05  0.2167579E+05  0.2170615E+05  0.2173668E+05  0.2176732E+05  0.2179799E+05  0.2182885E+05  0.2185952E+05  0.2189004E+05
  0.2192076E+05  0.2195155E+05  0.2198219E+05  0.2201298E+05  0.2204387E+05  0.2207435E+05  0.2210497E+05  0.2213550E+05  0.2216589E+05  0.2219631E+05
  0.2222661E+05  0.2225715E+05  0.2228768E+05  0.2231796E+05  0.2234848E+05  0.2237882E+05  0.2240912E+05  0.2243918E+05  0.2246945E+05  0.2249995E+05
  0.2253026E+05  0.2256028E+05  0.2259065E+05  0.2262110E+05  0.2265131E+05  0.2268100E+05  0.2271058E+05  0.2274040E+05  0.2277040E+05  0.2280052E+05
  0.2283031E+05  0.2285977E+05  0.2288934E+05  0.2291869E+05  0.2294827E+05  0.2297830E+05  0.2300819E+05  0.2303784E+05  0.2306786E+05  0.2309812E+05
  0.2312798E+05  0.2315815E+05  0.2318825E+05  0.2321828E+05  0.2324808E+05  0.2327800E+05  0.2330763E+05  0.2333756E+05  0.2336768E+05  0.2339773E+05
  0.2342761E+05  0.2345726E+05  0.2348710E+05  0.2351701E+05  0.2354678E+05  0.2357640E+05  0.2360585E+05  0.2363522E+05  0.2366453E+05  0.2369388E+05
  0.2372340E+05  0.2375310E+05  0.2378298E+05  0.2381268E+05  0.2384228E+05  0.2387216E+05  0.2390202E+05  0.2393164E+05  0.2396130E+05  0.2399079E+05
  0.2401997E+05  0.2404939E+05  0.2407827E+05  0.2410746E+05  0.2413688E+05  0.2416624E+05  0.2419556E+05  0.2422464E+05  0.2425350E+05  0.2428241E+05
  0.2431151E+05  0.2434073E+05  0.2436997E+05  0.2439904E+05  0.2442817E+05  0.2445708E+05  0.2448590E+05  0.2451455E+05  0.2454312E+05  0.2457145E+05
  0.2460011E+05  0.2462894E+05  0.2465761E+05  0.2468647E+05  0.2471532E+05  0.2474428E+05  0.2477311E+05  0.2480197E+05  0.2483088E+05  0.2485953E+05
  0.2488809E+05  0.2491684E+05  0.2494528E+05  0.2497364E+05  0.2500238E+05  0.2503113E+05  0.2505975E+05  0.2508857E+05  0.2511754E+05  0.2514632E+05
  0.2517432E+05  0.2520299E+05  0.2523187E+05  0.2526091E+05  0.2528972E+05  0.2531853E+05  0.2534736E+05  0.2537596E+05  0.2540397E+05  0.2543241E+05
  0.2546100E+05  0.2548970E+05  0.2551815E+05  0.2554665E+05  0.2557503E+05  0.2560347E+05  0.2563203E+05  0.2566069E+05  0.2568948E+05  0.2571828E+05
  0.2574674E+05  0.2577490E+05  0.2580357E+05  0.2583209E+05  0.2586098E+05  0.2588960E+05  0.2591827E+05  0.2594686E+05  0.2597562E+05  0.2600433E+05
  0.2603278E+05  0.2606138E+05  0.2609006E+05  0.2611861E+05  0.2614672E+05  0.2617494E+05  0.2620351E+05  0.2623199E+05  0.2626053E+05  0.2628893E+05
  0.2631716E+05  0.2634526E+05  0.2637363E+05  0.2640193E+05  0.2643020E+05  0.2645857E+05  0.2648685E+05  0.2651483E+05  0.2654268E+05  0.2657120E+05
  0.2659970E+05  0.2662818E+05  0.2665635E+05  0.2668466E+05  0.2671323E+05  0.2674168E+05  0.2677026E+05  0.2679874E+05  0.2682714E+05  0.2685549E+05
  0.2688376E+05  0.2691190E+05  0.2694032E+05  0.2696879E+05  0.2699722E+05  0.2702559E+05  0.2705386E+05  0.2708224E+05  0.2711063E+05  0.2713904E+05
  0.2716724E+05  0.2719523E+05  0.2722346E+05  0.2725176E+05  0.2728014E+05  0.2730869E+05  0.2733709E+05  0.2736544E+05  0.2739376E+05  0.2742206E+05
  0.2745053E+05  0.2747881E+05  0.2750701E+05  0.2753512E+05  0.2756326E+05  0.2759133E+05  0.2761970E+05  0.2764798E+05  0.2767591E+05  0.2770415E+05
  0.2773244E+05  0.2776069E+05  0.2778887E+05  0.2781700E+05  0.2784512E+05  0.2787323E+05  0.2790144E+05  0.2792956E+05  0.2795783E+05  0.2798606E+05
  0.2801431E+05  0.2804265E+05  0.2807087E+05  0.2809900E+05  0.2812703E+05  0.2815523E+05  0.2818332E+05  0.2821136E+05  0.2823953E+05  0.2826763E+05
  0.2829558E+05  0.2832369E+05  0.2835192E+05  0.2838012E+05  0.2840837E+05  0.2843655E+05  0.2846448E+05  0.2849226E+05  0.2852004E+05  0.2854779E+05
  0.2857544E+05  0.2860311E+05  0.2863066E+05  0.2865832E+05  0.2868611E+05  0.2871406E+05  0.2874210E+05  0.2876990E+05  0.2879764E+05  0.2882537E+05
  0.2885333E+05  0.2888123E+05  0.2890898E+05  0.2893644E+05  0.2896334E+05  0.2899105E+05  0.2901883E+05  0.2904641E+05  0.2907397E+05  0.2910153E+05
  0.2912891E+05  0.2915660E+05  0.2918419E+05  0.2921201E+05  0.2923992E+05  0.2926790E+05  0.2929581E+05  0.2932366E+05  0.2935152E+05  0.2937917E+05
  0.2940704E+05  0.2943498E+05  0.2946288E+05  0.2949041E+05  0.2951794E+05  0.2954539E+05  0.2957303E+05  0.2960070E+05  0.2962822E+05  0.2965559E+05
  0.2968297E+05  0.2971033E+05  0.2973754E+05  0.2976499E+05  0.2979251E+05  0.2982016E+05  0.2984781E+05  0.2987542E+05  0.2990288E+05  0.2993053E+05
  0.2995814E+05  0.2998588E+05  0.3001345E+05  0.3004102E+05  0.3006833E+05  0.3009569E+05  0.3012309E+05  0.3015061E+05  0.3017810E+05  0.3020587E+05
  0.3023347E+05  0.3026116E+05  0.3028879E+05  0.3031635E+05  0.3034407E+05  0.3037181E+05  0.3039898E+05  0.3042607E+05  0.3045326E+05  0.3048041E+05
  0.3050764E+05  0.3053484E+05  0.3056204E+05  0.3058919E+05  0.3061651E+05  0.3064407E+05  0.3067140E+05  0.3069886E+05  0.3072626E+05  0.3075351E+05
  0.3078074E+05  0.3080823E+05  0.3083563E+05  0.3086285E+05  0.3089013E+05  0.3091741E+05  0.3094465E+05  0.3097190E+05  0.3099941E+05  0.3102670E+05
  0.3105404E+05  0.3108155E+05  0.3110900E+05  0.3113663E+05  0.3116431E+05  0.3119204E+05  0.3121969E+05  0.3124704E+05  0.3127426E+05  0.3130140E+05
  0.3132817E+05  0.3135538E+05  0.3138285E+05  0.3141049E+05  0.3143788E+05  0.3146531E+05  0.3149263E+05  0.3152015E+05  0.3154787E+05  0.3157545E+05
  0.3160250E+05  0.3162995E+05  0.3165723E+05  0.3168476E+05  0.3171229E+05  0.3173982E+05  0.3176733E+05  0.3179479E+05  0.3182206E+05  0.3184950E+05
  0.3187698E+05  0.3190436E+05  0.3193177E+05  0.3195896E+05  0.3198582E+05  0.3201262E+05  0.3203968E+05  0.3206722E+05  0.3209471E+05  0.3212210E+05
  0.3214951E+05  0.3217659E+05  0.3220386E+05  0.3223078E+05  0.3225738E+05  0.3228376E+05  0.3231058E+05  0.3233776E+05  0.3236509E+05  0.3239240E+05
  0.3241954E+05  0.3244629E+05  0.3247336E+05  0.3250008E+05  0.3252669E+05  0.3255320E+05  0.3258022E+05  0.3260725E+05  0.3263383E+05  0.3266041E+05
  0.3268728E+05  0.3271449E+05  0.3274154E+05  0.3276875E+05  0.3279591E+05  0.3282310E+05  0.3284984E+05  0.3287683E+05  0.3290393E+05  0.3293123E+05
  0.3295860E+05  0.3298590E+05  0.3301299E+05  0.3304013E+05  0.3306715E+05  0.3309427E+05  0.3312148E+05  0.3314894E+05  0.3317615E+05  0.3320269E+05
  0.3322987E+05
  0.3095975E+01  0.1238390E+02  0.1547988E+02  0.1857585E+02  0.2167183E+02  0.2476780E+02  0.2786378E+02  0.2786378E+02  0.3095975E+02  0.3095975E+02
  0.3405573E+02  0.3715170E+02  0.4024768E+02  0.4334365E+02  0.4643963E+02  0.5263158E+02  0.5572755E+02  0.6191951E+02  0.6811146E+02  0.7430341E+02
  0.8359133E+02  0.8978328E+02  0.9907121E+02  0.1052632E+03  0.1145511E+03  0.1176471E+03  0.1114551E+03  0.1114551E+03  0.1176471E+03  0.1269350E+03
  0.1300310E+03  0.1269350E+03  0.1300310E+03  0.1362229E+03  0.1362229E+03  0.1300310E+03  0.1300310E+03  0.1300310E+03  0.1300310E+03  0.1269350E+03
  0.1300310E+03  0.1393189E+03  0.1455108E+03  0.1517028E+03  0.1455108E+03  0.1393189E+03  0.1331269E+03  0.1300310E+03  0.1362229E+03  0.1455108E+03
  0.1517028E+03  0.1547988E+03  0.1547988E+03  0.1640867E+03  0.1640867E+03  0.1733746E+03  0.1764706E+03  0.1702786E+03  0.1795666E+03  0.1486068E+03
  0.1455108E+03  0.1393189E+03  0.1455108E+03  0.1517028E+03  0.1547988E+03  0.1609907E+03  0.1609907E+03  0.1547988E+03  0.1547988E+03  0.1517028E+03
  0.1517028E+03  0.1578947E+03  0.1671827E+03  0.1702786E+03  0.1702786E+03  0.1733746E+03  0.1640867E+03  0.1764706E+03  0.1733746E+03  0.1702786E+03
  0.1795666E+03  0.1795666E+03  0.1702786E+03  0.1609907E+03  0.1609907E+03  0.1671827E+03  0.1702786E+03  0.1795666E+03  0.1764706E+03  0.1795666E+03
  0.1733746E+03  0.1826625E+03  0.1640867E+03  0.1578947E+03  0.1671827E+03  0.1640867E+03  0.1671827E+03  0.1733746E+03  0.1733746E+03  0.1733746E+03
  0.1702786E+03  0.1733746E+03  0.1733746E+03  0.1764706E+03  0.1795666E+03  0.1795666E+03  0.1795666E+03  0.1857585E+03  0.1826625E+03  0.1826625E+03
  0.1826625E+03  0.1857585E+03  0.1826625E+03  0.1795666E+03  0.1857585E+03  0.1795666E+03  0.1764706E+03  0.1733746E+03  0.1764706E+03  0.1826625E+03
  0.1795666E+03  0.1764706E+03  0.1702786E+03  0.1640867E+03  0.1733746E+03  0.1795666E+03  0.1857585E+03  0.1764706E+03  0.1733746E+03  0.1702786E+03
  0.1702786E+03  0.1733746E+03  0.1733746E+03  0.1764706E+03  0.1764706E+03  0.1764706E+03  0.1795666E+03  0.1764706E+03  0.1764706E+03  0.1702786E+03
  0.1733746E+03  0.1764706E+03  0.1795666E+03  0.1795666E+03  0.1795666E+03  0.1795666E+03  0.1764706E+03  0.1764706E+03  0.1795666E+03  0.1795666E+03
  0.1795666E+03  0.1826625E+03  0.1857585E+03  0.1826625E+03  0.1795666E+03  0.1826625E+03  0.1826625E+03  0.1733746E+03  0.1733746E+03  0.1733746E+03
  0.1764706E+03  0.1795666E+03  0.1795666E+03  0.1764706E+03  0.1733746E+03  0.1826625E+03  0.1826625E+03  0.1795666E+03  0.1795666E+03  0.1795666E+03
  0.1826625E+03  0.1857585E+03  0.1857585E+03  0.1857585E+03  0.1857585E+03  0.1857585E+03  0.1888545E+03  0.1888545E+03  0.1888545E+03  0.1888545E+03
  0.1888545E+03  0.1919505E+03  0.1857585E+03  0.1857585E+03  0.1888545E+03  0.1857585E+03  0.1826625E+03  0.1919505E+03  0.1950464E+03  0.1888545E+03
  0.1919505E+03  0.1919505E+03  0.1919505E+03  0.1919505E+03  0.1950464E+03  0.1950464E+03  0.1919505E+03  0.2012384E+03  0.1981424E+03  0.1981424E+03
  0.1919505E+03  0.1919505E+03  0.1950464E+03  0.1950464E+03  0.1981424E+03  0.1981424E+03  0.1950464E+03  0.1950464E+03  0.1981424E+03  0.2012384E+03
  0.2012384E+03  0.1981424E+03  0.2012384E+03  0.2012384E+03  0.1950464E+03  0.1919505E+03  0.1888545E+03  0.1981424E+03  0.2012384E+03  0.1981424E+03
  0.1981424E+03  0.1950464E+03  0.1950464E+03  0.1950464E+03  0.1950464E+03  0.1950464E+03  0.2012384E+03  0.2012384E+03  0.2012384E+03  0.2043344E+03
  0.2043344E+03  0.1888545E+03  0.1950464E+03  0.1950464E+03  0.1950464E+03  0.1981424E+03  0.1950464E+03  0.1919505E+03  0.1919505E+03  0.1950464E+03
  0.1950464E+03  0.1919505E+03  0.1950464E+03  0.1950464E+03  0.1950464E+03  0.1950464E+03  0.1919505E+03  0.1857585E+03  0.1857585E+03  0.1981424E+03
  0.1950464E+03  0.1981424E+03  0.1950464E+03  0.1950464E+03  0.1950464E+03  0.1950464E+03  0.1919505E+03  0.1981424E+03  0.2012384E+03  0.2012384E+03
  0.2012384E+03  0.2012384E+03  0.2012384E+03  0.2043344E+03  0.2012384E+03  0.1981424E+03  0.2012384E+03  0.2043344E+03  0.2043344E+03  0.2012384E+03
  0.1950464E+03  0.1981424E+03  0.2012384E+03  0.2043344E+03  0.1981424E+03  0.1981424E+03  0.2012384E+03  0.2012384E+03  0.1981424E+03  0.2012384E+03
  0.2012384E+03  0.1950464E+03  0.1950464E+03  0.1981424E+03  0.1950464E+03  0.1950464E+03  0.1950464E+03  0.1950464E+03  0.1950464E+03  0.2012384E+03
  0.1981424E+03  0.1981424E+03  0.1981424E+03  0.2012384E+03  0.2043344E+03  0.1981424E+03  0.1981424E+03  0.1981424E+03  0.2012384E+03  0.1981424E+03
  0.1919505E+03  0.1981424E+03  0.2012384E+03  0.1950464E+03  0.1950464E+03  0.1919505E+03  0.1981424E+03  0.1950464E+03  0.2012384E+03  0.1981424E+03
  0.1950464E+03  0.1919505E+03  0.1919505E+03  0.1919505E+03  0.1950464E+03  0.1981424E+03  0.1981424E+03  0.1950464E+03  0.1857585E+03  0.1888545E+03
  0.1888545E+03  0.1919505E+03  0.1950464E+03  0.1981424E+03  0.1981424E+03  0.1919505E+03  0.1981424E+03  0.1919505E+03  0.1981424E+03  0.1950464E+03
  0.1950464E+03  0.1919505E+03  0.1919505E+03  0.1981424E+03  0.2012384E+03  0.2043344E+03  0.2012384E+03  0.1888545E+03  0.1857585E+03  0.1733746E+03
  0.1950464E+03  0.1950464E+03  0.1888545E+03  0.1888545E+03  0.2043344E+03  0.2012384E+03  0.1950464E+03  0.1950464E+03  0.1981424E+03  0.2012384E+03
  0.2012384E+03  0.2043344E+03  0.1981424E+03  0.1981424E+03  0.1981424E+03  0.1981424E+03  0.1919505E+03  0.1950464E+03  0.1950464E+03  0.2012384E+03
  0.1919505E+03  0.1919505E+03  0.1950464E+03  0.2012384E+03  0.2012384E+03  0.2043344E+03  0.2043344E+03  0.1919505E+03  0.1950464E+03  0.2012384E+03
  0.2012384E+03  0.2012384E+03  0.1950464E+03  0.1919505E+03  0.1950464E+03  0.2074303E+03  0.1857585E+03  0.2012384E+03  0.2012384E+03  0.1888545E+03
  0.1888545E+03  0.1950464E+03  0.1795666E+03  0.1888545E+03  0.1888545E+03  0.1888545E+03  0.1919505E+03  0.1919505E+03  0.1888545E+03  0.1826625E+03
  0.1826625E+03  0.1857585E+03  0.1857585E+03  0.1919505E+03  0.1950464E+03  0.1950464E+03  0.1950464E+03  0.1857585E+03  0.1795666E+03  0.1981424E+03
  0.1919505E+03  0.1857585E+03  0.1857585E+03  0.1857585E+03  0.1857585E+03  0.1919505E+03  0.2105263E+03  0.1702786E+03  0.1702786E+03  0.1919505E+03
  0.1919505E+03  0.1981424E+03  0.2012384E+03  0.1857585E+03  0.1857585E+03  0.1888545E+03  0.1950464E+03  0.1950464E+03  0.2012384E+03  0.2043344E+03
  0.1950464E+03  0.1826625E+03  0.1981424E+03  0.2012384E+03  0.2012384E+03  0.2043344E+03  0.1733746E+03  0.1795666E+03  0.1826625E+03  0.1857585E+03
  0.1826625E+03  0.1826625E+03  0.2074303E+03  0.2105263E+03  0.1950464E+03  0.1919505E+03  0.2012384E+03  0.2043344E+03  0.2012384E+03  0.2012384E+03
  0.2012384E+03  0.2012384E+03  0.2043344E+03  0.1857585E+03  0.1857585E+03  0.1826625E+03  0.1950464E+03  0.1981424E+03  0.1919505E+03  0.2043344E+03
  0.2074303E+03  0.2136223E+03  0.2012384E+03  0.1981424E+03  0.1950464E+03  0.1981424E+03  0.2043344E+03  0.2074303E+03  0.1981424E+03  0.2012384E+03
  0.2012384E+03  0.2074303E+03  0.2043344E+03  0.2043344E+03  0.1950464E+03  0.1981424E+03  0.2012384E+03  0.2043344E+03  0.2074303E+03  0.1857585E+03
  0.1857585E+03  0.2012384E+03  0.2043344E+03  0.2043344E+03  0.2074303E+03  0.1981424E+03  0.1857585E+03  0.1888545E+03  0.1919505E+03  0.1857585E+03
  0.1857585E+03  0.1919505E+03  0.1702786E+03  0.1919505E+03  0.2043344E+03  0.2012384E+03  0.1857585E+03  0.1857585E+03  0.2012384E+03  0.2012384E+03
  0.2012384E+03  0.2074303E+03  0.2105263E+03  0.1795666E+03  0.1795666E+03  0.1888545E+03  0.2012384E+03  0.2012384E+03  0.2074303E+03  0.1919505E+03
  0.1857585E+03  0.1795666E+03  0.1888545E+03  0.1888545E+03  0.1919505E+03  0.2012384E+03  0.2012384E+03  0.1888545E+03  0.1919505E+03  0.1857585E+03
  0.1764706E+03  0.1826625E+03  0.1919505E+03  0.1888545E+03  0.1888545E+03  0.1950464E+03  0.1950464E+03  0.1857585E+03  0.1857585E+03  0.1857585E+03
  0.1857585E+03  0.1795666E+03  0.1795666E+03  0.1857585E+03  0.1795666E+03  0.1764706E+03  0.1795666E+03  0.1857585E+03  0.1919505E+03  0.1981424E+03
  0.1857585E+03  0.1857585E+03  0.1888545E+03  0.1981424E+03  0.1981424E+03  0.1795666E+03  0.1764706E+03  0.1826625E+03  0.1919505E+03  0.1950464E+03
  0.1919505E+03  0.1950464E+03  0.1950464E+03  0.1888545E+03  0.1671827E+03  0.1826625E+03  0.1919505E+03  0.1888545E+03  0.2105263E+03  0.1733746E+03
  0.1702786E+03  0.1764706E+03  0.1857585E+03  0.1857585E+03  0.1857585E+03  0.1795666E+03  0.1950464E+03  0.1919505E+03  0.1919505E+03  0.1888545E+03
  0.1981424E+03  0.1950464E+03  0.1919505E+03  0.1919505E+03  0.1888545E+03  0.1950464E+03  0.1888545E+03  0.1857585E+03  0.1888545E+03  0.1919505E+03
  0.1981424E+03  0.2043344E+03  0.1857585E+03  0.1888545E+03  0.1919505E+03  0.2074303E+03  0.2105263E+03  0.2012384E+03  0.1919505E+03  0.1919505E+03
  0.2012384E+03  0.2012384E+03  0.2012384E+03  0.2074303E+03  0.1919505E+03  0.1857585E+03  0.1795666E+03  0.2012384E+03  0.2105263E+03  0.2074303E+03
  0.2043344E+03  0.1950464E+03  0.1888545E+03  0.1857585E+03  0.2043344E+03  0.2074303E+03  0.1857585E+03  0.1919505E+03  0.2074303E+03  0.1981424E+03
  0.1888545E+03  0.1981424E+03  0.2012384E+03  0.1826625E+03  0.1764706E+03  0.1702786E+03  0.1950464E+03  0.1981424E+03  0.1950464E+03  0.1950464E+03
  0.1795666E+03  0.1826625E+03  0.1826625E+03  0.1981424E+03  0.1981424E+03  0.1919505E+03  0.1857585E+03  0.1888545E+03  0.1795666E+03  0.1888545E+03
  0.1857585E+03  0.2105263E+03  0.2136223E+03  0.1888545E+03  0.1888545E+03  0.1857585E+03  0.1857585E+03  0.1795666E+03  0.1888545E+03  0.1888545E+03
  0.1888545E+03  0.1919505E+03  0.1888545E+03  0.1826625E+03  0.1764706E+03  0.1640867E+03  0.1671827E+03  0.1826625E+03  0.1919505E+03  0.2012384E+03
  0.1826625E+03  0.1826625E+03  0.1826625E+03  0.1826625E+03  0.1857585E+03  0.1950464E+03  0.1857585E+03  0.1764706E+03  0.1764706E+03  0.1826625E+03
  0.1919505E+03  0.1919505E+03  0.1857585E+03  0.1919505E+03  0.1826625E+03  0.1826625E+03  0.1857585E+03  0.1857585E+03  0.1826625E+03  0.1826625E+03
  0.1857585E+03  0.1919505E+03  0.1888545E+03  0.1888545E+03  0.1857585E+03  0.1888545E+03  0.1888545E+03  0.1919505E+03  0.1919505E+03  0.1950464E+03
  0.1981424E+03  0.2043344E+03  0.1919505E+03  0.1919505E+03  0.1888545E+03  0.1888545E+03  0.1981424E+03  0.2012384E+03  0.1981424E+03  0.1919505E+03
  0.1919505E+03  0.1919505E+03  0.1950464E+03  0.2012384E+03  0.1950464E+03  0.1950464E+03  0.1919505E+03  0.1919505E+03  0.1888545E+03  0.1950464E+03
  0.1919505E+03  0.1919505E+03  0.1919505E+03  0.1950464E+03  0.2012384E+03  0.2043344E+03  0.2012384E+03  0.1981424E+03  0.1981424E+03  0.1826625E+03
  0.2074303E+03  0.2043344E+03  0.1857585E+03  0.1857585E+03  0.1888545E+03  0.1888545E+03  0.2074303E+03  0.2074303E+03  0.1919505E+03  0.1950464E+03
  0.2012384E+03  0.2105263E+03  0.2105263E+03  0.1857585E+03  0.1857585E+03  0.1888545E+03  0.1981424E+03  0.2012384E+03  0.1888545E+03  0.1826625E+03
  0.1857585E+03  0.1981424E+03  0.2074303E+03  0.2105263E+03  0.1795666E+03  0.1826625E+03  0.1888545E+03  0.1888545E+03  0.1888545E+03  0.2043344E+03
  0.2074303E+03  0.1919505E+03  0.1795666E+03  0.1857585E+03  0.1857585E+03  0.1857585E+03  0.1795666E+03  0.1826625E+03  0.1888545E+03  0.1981424E+03
  0.2012384E+03  0.1919505E+03  0.1857585E+03  0.1888545E+03  0.1919505E+03  0.1950464E+03  0.1857585E+03  0.1888545E+03  0.1981424E+03  0.2043344E+03
  0.1950464E+03  0.1981424E+03  0.1981424E+03  0.1919505E+03  0.1919505E+03  0.1888545E+03  0.1888545E+03  0.1919505E+03  0.2043344E+03  0.2012384E+03
  0.1857585E+03  0.1764706E+03  0.1857585E+03  0.1919505E+03  0.1919505E+03  0.1888545E+03  0.1857585E+03  0.1888545E+03  0.1950464E+03  0.1950464E+03
  0.1888545E+03  0.1888545E+03  0.1950464E+03  0.1950464E+03  0.1950464E+03  0.1888545E+03  0.1888545E+03  0.1919505E+03  0.1981424E+03  0.1981424E+03
  0.1919505E+03  0.1919505E+03  0.1857585E+03  0.1888545E+03  0.1919505E+03  0.1950464E+03  0.1950464E+03  0.1950464E+03  0.1857585E+03  0.1888545E+03
  0.1919505E+03  0.1919505E+03  0.1888545E+03  0.1888545E+03  0.1888545E+03  0.1888545E+03  0.1888545E+03  0.1950464E+03  0.1981424E+03  0.1950464E+03
  0.1857585E+03  0.1888545E+03  0.1888545E+03  0.1919505E+03  0.1950464E+03  0.1919505E+03  0.1857585E+03  0.1857585E+03  0.1888545E+03  0.1857585E+03
  0.1857585E+03  0.1857585E+03  0.1888545E+03  0.1857585E+03  0.1888545E+03  0.1919505E+03  0.1857585E+03  0.1826625E+03  0.1857585E+03  0.1857585E+03
  0.1888545E+03  0.1888545E+03  0.1888545E+03  0.1950464E+03  0.1950464E+03  0.1981424E+03  0.1981424E+03  0.1857585E+03  0.1919505E+03  0.1919505E+03
  0.2012384E+03  0.2012384E+03  0.1950464E+03  0.1888545E+03  0.1981424E+03  0.1981424E+03  0.2074303E+03  0.2074303E+03  0.2043344E+03  0.1919505E+03
  0.1981424E+03  0.1981424E+03  0.1981424E+03  0.1950464E+03  0.1857585E+03  0.1857585E+03  0.1857585E+03  0.1919505E+03  0.1950464E+03  0.1981424E+03
  0.1888545E+03  0.1826625E+03  0.1857585E+03  0.1919505E+03  0.1981424E+03  0.2043344E+03  0.1857585E+03  0.1795666E+03  0.1950464E+03  0.1981424E+03
  0.1919505E+03  0.1857585E+03  0.1857585E+03  0.1857585E+03  0.1857585E+03  0.1857585E+03  0.1950464E+03  0.2012384E+03  0.2012384E+03  0.1857585E+03
  0.1888545E+03  0.1950464E+03  0.1950464E+03  0.1950464E+03  0.1919505E+03  0.1919505E+03  0.2012384E+03  0.2074303E+03  0.2012384E+03  0.1888545E+03
  0.1919505E+03  0.1981424E+03  0.2136223E+03  0.2136223E+03  0.1981424E+03  0.1919505E+03  0.1888545E+03  0.2043344E+03  0.2136223E+03  0.2012384E+03
  0.1888545E+03  0.1919505E+03  0.2074303E+03  0.2136223E+03  0.2012384E+03  0.1857585E+03  0.1857585E+03  0.2012384E+03  0.2012384E+03  0.1857585E+03
  0.1857585E+03  0.1826625E+03  0.1826625E+03  0.1888545E+03  0.1919505E+03  0.1888545E+03  0.1919505E+03  0.1950464E+03  0.2012384E+03  0.2012384E+03
  0.1981424E+03  0.1888545E+03  0.1888545E+03  0.1888545E+03  0.2012384E+03  0.2074303E+03  0.1950464E+03  0.1888545E+03  0.2043344E+03  0.2105263E+03
  0.2105263E+03  0.1857585E+03  0.1826625E+03  0.1888545E+03  0.2074303E+03  0.2105263E+03  0.1795666E+03  0.1733746E+03  0.1919505E+03  0.2105263E+03
  0.2136223E+03  0.2136223E+03  0.1795666E+03  0.1826625E+03  0.1981424E+03  0.2074303E+03  0.2136223E+03  0.2136223E+03  0.1857585E+03  0.1888545E+03
  0.1981424E+03  0.1950464E+03  0.1826625E+03  0.1826625E+03  0.1950464E+03  0.2043344E+03  0.2074303E+03  0.1888545E+03  0.1888545E+03  0.1919505E+03
  0.1981424E+03  0.2074303E+03  0.2105263E+03  0.1950464E+03  0.1857585E+03  0.1764706E+03  0.1826625E+03  0.2012384E+03  0.2012384E+03  0.1919505E+03
  0.1888545E+03  0.1981424E+03  0.2012384E+03  0.2012384E+03  0.2012384E+03  0.1981424E+03  0.2012384E+03  0.1981424E+03  0.1919505E+03  0.2012384E+03
  0.2043344E+03  0.2074303E+03  0.1981424E+03  0.1950464E+03  0.1981424E+03  0.2074303E+03  0.2074303E+03  0.1950464E+03  0.1950464E+03  0.1981424E+03
  0.2074303E+03  0.2105263E+03  0.2012384E+03  0.1981424E+03  0.2012384E+03  0.2074303E+03  0.2105263E+03  0.2105263E+03  0.1981424E+03  0.1950464E+03
  0.1981424E+03  0.2012384E+03  0.2012384E+03  0.2012384E+03  0.2012384E+03  0.2043344E+03  0.2074303E+03  0.2105263E+03  0.2012384E+03  0.1919505E+03
  0.1888545E+03
  0.4027583E-13 -0.1400797E-03 -0.1677192E-03 -0.1788308E-03 -0.1845910E-03 -0.1881768E-03 -0.1909972E-03 -0.1950017E-03 -0.2141851E-03 -0.3121718E-03
 -0.4216858E-03 -0.5060936E-03 -0.5810915E-03 -0.6620745E-03 -0.7537347E-03 -0.8670649E-03 -0.9798147E-03 -0.1123170E-02 -0.1265393E-02 -0.1435481E-02
 -0.1582135E-02 -0.1700889E-02 -0.1750690E-02 -0.1812578E-02 -0.1813991E-02 -0.1861821E-02 -0.1954121E-02 -0.1973830E-02 -0.1963486E-02 -0.1973546E-02
 -0.2020606E-02 -0.2057081E-02 -0.2135458E-02 -0.2196311E-02 -0.2228299E-02 -0.2272231E-02 -0.2296925E-02 -0.2345472E-02 -0.2367120E-02 -0.2427782E-02
 -0.2488402E-02 -0.2523976E-02 -0.2542234E-02 -0.2577644E-02 -0.2629530E-02 -0.2689750E-02 -0.2710591E-02 -0.2852401E-02 -0.2887903E-02 -0.2934554E-02
 -0.2974412E-02 -0.3078636E-02 -0.3138188E-02 -0.3096844E-02 -0.3145548E-02 -0.3193015E-02 -0.3367278E-02 -0.3363224E-02 -0.3361430E-02 -0.3456309E-02
 -0.3480470E-02 -0.3408753E-02 -0.3352569E-02 -0.3337989E-02 -0.3408835E-02 -0.3484271E-02 -0.3619480E-02 -0.3705362E-02 -0.3791840E-02 -0.3831250E-02
 -0.3890338E-02 -0.3861025E-02 -0.3896522E-02 -0.3999353E-02 -0.4069227E-02 -0.4076451E-02 -0.4011783E-02 -0.4017571E-02 -0.4006061E-02 -0.4088917E-02
 -0.4072233E-02 -0.4047144E-02 -0.3986204E-02 -0.3954518E-02 -0.3994481E-02 -0.3990354E-02 -0.4003428E-02 -0.4000264E-02 -0.3966550E-02 -0.3963448E-02
 -0.3987407E-02 -0.4159470E-02 -0.4247558E-02 -0.4331089E-02 -0.4424404E-02 -0.4509409E-02 -0.4524422E-02 -0.4601088E-02 -0.4635263E-02 -0.4595675E-02
 -0.4583597E-02 -0.4592577E-02 -0.4596209E-02 -0.4623953E-02 -0.4670406E-02 -0.4641475E-02 -0.4663452E-02 -0.4733098E-02 -0.4669833E-02 -0.4547621E-02
 -0.4626424E-02 -0.4766552E-02 -0.4860303E-02 -0.4937276E-02 -0.4946127E-02 -0.4895385E-02 -0.4785406E-02 -0.4748524E-02 -0.4769329E-02 -0.4768792E-02
 -0.4786725E-02 -0.4759574E-02 -0.4806721E-02 -0.4852153E-02 -0.4812612E-02 -0.4730978E-02 -0.4785360E-02 -0.4815028E-02 -0.4803397E-02 -0.4902357E-02
 -0.4968364E-02 -0.4964237E-02 -0.4986053E-02 -0.4962824E-02 -0.4966776E-02 -0.5002514E-02 -0.4926413E-02 -0.4913992E-02 -0.4924795E-02 -0.4969419E-02
 -0.4972740E-02 -0.4997464E-02 -0.4987363E-02 -0.4978412E-02 -0.5041176E-02 -0.5105463E-02 -0.5115771E-02 -0.5131770E-02 -0.5170181E-02 -0.5106602E-02
 -0.4985242E-02 -0.5026566E-02 -0.5118937E-02 -0.5185973E-02 -0.5222597E-02 -0.5201035E-02 -0.5187266E-02 -0.5179259E-02 -0.5178776E-02 -0.5260839E-02
 -0.5390304E-02 -0.5492524E-02 -0.5449665E-02 -0.5465713E-02 -0.5362178E-02 -0.5392957E-02 -0.5440391E-02 -0.5428744E-02 -0.5508809E-02 -0.5489648E-02
 -0.5430142E-02 -0.5476145E-02 -0.5496195E-02 -0.5520718E-02 -0.5534203E-02 -0.5514602E-02 -0.5552202E-02 -0.5665184E-02 -0.5794665E-02 -0.5781624E-02
 -0.5703040E-02 -0.5681838E-02 -0.5752839E-02 -0.5798872E-02 -0.5782821E-02 -0.5879739E-02 -0.5956163E-02 -0.5961433E-02 -0.5742304E-02 -0.5680224E-02
 -0.5643133E-02 -0.5740488E-02 -0.5764130E-02 -0.5659614E-02 -0.5699993E-02 -0.5755712E-02 -0.5834647E-02 -0.5904214E-02 -0.5992735E-02 -0.6087301E-02
 -0.6103973E-02 -0.6135030E-02 -0.6028018E-02 -0.5982955E-02 -0.6009487E-02 -0.6000172E-02 -0.6012874E-02 -0.5942129E-02 -0.5940274E-02 -0.5956001E-02
 -0.5972359E-02 -0.6155688E-02 -0.6149326E-02 -0.6176801E-02 -0.6233930E-02 -0.6285148E-02 -0.6268186E-02 -0.6341360E-02 -0.6432386E-02 -0.6478966E-02
 -0.6445969E-02 -0.6352732E-02 -0.6389344E-02 -0.6395094E-02 -0.6532181E-02 -0.6657249E-02 -0.6608273E-02 -0.6464016E-02 -0.6448893E-02 -0.6385445E-02
 -0.6554781E-02 -0.6627823E-02 -0.6599474E-02 -0.6728223E-02 -0.6825669E-02 -0.6867275E-02 -0.7049856E-02 -0.6958336E-02 -0.6894803E-02 -0.7005480E-02
 -0.6961955E-02 -0.6794982E-02 -0.6758012E-02 -0.6807730E-02 -0.6773177E-02 -0.6771604E-02 -0.6779563E-02 -0.6735853E-02 -0.6718546E-02 -0.6734941E-02
 -0.6709143E-02 -0.6585903E-02 -0.6622499E-02 -0.6570873E-02 -0.6619876E-02 -0.6633173E-02 -0.6714307E-02 -0.6727099E-02 -0.6760888E-02 -0.6755797E-02
 -0.7040220E-02 -0.7144261E-02 -0.7093977E-02 -0.7012806E-02 -0.6958345E-02 -0.6959964E-02 -0.6983829E-02 -0.7007007E-02 -0.6987579E-02 -0.7013785E-02
 -0.7067360E-02 -0.7113133E-02 -0.7246914E-02 -0.7405358E-02 -0.7477425E-02 -0.7369002E-02 -0.7322289E-02 -0.7199704E-02 -0.7142061E-02 -0.7054521E-02
 -0.7003820E-02 -0.7050778E-02 -0.7132332E-02 -0.7386030E-02 -0.7426217E-02 -0.7519417E-02 -0.7436033E-02 -0.7447954E-02 -0.7414940E-02 -0.7460973E-02
 -0.7669865E-02 -0.7717972E-02 -0.7645709E-02 -0.7636233E-02 -0.7627195E-02 -0.7638790E-02 -0.7628023E-02 -0.7639743E-02 -0.7825849E-02 -0.8015633E-02
 -0.8113042E-02 -0.8003992E-02 -0.8033399E-02 -0.8052281E-02 -0.8085903E-02 -0.8105448E-02 -0.7896708E-02 -0.7787524E-02 -0.7828165E-02 -0.8023189E-02
 -0.8090448E-02 -0.7945164E-02 -0.7948683E-02 -0.7898105E-02 -0.7863095E-02 -0.7968269E-02 -0.8132922E-02 -0.8349551E-02 -0.8292522E-02 -0.8331295E-02
 -0.8368356E-02 -0.8353760E-02 -0.8386179E-02 -0.8352522E-02 -0.8372386E-02 -0.8600789E-02 -0.8593017E-02 -0.8640219E-02 -0.8587987E-02 -0.8620524E-02
 -0.8730659E-02 -0.8795997E-02 -0.8818271E-02 -0.8805660E-02 -0.8840799E-02 -0.8697612E-02 -0.8680333E-02 -0.8731470E-02 -0.8745048E-02 -0.8714490E-02
 -0.8784096E-02 -0.8858652E-02 -0.8823680E-02 -0.8668082E-02 -0.8607023E-02 -0.8690409E-02 -0.8895284E-02 -0.9019245E-02 -0.9015816E-02 -0.8997807E-02
 -0.9071351E-02 -0.9028895E-02 -0.8969889E-02 -0.9000713E-02 -0.8966363E-02 -0.8954731E-02 -0.8821889E-02 -0.8798489E-02 -0.8739853E-02 -0.8687905E-02
 -0.8670060E-02 -0.8774109E-02 -0.8860930E-02 -0.8850776E-02 -0.8683360E-02 -0.8616822E-02 -0.8596324E-02 -0.8726320E-02 -0.8920701E-02 -0.9045709E-02
 -0.9112682E-02 -0.9005414E-02 -0.8848646E-02 -0.8844327E-02 -0.8857614E-02 -0.8843607E-02 -0.8788828E-02 -0.8840527E-02 -0.8915402E-02 -0.8773065E-02
 -0.8644046E-02 -0.8784392E-02 -0.9036115E-02 -0.9162962E-02 -0.9290033E-02 -0.9352951E-02 -0.9437916E-02 -0.9515367E-02 -0.9734142E-02 -0.9674036E-02
 -0.9589496E-02 -0.9608952E-02 -0.9665353E-02 -0.9572432E-02 -0.9428552E-02 -0.9407288E-02 -0.9446767E-02 -0.9522071E-02 -0.9434245E-02 -0.9337141E-02
 -0.9274775E-02 -0.9483570E-02 -0.9684753E-02 -0.9716780E-02 -0.9676529E-02 -0.9908512E-02 -0.9774143E-02 -0.9742283E-02 -0.9888178E-02 -0.9845987E-02
 -0.9838808E-02 -0.9612295E-02 -0.9536242E-02 -0.9558673E-02 -0.9497568E-02 -0.9584767E-02 -0.9653437E-02 -0.9547122E-02 -0.9552544E-02 -0.9499703E-02
 -0.9769083E-02 -0.9960761E-02 -0.9757393E-02 -0.9829025E-02 -0.9779129E-02 -0.9781213E-02 -0.9904319E-02 -0.9996837E-02 -0.1008942E-01 -0.1020937E-01
 -0.1016259E-01 -0.1009035E-01 -0.1008611E-01 -0.1039092E-01 -0.1041274E-01 -0.1045075E-01 -0.1036958E-01 -0.1044647E-01 -0.1035898E-01 -0.1035461E-01
 -0.1031989E-01 -0.1032771E-01 -0.1026963E-01 -0.1037641E-01 -0.1049888E-01 -0.1044268E-01 -0.1056688E-01 -0.1040335E-01 -0.1032919E-01 -0.1041175E-01
 -0.1040403E-01 -0.1049929E-01 -0.1051516E-01 -0.1050267E-01 -0.1059649E-01 -0.1057647E-01 -0.1052664E-01 -0.1027377E-01 -0.1006679E-01 -0.1010301E-01
 -0.1034386E-01 -0.1064033E-01 -0.1112324E-01 -0.1117980E-01 -0.1127255E-01 -0.1125914E-01 -0.1141535E-01 -0.1135444E-01 -0.1094833E-01 -0.1081866E-01
 -0.1073627E-01 -0.1046650E-01 -0.1035259E-01 -0.1033140E-01 -0.1018236E-01 -0.1021456E-01 -0.1038648E-01 -0.1046104E-01 -0.1061641E-01 -0.1079332E-01
 -0.1077807E-01 -0.1075620E-01 -0.1088138E-01 -0.1103519E-01 -0.1100727E-01 -0.1105439E-01 -0.1113165E-01 -0.1092067E-01 -0.1059727E-01 -0.1052703E-01
 -0.1062017E-01 -0.1065748E-01 -0.1058342E-01 -0.1046542E-01 -0.1055723E-01 -0.1062413E-01 -0.1063176E-01 -0.1080911E-01 -0.1066231E-01 -0.1049754E-01
 -0.1057933E-01 -0.1047600E-01 -0.1041422E-01 -0.1045467E-01 -0.1061335E-01 -0.1037883E-01 -0.1031405E-01 -0.1038359E-01 -0.1047848E-01 -0.1044718E-01
 -0.1035795E-01 -0.1046121E-01 -0.1049761E-01 -0.1053341E-01 -0.1049387E-01 -0.1059100E-01 -0.1085497E-01 -0.1096014E-01 -0.1112091E-01 -0.1109122E-01
 -0.1101544E-01 -0.1102811E-01 -0.1111867E-01 -0.1098275E-01 -0.1113576E-01 -0.1135206E-01 -0.1133673E-01 -0.1106748E-01 -0.1104385E-01 -0.1101648E-01
 -0.1102734E-01 -0.1091122E-01 -0.1095471E-01 -0.1096582E-01 -0.1114657E-01 -0.1110878E-01 -0.1116375E-01 -0.1099574E-01 -0.1098634E-01 -0.1080696E-01
 -0.1088446E-01 -0.1093964E-01 -0.1111124E-01 -0.1120959E-01 -0.1134690E-01 -0.1143386E-01 -0.1136715E-01 -0.1123236E-01 -0.1130664E-01 -0.1151009E-01
 -0.1156465E-01 -0.1149089E-01 -0.1137065E-01 -0.1116704E-01 -0.1108286E-01 -0.1108002E-01 -0.1123153E-01 -0.1146074E-01 -0.1141447E-01 -0.1154637E-01
 -0.1157023E-01 -0.1135992E-01 -0.1132680E-01 -0.1136953E-01 -0.1148164E-01 -0.1151026E-01 -0.1136675E-01 -0.1151151E-01 -0.1177046E-01 -0.1166328E-01
 -0.1157514E-01 -0.1142386E-01 -0.1124265E-01 -0.1127435E-01 -0.1127462E-01 -0.1133939E-01 -0.1128957E-01 -0.1116349E-01 -0.1119129E-01 -0.1110285E-01
 -0.1103663E-01 -0.1109595E-01 -0.1124328E-01 -0.1139225E-01 -0.1171219E-01 -0.1201893E-01 -0.1186067E-01 -0.1169467E-01 -0.1143626E-01 -0.1130713E-01
 -0.1113931E-01 -0.1130461E-01 -0.1151546E-01 -0.1141469E-01 -0.1126122E-01 -0.1132474E-01 -0.1145834E-01 -0.1141046E-01 -0.1129947E-01 -0.1140214E-01
 -0.1147764E-01 -0.1168610E-01 -0.1175538E-01 -0.1195272E-01 -0.1199163E-01 -0.1205145E-01 -0.1199065E-01 -0.1193355E-01 -0.1224160E-01 -0.1219460E-01
 -0.1209205E-01 -0.1202314E-01 -0.1206804E-01 -0.1202475E-01 -0.1203770E-01 -0.1191907E-01 -0.1185773E-01 -0.1198829E-01 -0.1194548E-01 -0.1179651E-01
 -0.1167844E-01 -0.1170555E-01 -0.1194000E-01 -0.1216202E-01 -0.1208627E-01 -0.1178188E-01 -0.1158192E-01 -0.1142173E-01 -0.1141404E-01 -0.1153180E-01
 -0.1180316E-01 -0.1202790E-01 -0.1233692E-01 -0.1263558E-01 -0.1260099E-01 -0.1228680E-01 -0.1230437E-01 -0.1226858E-01 -0.1214300E-01 -0.1204549E-01
 -0.1197207E-01 -0.1175488E-01 -0.1170475E-01 -0.1179417E-01 -0.1179176E-01 -0.1217542E-01 -0.1232891E-01 -0.1238871E-01 -0.1269986E-01 -0.1302293E-01
 -0.1300429E-01 -0.1289596E-01 -0.1285377E-01 -0.1260987E-01 -0.1242341E-01 -0.1237279E-01 -0.1242759E-01 -0.1246711E-01 -0.1222560E-01 -0.1193385E-01
 -0.1188985E-01 -0.1194542E-01 -0.1189001E-01 -0.1183461E-01 -0.1194467E-01 -0.1200041E-01 -0.1189412E-01 -0.1174521E-01 -0.1165531E-01 -0.1165160E-01
 -0.1184637E-01 -0.1198708E-01 -0.1206468E-01 -0.1186222E-01 -0.1188725E-01 -0.1187252E-01 -0.1192466E-01 -0.1197979E-01 -0.1209117E-01 -0.1206136E-01
 -0.1199508E-01 -0.1189997E-01 -0.1176558E-01 -0.1171170E-01 -0.1206713E-01 -0.1224763E-01 -0.1211045E-01 -0.1210405E-01 -0.1190818E-01 -0.1187558E-01
 -0.1192623E-01 -0.1203678E-01 -0.1224544E-01 -0.1227163E-01 -0.1219249E-01 -0.1189404E-01 -0.1186813E-01 -0.1180379E-01 -0.1199033E-01 -0.1220591E-01
 -0.1229165E-01 -0.1211351E-01 -0.1185747E-01 -0.1184213E-01 -0.1196725E-01 -0.1211299E-01 -0.1207555E-01 -0.1194578E-01 -0.1185093E-01 -0.1182476E-01
 -0.1186916E-01 -0.1191621E-01 -0.1190296E-01 -0.1174435E-01 -0.1159886E-01 -0.1163199E-01 -0.1156990E-01 -0.1144144E-01 -0.1164121E-01 -0.1186423E-01
 -0.1212884E-01 -0.1223192E-01 -0.1213240E-01 -0.1217039E-01 -0.1228042E-01 -0.1229391E-01 -0.1232735E-01 -0.1235649E-01 -0.1240999E-01 -0.1242491E-01
 -0.1258810E-01 -0.1247539E-01 -0.1237543E-01 -0.1235511E-01 -0.1224956E-01 -0.1239064E-01 -0.1248991E-01 -0.1223293E-01 -0.1227523E-01 -0.1219861E-01
 -0.1217089E-01 -0.1220559E-01 -0.1226423E-01 -0.1247709E-01 -0.1249192E-01 -0.1229984E-01 -0.1208912E-01 -0.1210076E-01 -0.1216490E-01 -0.1210686E-01
 -0.1203564E-01 -0.1202770E-01 -0.1197214E-01 -0.1201166E-01 -0.1197794E-01 -0.1192917E-01 -0.1201953E-01 -0.1207130E-01 -0.1203332E-01 -0.1193542E-01
 -0.1201745E-01 -0.1213260E-01 -0.1211090E-01 -0.1185461E-01 -0.1160765E-01 -0.1172629E-01 -0.1174574E-01 -0.1180521E-01 -0.1179494E-01 -0.1185071E-01
 -0.1197044E-01 -0.1203740E-01 -0.1215227E-01 -0.1202974E-01 -0.1201887E-01 -0.1187859E-01 -0.1180647E-01 -0.1180068E-01 -0.1182181E-01 -0.1188729E-01
 -0.1189109E-01 -0.1182153E-01 -0.1171829E-01 -0.1180255E-01 -0.1202887E-01 -0.1208127E-01 -0.1225634E-01 -0.1248716E-01 -0.1276015E-01 -0.1272577E-01
 -0.1265598E-01 -0.1262395E-01 -0.1277621E-01 -0.1303528E-01 -0.1315372E-01 -0.1298118E-01 -0.1278748E-01 -0.1265119E-01 -0.1290672E-01 -0.1302353E-01
 -0.1307721E-01 -0.1312491E-01 -0.1295819E-01 -0.1266430E-01 -0.1250129E-01 -0.1258440E-01 -0.1272149E-01 -0.1264121E-01 -0.1254786E-01 -0.1259511E-01
 -0.1250858E-01 -0.1238600E-01 -0.1233792E-01 -0.1230540E-01 -0.1219913E-01 -0.1208927E-01 -0.1195253E-01 -0.1188630E-01 -0.1190038E-01 -0.1184325E-01
 -0.1166583E-01 -0.1167968E-01 -0.1162738E-01 -0.1169257E-01 -0.1179188E-01 -0.1187536E-01 -0.1189399E-01 -0.1188998E-01 -0.1186973E-01 -0.1186489E-01
 -0.1189032E-01 -0.1197920E-01 -0.1232162E-01 -0.1246085E-01 -0.1255628E-01 -0.1269924E-01 -0.1252824E-01 -0.1216873E-01 -0.1214375E-01 -0.1206818E-01
 -0.1213781E-01 -0.1231304E-01 -0.1253754E-01 -0.1240712E-01 -0.1225036E-01 -0.1225843E-01 -0.1236404E-01 -0.1232095E-01 -0.1220520E-01 -0.1224853E-01
 -0.1231491E-01 -0.1226631E-01 -0.1238583E-01 -0.1272958E-01 -0.1272154E-01 -0.1253700E-01 -0.1244541E-01 -0.1250081E-01 -0.1251042E-01 -0.1248199E-01
 -0.1252711E-01 -0.1261804E-01 -0.1264029E-01 -0.1270314E-01 -0.1269992E-01 -0.1287307E-01 -0.1294593E-01 -0.1297006E-01 -0.1309930E-01 -0.1336455E-01
 -0.1326837E-01 -0.1300952E-01 -0.1287385E-01 -0.1290282E-01 -0.1270383E-01 -0.1272513E-01 -0.1248189E-01 -0.1231988E-01 -0.1226483E-01 -0.1230284E-01
 -0.1227535E-01 -0.1220640E-01 -0.1215413E-01 -0.1220119E-01 -0.1227395E-01 -0.1214754E-01 -0.1210582E-01 -0.1227509E-01 -0.1236792E-01 -0.1246301E-01
 -0.1234236E-01 -0.1208339E-01 -0.1206364E-01 -0.1195313E-01 -0.1189022E-01 -0.1179001E-01 -0.1200588E-01 -0.1253992E-01 -0.1280892E-01 -0.1277231E-01
 -0.1253950E-01 -0.1256081E-01 -0.1245303E-01 -0.1241224E-01 -0.1242637E-01 -0.1240836E-01 -0.1234266E-01 -0.1222222E-01 -0.1204715E-01 -0.1201881E-01
 -0.1189449E-01 -0.1178782E-01 -0.1175285E-01 -0.1184055E-01 -0.1186375E-01 -0.1179796E-01 -0.1183681E-01 -0.1181316E-01 -0.1177573E-01 -0.1165627E-01
 -0.1176918E-01 -0.1178118E-01 -0.1169784E-01 -0.1154908E-01 -0.1166826E-01 -0.1192234E-01 -0.1205637E-01 -0.1210493E-01 -0.1198212E-01 -0.1206203E-01
 -0.1217849E-01 -0.1231626E-01 -0.1235421E-01 -0.1226385E-01 -0.1210087E-01 -0.1221641E-01 -0.1228926E-01 -0.1247866E-01 -0.1248765E-01 -0.1230205E-01
 -0.1227041E-01 -0.1233126E-01 -0.1240323E-01 -0.1230241E-01 -0.1225020E-01 -0.1251642E-01 -0.1272644E-01 -0.1286573E-01 -0.1291725E-01 -0.1302326E-01
 -0.1306965E-01 -0.1295285E-01 -0.1294889E-01 -0.1312245E-01 -0.1318253E-01 -0.1315790E-01 -0.1321527E-01 -0.1303744E-01 -0.1292267E-01 -0.1297284E-01
 -0.1308159E-01 -0.1299594E-01 -0.1280262E-01 -0.1279125E-01 -0.1273703E-01 -0.1285821E-01 -0.1289737E-01 -0.1290788E-01 -0.1276937E-01 -0.1266775E-01
 -0.1261990E-01 -0.1279785E-01 -0.1293240E-01 -0.1277320E-01 -0.1270493E-01 -0.1294332E-01 -0.1281585E-01 -0.1273523E-01 -0.1267641E-01 -0.1286008E-01
 -0.1299167E-01 -0.1306470E-01 -0.1302007E-01 -0.1272865E-01 -0.1268121E-01 -0.1286718E-01 -0.1293147E-01 -0.1288553E-01 -0.1282482E-01 -0.1297886E-01
 -0.1300184E-01 -0.1297760E-01 -0.1299675E-01 -0.1299147E-01 -0.1303945E-01 -0.1304671E-01 -0.1312958E-01 -0.1307937E-01 -0.1298512E-01 -0.1290723E-01
 -0.1277892E-01
  0.1190457E+01  0.6178899E+00  0.5092786E+00  0.4528309E+00  0.4158932E+00  0.3889874E+00  0.3681281E+00  0.3514643E+00  0.3394005E+00  0.3334147E+00
  0.3303718E+00  0.3280251E+00  0.3295426E+00  0.3313021E+00  0.3347005E+00  0.3413253E+00  0.3480950E+00  0.3588860E+00  0.3708038E+00  0.3872558E+00
  0.4066069E+00  0.4220006E+00  0.4268984E+00  0.4300117E+00  0.4217696E+00  0.4196267E+00  0.4242115E+00  0.4200908E+00  0.4124904E+00  0.4058986E+00
  0.4030789E+00  0.4020232E+00  0.4033031E+00  0.4021478E+00  0.3974309E+00  0.3949696E+00  0.3906516E+00  0.3862950E+00  0.3822053E+00  0.3826196E+00
  0.3799428E+00  0.3758017E+00  0.3691779E+00  0.3650008E+00  0.3636244E+00  0.3612149E+00  0.3591167E+00  0.3612952E+00  0.3611037E+00  0.3579093E+00
  0.3548747E+00  0.3555985E+00  0.3534860E+00  0.3465984E+00  0.3429575E+00  0.3400956E+00  0.3430285E+00  0.3409177E+00  0.3361924E+00  0.3362982E+00
  0.3346573E+00  0.3281952E+00  0.3217061E+00  0.3153226E+00  0.3141797E+00  0.3142075E+00  0.3175068E+00  0.3197393E+00  0.3173976E+00  0.3167513E+00
  0.3178652E+00  0.3147439E+00  0.3123826E+00  0.3121018E+00  0.3127313E+00  0.3115486E+00  0.3064190E+00  0.3024367E+00  0.3004527E+00  0.3006585E+00
  0.2982633E+00  0.2951472E+00  0.2902283E+00  0.2871224E+00  0.2856501E+00  0.2839274E+00  0.2802500E+00  0.2781743E+00  0.2748347E+00  0.2719725E+00
  0.2708918E+00  0.2748112E+00  0.2775605E+00  0.2787766E+00  0.2810385E+00  0.2824571E+00  0.2820751E+00  0.2811761E+00  0.2799132E+00  0.2785324E+00
  0.2763873E+00  0.2750639E+00  0.2741326E+00  0.2729690E+00  0.2728312E+00  0.2699325E+00  0.2688912E+00  0.2702246E+00  0.2679649E+00  0.2633661E+00
  0.2629447E+00  0.2652686E+00  0.2671843E+00  0.2686346E+00  0.2672148E+00  0.2652692E+00  0.2619605E+00  0.2584166E+00  0.2558687E+00  0.2541773E+00
  0.2534061E+00  0.2531178E+00  0.2527949E+00  0.2518811E+00  0.2503117E+00  0.2486659E+00  0.2485469E+00  0.2485177E+00  0.2475964E+00  0.2486963E+00
  0.2493748E+00  0.2483106E+00  0.2471800E+00  0.2465690E+00  0.2461782E+00  0.2455695E+00  0.2439715E+00  0.2425793E+00  0.2421995E+00  0.2423456E+00
  0.2414320E+00  0.2412312E+00  0.2409567E+00  0.2406767E+00  0.2401570E+00  0.2406659E+00  0.2407579E+00  0.2409453E+00  0.2406434E+00  0.2394289E+00
  0.2371922E+00  0.2360417E+00  0.2365241E+00  0.2373717E+00  0.2390317E+00  0.2381899E+00  0.2370656E+00  0.2367862E+00  0.2366916E+00  0.2372513E+00
  0.2391400E+00  0.2406830E+00  0.2401383E+00  0.2395099E+00  0.2379616E+00  0.2373247E+00  0.2377009E+00  0.2379495E+00  0.2383685E+00  0.2378298E+00
  0.2361129E+00  0.2360766E+00  0.2370349E+00  0.2376066E+00  0.2381666E+00  0.2371095E+00  0.2361639E+00  0.2377420E+00  0.2407505E+00  0.2409003E+00
  0.2398733E+00  0.2376066E+00  0.2371387E+00  0.2386301E+00  0.2393016E+00  0.2392994E+00  0.2387455E+00  0.2391778E+00  0.2359825E+00  0.2333011E+00
  0.2325836E+00  0.2331108E+00  0.2337809E+00  0.2328961E+00  0.2324485E+00  0.2324752E+00  0.2339729E+00  0.2345247E+00  0.2356634E+00  0.2373909E+00
  0.2382126E+00  0.2382268E+00  0.2366351E+00  0.2358019E+00  0.2354742E+00  0.2354623E+00  0.2358681E+00  0.2353142E+00  0.2345970E+00  0.2339495E+00
  0.2338306E+00  0.2353032E+00  0.2356339E+00  0.2353775E+00  0.2357116E+00  0.2365273E+00  0.2367691E+00  0.2377048E+00  0.2385153E+00  0.2398179E+00
  0.2390492E+00  0.2372915E+00  0.2381998E+00  0.2385030E+00  0.2398386E+00  0.2424218E+00  0.2413710E+00  0.2389479E+00  0.2382868E+00  0.2380617E+00
  0.2392578E+00  0.2408132E+00  0.2404828E+00  0.2418844E+00  0.2448428E+00  0.2459946E+00  0.2486113E+00  0.2481892E+00  0.2467235E+00  0.2472621E+00
  0.2476346E+00  0.2446689E+00  0.2430119E+00  0.2427781E+00  0.2427738E+00  0.2419988E+00  0.2421071E+00  0.2418959E+00  0.2408616E+00  0.2411969E+00
  0.2410103E+00  0.2389066E+00  0.2374748E+00  0.2367886E+00  0.2374318E+00  0.2380435E+00  0.2394099E+00  0.2399526E+00  0.2414554E+00  0.2416309E+00
  0.2445962E+00  0.2465866E+00  0.2465649E+00  0.2450652E+00  0.2435469E+00  0.2426660E+00  0.2422879E+00  0.2433384E+00  0.2421927E+00  0.2415984E+00
  0.2420319E+00  0.2432268E+00  0.2460125E+00  0.2493257E+00  0.2506405E+00  0.2492237E+00  0.2479551E+00  0.2463290E+00  0.2454329E+00  0.2431622E+00
  0.2425540E+00  0.2429692E+00  0.2441917E+00  0.2458025E+00  0.2464107E+00  0.2483415E+00  0.2480395E+00  0.2478119E+00  0.2472342E+00  0.2472382E+00
  0.2490243E+00  0.2506391E+00  0.2513053E+00  0.2511869E+00  0.2503164E+00  0.2502944E+00  0.2525248E+00  0.2520594E+00  0.2547521E+00  0.2577007E+00
  0.2585945E+00  0.2566357E+00  0.2561113E+00  0.2560775E+00  0.2565518E+00  0.2568624E+00  0.2537694E+00  0.2515052E+00  0.2523855E+00  0.2551275E+00
  0.2552738E+00  0.2541426E+00  0.2536030E+00  0.2525525E+00  0.2517884E+00  0.2529783E+00  0.2556204E+00  0.2576236E+00  0.2586477E+00  0.2600069E+00
  0.2593929E+00  0.2603814E+00  0.2603918E+00  0.2594665E+00  0.2606790E+00  0.2628303E+00  0.2636360E+00  0.2633709E+00  0.2630726E+00  0.2641401E+00
  0.2644389E+00  0.2662472E+00  0.2670392E+00  0.2670039E+00  0.2662006E+00  0.2632838E+00  0.2624186E+00  0.2633723E+00  0.2632123E+00  0.2633585E+00
  0.2642547E+00  0.2640669E+00  0.2632489E+00  0.2625112E+00  0.2630465E+00  0.2629705E+00  0.2644571E+00  0.2672421E+00  0.2674021E+00  0.2666025E+00
  0.2669544E+00  0.2666568E+00  0.2670100E+00  0.2666129E+00  0.2660521E+00  0.2648945E+00  0.2636181E+00  0.2625190E+00  0.2629288E+00  0.2619898E+00
  0.2619812E+00  0.2627124E+00  0.2641249E+00  0.2640524E+00  0.2622428E+00  0.2606732E+00  0.2608374E+00  0.2625744E+00  0.2647612E+00  0.2655326E+00
  0.2667893E+00  0.2664805E+00  0.2645032E+00  0.2633475E+00  0.2627872E+00  0.2620987E+00  0.2605547E+00  0.2610383E+00  0.2620657E+00  0.2617891E+00
  0.2601817E+00  0.2608826E+00  0.2644782E+00  0.2659258E+00  0.2671142E+00  0.2682466E+00  0.2699338E+00  0.2721021E+00  0.2751882E+00  0.2759925E+00
  0.2754763E+00  0.2748793E+00  0.2738834E+00  0.2733339E+00  0.2718243E+00  0.2709707E+00  0.2704214E+00  0.2713045E+00  0.2703999E+00  0.2680955E+00
  0.2669646E+00  0.2699357E+00  0.2722084E+00  0.2727610E+00  0.2735862E+00  0.2760463E+00  0.2758420E+00  0.2751116E+00  0.2780846E+00  0.2777158E+00
  0.2764281E+00  0.2743453E+00  0.2727825E+00  0.2724256E+00  0.2721319E+00  0.2716408E+00  0.2716984E+00  0.2713621E+00  0.2709723E+00  0.2700189E+00
  0.2720301E+00  0.2757269E+00  0.2747243E+00  0.2746387E+00  0.2744471E+00  0.2743563E+00  0.2749146E+00  0.2758559E+00  0.2767949E+00  0.2772860E+00
  0.2780092E+00  0.2778036E+00  0.2787733E+00  0.2811390E+00  0.2821250E+00  0.2816695E+00  0.2801344E+00  0.2800652E+00  0.2802850E+00  0.2805647E+00
  0.2807345E+00  0.2805103E+00  0.2795603E+00  0.2804783E+00  0.2817910E+00  0.2816975E+00  0.2815000E+00  0.2807892E+00  0.2804127E+00  0.2810152E+00
  0.2808200E+00  0.2808354E+00  0.2815349E+00  0.2812248E+00  0.2822265E+00  0.2824857E+00  0.2822101E+00  0.2797710E+00  0.2765847E+00  0.2751868E+00
  0.2775452E+00  0.2818099E+00  0.2869808E+00  0.2884778E+00  0.2897063E+00  0.2905958E+00  0.2924235E+00  0.2917565E+00  0.2883830E+00  0.2862280E+00
  0.2841804E+00  0.2819129E+00  0.2810403E+00  0.2802299E+00  0.2779816E+00  0.2769331E+00  0.2790143E+00  0.2797447E+00  0.2810428E+00  0.2835402E+00
  0.2845374E+00  0.2848340E+00  0.2853847E+00  0.2864839E+00  0.2860266E+00  0.2855318E+00  0.2857712E+00  0.2842853E+00  0.2813066E+00  0.2788169E+00
  0.2787961E+00  0.2790956E+00  0.2784666E+00  0.2774188E+00  0.2780864E+00  0.2796473E+00  0.2802604E+00  0.2813520E+00  0.2806505E+00  0.2788915E+00
  0.2787497E+00  0.2780176E+00  0.2773737E+00  0.2775452E+00  0.2787972E+00  0.2761845E+00  0.2739545E+00  0.2740196E+00  0.2750729E+00  0.2756960E+00
  0.2750010E+00  0.2760176E+00  0.2771193E+00  0.2771730E+00  0.2757817E+00  0.2767195E+00  0.2795808E+00  0.2819352E+00  0.2830343E+00  0.2829271E+00
  0.2825240E+00  0.2830354E+00  0.2846366E+00  0.2839686E+00  0.2847338E+00  0.2877656E+00  0.2874144E+00  0.2858518E+00  0.2849315E+00  0.2840113E+00
  0.2827880E+00  0.2810420E+00  0.2806803E+00  0.2813148E+00  0.2831510E+00  0.2836776E+00  0.2850899E+00  0.2839169E+00  0.2829533E+00  0.2809547E+00
  0.2813247E+00  0.2816484E+00  0.2829724E+00  0.2842547E+00  0.2857084E+00  0.2879575E+00  0.2875671E+00  0.2861642E+00  0.2860828E+00  0.2867205E+00
  0.2874804E+00  0.2867113E+00  0.2853573E+00  0.2827982E+00  0.2817544E+00  0.2817237E+00  0.2844706E+00  0.2862843E+00  0.2858354E+00  0.2863672E+00
  0.2870480E+00  0.2854531E+00  0.2845276E+00  0.2838553E+00  0.2850211E+00  0.2857093E+00  0.2848239E+00  0.2862411E+00  0.2895172E+00  0.2895809E+00
  0.2875821E+00  0.2861306E+00  0.2830164E+00  0.2819166E+00  0.2822956E+00  0.2833378E+00  0.2828699E+00  0.2821837E+00  0.2822227E+00  0.2805349E+00
  0.2788619E+00  0.2794812E+00  0.2808743E+00  0.2831268E+00  0.2867237E+00  0.2901430E+00  0.2898702E+00  0.2894397E+00  0.2868976E+00  0.2850712E+00
  0.2824620E+00  0.2814685E+00  0.2832045E+00  0.2828069E+00  0.2807759E+00  0.2809706E+00  0.2825371E+00  0.2836986E+00  0.2829075E+00  0.2828419E+00
  0.2840765E+00  0.2857274E+00  0.2870056E+00  0.2893116E+00  0.2904137E+00  0.2913867E+00  0.2916041E+00  0.2916442E+00  0.2939975E+00  0.2930865E+00
  0.2914817E+00  0.2910365E+00  0.2916781E+00  0.2911878E+00  0.2909706E+00  0.2887917E+00  0.2884749E+00  0.2884968E+00  0.2886453E+00  0.2869512E+00
  0.2857347E+00  0.2862182E+00  0.2883426E+00  0.2904852E+00  0.2909358E+00  0.2882020E+00  0.2849427E+00  0.2820917E+00  0.2814251E+00  0.2832718E+00
  0.2863416E+00  0.2885949E+00  0.2915438E+00  0.2960135E+00  0.2980428E+00  0.2956760E+00  0.2947806E+00  0.2946637E+00  0.2922444E+00  0.2903651E+00
  0.2890937E+00  0.2866719E+00  0.2860126E+00  0.2863248E+00  0.2861776E+00  0.2897437E+00  0.2914489E+00  0.2917891E+00  0.2954039E+00  0.3001921E+00
  0.3016100E+00  0.3012177E+00  0.3008795E+00  0.2988361E+00  0.2970223E+00  0.2965457E+00  0.2965600E+00  0.2965895E+00  0.2934613E+00  0.2900238E+00
  0.2885555E+00  0.2881426E+00  0.2883146E+00  0.2867060E+00  0.2873794E+00  0.2868471E+00  0.2853713E+00  0.2836519E+00  0.2829469E+00  0.2823348E+00
  0.2841345E+00  0.2862666E+00  0.2873322E+00  0.2859250E+00  0.2857828E+00  0.2857485E+00  0.2861491E+00  0.2871346E+00  0.2871260E+00  0.2874068E+00
  0.2865691E+00  0.2853786E+00  0.2837899E+00  0.2838493E+00  0.2871166E+00  0.2893089E+00  0.2891882E+00  0.2885497E+00  0.2878901E+00  0.2874181E+00
  0.2878959E+00  0.2887004E+00  0.2895870E+00  0.2898486E+00  0.2891143E+00  0.2862369E+00  0.2847433E+00  0.2841724E+00  0.2850404E+00  0.2864202E+00
  0.2867729E+00  0.2859645E+00  0.2839783E+00  0.2834728E+00  0.2849672E+00  0.2852363E+00  0.2848971E+00  0.2846406E+00  0.2830382E+00  0.2828111E+00
  0.2833414E+00  0.2836989E+00  0.2835237E+00  0.2825106E+00  0.2813583E+00  0.2809357E+00  0.2801991E+00  0.2779380E+00  0.2789601E+00  0.2809406E+00
  0.2847328E+00  0.2872283E+00  0.2869936E+00  0.2869718E+00  0.2880299E+00  0.2880382E+00  0.2886762E+00  0.2890851E+00  0.2891857E+00  0.2894251E+00
  0.2910063E+00  0.2908722E+00  0.2894941E+00  0.2892998E+00  0.2881777E+00  0.2885535E+00  0.2893747E+00  0.2874337E+00  0.2869262E+00  0.2857107E+00
  0.2851914E+00  0.2856891E+00  0.2858333E+00  0.2879426E+00  0.2892108E+00  0.2880255E+00  0.2855519E+00  0.2851313E+00  0.2855478E+00  0.2855511E+00
  0.2847228E+00  0.2840699E+00  0.2841449E+00  0.2840647E+00  0.2828822E+00  0.2821827E+00  0.2832318E+00  0.2843565E+00  0.2846952E+00  0.2837873E+00
  0.2836859E+00  0.2844483E+00  0.2847163E+00  0.2825736E+00  0.2800389E+00  0.2798561E+00  0.2801391E+00  0.2799030E+00  0.2797999E+00  0.2801783E+00
  0.2809985E+00  0.2821989E+00  0.2830812E+00  0.2825486E+00  0.2825473E+00  0.2812249E+00  0.2803034E+00  0.2803642E+00  0.2805794E+00  0.2809239E+00
  0.2806493E+00  0.2798176E+00  0.2787843E+00  0.2792691E+00  0.2804392E+00  0.2815637E+00  0.2837200E+00  0.2859657E+00  0.2888145E+00  0.2896560E+00
  0.2899256E+00  0.2894117E+00  0.2908496E+00  0.2945026E+00  0.2967512E+00  0.2956844E+00  0.2933981E+00  0.2911759E+00  0.2912002E+00  0.2933242E+00
  0.2952610E+00  0.2956126E+00  0.2937391E+00  0.2906445E+00  0.2878091E+00  0.2876512E+00  0.2890513E+00  0.2889843E+00  0.2884861E+00  0.2883026E+00
  0.2879809E+00  0.2870696E+00  0.2857280E+00  0.2857226E+00  0.2852882E+00  0.2843154E+00  0.2822206E+00  0.2804336E+00  0.2790450E+00  0.2784585E+00
  0.2770505E+00  0.2765333E+00  0.2764770E+00  0.2772943E+00  0.2776366E+00  0.2773867E+00  0.2776447E+00  0.2783308E+00  0.2788287E+00  0.2788869E+00
  0.2794492E+00  0.2807284E+00  0.2841252E+00  0.2861161E+00  0.2871891E+00  0.2892333E+00  0.2889548E+00  0.2864138E+00  0.2843357E+00  0.2830898E+00
  0.2824116E+00  0.2837721E+00  0.2861031E+00  0.2858301E+00  0.2849203E+00  0.2845861E+00  0.2858558E+00  0.2849395E+00  0.2828075E+00  0.2826877E+00
  0.2834413E+00  0.2828653E+00  0.2841079E+00  0.2871572E+00  0.2879614E+00  0.2860069E+00  0.2848861E+00  0.2849876E+00  0.2847530E+00  0.2845214E+00
  0.2845638E+00  0.2855313E+00  0.2865439E+00  0.2863840E+00  0.2860518E+00  0.2878708E+00  0.2893188E+00  0.2897738E+00  0.2916567E+00  0.2935047E+00
  0.2928674E+00  0.2911487E+00  0.2902485E+00  0.2896549E+00  0.2877598E+00  0.2865238E+00  0.2848778E+00  0.2833934E+00  0.2819886E+00  0.2820062E+00
  0.2815194E+00  0.2803570E+00  0.2797320E+00  0.2796622E+00  0.2793744E+00  0.2787093E+00  0.2789362E+00  0.2799765E+00  0.2818293E+00  0.2823328E+00
  0.2810955E+00  0.2783519E+00  0.2772218E+00  0.2766468E+00  0.2757849E+00  0.2751160E+00  0.2765842E+00  0.2805786E+00  0.2843524E+00  0.2849877E+00
  0.2844551E+00  0.2848505E+00  0.2834593E+00  0.2815704E+00  0.2815735E+00  0.2815835E+00  0.2814590E+00  0.2800614E+00  0.2784518E+00  0.2776556E+00
  0.2762286E+00  0.2744768E+00  0.2735986E+00  0.2737346E+00  0.2740026E+00  0.2739028E+00  0.2748780E+00  0.2749432E+00  0.2746687E+00  0.2736849E+00
  0.2739896E+00  0.2735100E+00  0.2726378E+00  0.2711914E+00  0.2728429E+00  0.2752093E+00  0.2765736E+00  0.2773267E+00  0.2766366E+00  0.2765080E+00
  0.2774573E+00  0.2787562E+00  0.2798647E+00  0.2791897E+00  0.2781741E+00  0.2782941E+00  0.2791623E+00  0.2806787E+00  0.2804890E+00  0.2785337E+00
  0.2773048E+00  0.2781392E+00  0.2788951E+00  0.2781747E+00  0.2772089E+00  0.2797052E+00  0.2820765E+00  0.2832946E+00  0.2847429E+00  0.2864252E+00
  0.2866589E+00  0.2859162E+00  0.2855621E+00  0.2872456E+00  0.2886793E+00  0.2890593E+00  0.2893246E+00  0.2883475E+00  0.2875913E+00  0.2869808E+00
  0.2870929E+00  0.2866404E+00  0.2852719E+00  0.2842611E+00  0.2834346E+00  0.2843757E+00  0.2856088E+00  0.2858136E+00  0.2850079E+00  0.2830331E+00
  0.2821653E+00  0.2837190E+00  0.2844662E+00  0.2832702E+00  0.2825948E+00  0.2835473E+00  0.2832187E+00  0.2834614E+00  0.2832163E+00  0.2838179E+00
  0.2841535E+00  0.2853002E+00  0.2847826E+00  0.2827149E+00  0.2809129E+00  0.2819620E+00  0.2826742E+00  0.2829161E+00  0.2829045E+00  0.2837965E+00
  0.2845635E+00  0.2844319E+00  0.2854478E+00  0.2856816E+00  0.2857076E+00  0.2861681E+00  0.2863629E+00  0.2866820E+00  0.2853809E+00  0.2842479E+00
  0.2830826E+00
 -0.2812859E+16  0.1130862E+06  0.5288529E+05  0.3486723E+05  0.2616897E+05  0.2100352E+05  0.1753968E+05  0.1495055E+05  0.1225744E+05  0.7972826E+04
  0.5742110E+04  0.4683193E+04  0.4135630E+04  0.3688225E+04  0.3340428E+04  0.3079679E+04  0.2890686E+04  0.2763603E+04  0.2705569E+04  0.2716739E+04
  0.2853202E+04  0.2966983E+04  0.2984118E+04  0.2945749E+04  0.2777423E+04  0.2665035E+04  0.2623297E+04  0.2522152E+04  0.2400299E+04  0.2275397E+04
  0.2176407E+04  0.2121064E+04  0.2062792E+04  0.1988451E+04  0.1891746E+04  0.1820916E+04  0.1742904E+04  0.1650360E+04  0.1583878E+04  0.1549330E+04
  0.1480082E+04  0.1412026E+04  0.1329056E+04  0.1266806E+04  0.1227814E+04  0.1176621E+04  0.1147346E+04  0.1110267E+04  0.1094876E+04  0.1049128E+04
  0.1008963E+04  0.9807836E+03  0.9451250E+03  0.9028422E+03  0.8611448E+03  0.8272820E+03  0.8049398E+03  0.7911238E+03  0.7590863E+03  0.7389462E+03
  0.7231269E+03  0.6963905E+03  0.6668859E+03  0.6307136E+03  0.6109142E+03  0.5978457E+03  0.5938330E+03  0.5923920E+03  0.5662558E+03  0.5570144E+03
  0.5543615E+03  0.5422767E+03  0.5253334E+03  0.5104469E+03  0.5047237E+03  0.4981346E+03  0.4815719E+03  0.4623721E+03  0.4546344E+03  0.4463377E+03
  0.4375406E+03  0.4265981E+03  0.4118235E+03  0.4019384E+03  0.3918272E+03  0.3851787E+03  0.3691957E+03  0.3613382E+03  0.3514417E+03  0.3408423E+03
  0.3347716E+03  0.3350554E+03  0.3380533E+03  0.3359105E+03  0.3368949E+03  0.3355748E+03  0.3331063E+03  0.3244340E+03  0.3177221E+03  0.3157398E+03
  0.3093141E+03  0.3042957E+03  0.3009775E+03  0.2953779E+03  0.2919976E+03  0.2845516E+03  0.2799458E+03  0.2799503E+03  0.2766840E+03  0.2697410E+03
  0.2638756E+03  0.2629693E+03  0.2635246E+03  0.2636635E+03  0.2590406E+03  0.2560504E+03  0.2522553E+03  0.2440362E+03  0.2358554E+03  0.2312350E+03
  0.2282782E+03  0.2287978E+03  0.2256875E+03  0.2211585E+03  0.2188337E+03  0.2182476E+03  0.2154578E+03  0.2140547E+03  0.2121955E+03  0.2106953E+03
  0.2096022E+03  0.2071024E+03  0.2033923E+03  0.2028329E+03  0.2017092E+03  0.1987864E+03  0.1979419E+03  0.1950646E+03  0.1937239E+03  0.1923320E+03
  0.1900378E+03  0.1886262E+03  0.1883639E+03  0.1880455E+03  0.1845039E+03  0.1833413E+03  0.1831819E+03  0.1830373E+03  0.1809954E+03  0.1804884E+03
  0.1797490E+03  0.1756898E+03  0.1735794E+03  0.1731842E+03  0.1756029E+03  0.1744744E+03  0.1724720E+03  0.1721287E+03  0.1719384E+03  0.1704600E+03
  0.1703709E+03  0.1704575E+03  0.1706342E+03  0.1688010E+03  0.1687451E+03  0.1664384E+03  0.1657730E+03  0.1666505E+03  0.1650975E+03  0.1645530E+03
  0.1627796E+03  0.1613376E+03  0.1627145E+03  0.1631668E+03  0.1639226E+03  0.1623245E+03  0.1593041E+03  0.1592779E+03  0.1617056E+03  0.1623729E+03
  0.1625141E+03  0.1585399E+03  0.1556600E+03  0.1573561E+03  0.1591286E+03  0.1565014E+03  0.1534231E+03  0.1541215E+03  0.1536756E+03  0.1501192E+03
  0.1497161E+03  0.1481801E+03  0.1488487E+03  0.1498826E+03  0.1479645E+03  0.1465826E+03  0.1474123E+03  0.1467085E+03  0.1466571E+03  0.1475772E+03
  0.1487077E+03  0.1479812E+03  0.1476097E+03  0.1471559E+03  0.1458963E+03  0.1461007E+03  0.1465470E+03  0.1472495E+03  0.1459528E+03  0.1443654E+03
  0.1437506E+03  0.1421212E+03  0.1428689E+03  0.1417696E+03  0.1410694E+03  0.1413774E+03  0.1421952E+03  0.1422274E+03  0.1416539E+03  0.1429522E+03
  0.1423067E+03  0.1412335E+03  0.1420429E+03  0.1424579E+03  0.1418242E+03  0.1437050E+03  0.1428956E+03  0.1417291E+03  0.1408856E+03  0.1418826E+03
  0.1403111E+03  0.1414887E+03  0.1415125E+03  0.1412456E+03  0.1444004E+03  0.1455605E+03  0.1463639E+03  0.1475349E+03  0.1462720E+03  0.1449060E+03
  0.1464720E+03  0.1447436E+03  0.1425987E+03  0.1411490E+03  0.1418615E+03  0.1405399E+03  0.1405635E+03  0.1411058E+03  0.1396622E+03  0.1399050E+03
  0.1401172E+03  0.1390340E+03  0.1357945E+03  0.1356785E+03  0.1357746E+03  0.1365524E+03  0.1372388E+03  0.1379114E+03  0.1398165E+03  0.1402273E+03
  0.1395772E+03  0.1409298E+03  0.1418912E+03  0.1409303E+03  0.1394098E+03  0.1378705E+03  0.1367581E+03  0.1380865E+03  0.1365237E+03  0.1350148E+03
  0.1347139E+03  0.1358391E+03  0.1379654E+03  0.1405422E+03  0.1414012E+03  0.1410624E+03  0.1398053E+03  0.1394068E+03  0.1390038E+03  0.1368587E+03
  0.1368177E+03  0.1366055E+03  0.1370922E+03  0.1350203E+03  0.1352891E+03  0.1367777E+03  0.1378074E+03  0.1372086E+03  0.1368577E+03  0.1360200E+03
  0.1352039E+03  0.1369918E+03  0.1393924E+03  0.1393681E+03  0.1380876E+03  0.1378416E+03  0.1417593E+03  0.1407607E+03  0.1418645E+03  0.1433708E+03
  0.1431284E+03  0.1418066E+03  0.1404231E+03  0.1400383E+03  0.1402323E+03  0.1404029E+03  0.1389707E+03  0.1371808E+03  0.1379065E+03  0.1389877E+03
  0.1380695E+03  0.1387335E+03  0.1377906E+03  0.1369569E+03  0.1363218E+03  0.1364387E+03  0.1379086E+03  0.1375136E+03  0.1401171E+03  0.1416752E+03
  0.1400509E+03  0.1419055E+03  0.1413740E+03  0.1404359E+03  0.1420760E+03  0.1417554E+03  0.1431924E+03  0.1419811E+03  0.1423597E+03  0.1435559E+03
  0.1422265E+03  0.1440860E+03  0.1450084E+03  0.1451585E+03  0.1432806E+03  0.1409043E+03  0.1397975E+03  0.1404995E+03  0.1400257E+03  0.1407511E+03
  0.1410661E+03  0.1395808E+03  0.1388358E+03  0.1401432E+03  0.1420025E+03  0.1405181E+03  0.1396232E+03  0.1421007E+03  0.1424102E+03  0.1414189E+03
  0.1408286E+03  0.1410182E+03  0.1425106E+03  0.1413898E+03  0.1410377E+03  0.1393855E+03  0.1394491E+03  0.1380785E+03  0.1396568E+03  0.1389919E+03
  0.1392644E+03  0.1387684E+03  0.1396370E+03  0.1396821E+03  0.1394680E+03  0.1380365E+03  0.1386272E+03  0.1393085E+03  0.1397063E+03  0.1389834E+03
  0.1399300E+03  0.1411056E+03  0.1404326E+03  0.1386674E+03  0.1375774E+03  0.1367152E+03  0.1351504E+03  0.1351096E+03  0.1355630E+03  0.1373267E+03
  0.1368248E+03  0.1357298E+03  0.1374799E+03  0.1378153E+03  0.1377607E+03  0.1385816E+03  0.1399418E+03  0.1421746E+03  0.1437617E+03  0.1459270E+03
  0.1463890E+03  0.1451449E+03  0.1427351E+03  0.1432550E+03  0.1430446E+03  0.1420216E+03  0.1405696E+03  0.1408288E+03  0.1407226E+03  0.1385818E+03
  0.1377555E+03  0.1392710E+03  0.1398517E+03  0.1402413E+03  0.1421067E+03  0.1425572E+03  0.1441964E+03  0.1435217E+03  0.1460381E+03  0.1460811E+03
  0.1441637E+03  0.1442503E+03  0.1429301E+03  0.1420358E+03  0.1424878E+03  0.1404284E+03  0.1395182E+03  0.1405486E+03  0.1398645E+03  0.1391631E+03
  0.1383722E+03  0.1413177E+03  0.1426952E+03  0.1415227E+03  0.1419474E+03  0.1417763E+03  0.1408707E+03  0.1410054E+03  0.1411432E+03  0.1402286E+03
  0.1419792E+03  0.1426787E+03  0.1442386E+03  0.1436022E+03  0.1448142E+03  0.1435897E+03  0.1423606E+03  0.1412081E+03  0.1427362E+03  0.1432243E+03
  0.1439674E+03  0.1435139E+03  0.1428641E+03  0.1427915E+03  0.1431165E+03  0.1437437E+03  0.1417555E+03  0.1428958E+03  0.1433436E+03  0.1431255E+03
  0.1429336E+03  0.1416601E+03  0.1425058E+03  0.1422043E+03  0.1424567E+03  0.1431200E+03  0.1433770E+03  0.1431296E+03  0.1411383E+03  0.1385109E+03
  0.1387938E+03  0.1412426E+03  0.1426852E+03  0.1441966E+03  0.1448449E+03  0.1463572E+03  0.1470954E+03  0.1468749E+03  0.1471001E+03  0.1455508E+03
  0.1435425E+03  0.1437457E+03  0.1439821E+03  0.1430329E+03  0.1416613E+03  0.1396229E+03  0.1404310E+03  0.1405278E+03  0.1404078E+03  0.1418210E+03
  0.1435254E+03  0.1442674E+03  0.1434365E+03  0.1430779E+03  0.1427551E+03  0.1414100E+03  0.1407821E+03  0.1412750E+03  0.1410579E+03  0.1382621E+03
  0.1370188E+03  0.1369797E+03  0.1370078E+03  0.1369943E+03  0.1367858E+03  0.1382262E+03  0.1390374E+03  0.1383604E+03  0.1392188E+03  0.1387619E+03
  0.1374791E+03  0.1377441E+03  0.1376007E+03  0.1373226E+03  0.1371084E+03  0.1363018E+03  0.1338621E+03  0.1330605E+03  0.1333819E+03  0.1346926E+03
  0.1348282E+03  0.1349832E+03  0.1361324E+03  0.1357487E+03  0.1342186E+03  0.1343488E+03  0.1351902E+03  0.1373041E+03  0.1369078E+03  0.1371185E+03
  0.1374725E+03  0.1380616E+03  0.1392743E+03  0.1400076E+03  0.1392031E+03  0.1409592E+03  0.1406338E+03  0.1417183E+03  0.1406541E+03  0.1396418E+03
  0.1377094E+03  0.1366130E+03  0.1355459E+03  0.1363290E+03  0.1367618E+03  0.1379939E+03  0.1393757E+03  0.1397658E+03  0.1384659E+03  0.1378025E+03
  0.1373624E+03  0.1371421E+03  0.1369372E+03  0.1375894E+03  0.1380205E+03  0.1402310E+03  0.1404810E+03  0.1400962E+03  0.1390571E+03  0.1375147E+03
  0.1379571E+03  0.1377312E+03  0.1372249E+03  0.1360015E+03  0.1355226E+03  0.1355132E+03  0.1376337E+03  0.1374774E+03  0.1373866E+03  0.1365764E+03
  0.1372692E+03  0.1374930E+03  0.1365582E+03  0.1350829E+03  0.1354187E+03  0.1360628E+03  0.1365038E+03  0.1368092E+03  0.1384463E+03  0.1398107E+03
  0.1379783E+03  0.1376994E+03  0.1353997E+03  0.1334511E+03  0.1339869E+03  0.1347024E+03  0.1346277E+03  0.1351597E+03  0.1348799E+03  0.1335297E+03
  0.1319419E+03  0.1321129E+03  0.1323411E+03  0.1337782E+03  0.1351464E+03  0.1364652E+03  0.1378964E+03  0.1392317E+03  0.1386591E+03  0.1375812E+03
  0.1358543E+03  0.1324602E+03  0.1324557E+03  0.1330631E+03  0.1319914E+03  0.1315244E+03  0.1321771E+03  0.1343756E+03  0.1345634E+03  0.1332589E+03
  0.1341235E+03  0.1340411E+03  0.1350473E+03  0.1360449E+03  0.1371591E+03  0.1378547E+03  0.1388641E+03  0.1395861E+03  0.1393941E+03  0.1386346E+03
  0.1375262E+03  0.1376817E+03  0.1380786E+03  0.1378781E+03  0.1374216E+03  0.1356949E+03  0.1359484E+03  0.1344984E+03  0.1351890E+03  0.1344999E+03
  0.1341392E+03  0.1345091E+03  0.1348261E+03  0.1353374E+03  0.1368204E+03  0.1364357E+03  0.1341355E+03  0.1319747E+03  0.1311295E+03  0.1323624E+03
  0.1335693E+03  0.1341924E+03  0.1348827E+03  0.1378449E+03  0.1410856E+03  0.1412737E+03  0.1397942E+03  0.1400352E+03  0.1380271E+03  0.1364772E+03
  0.1355184E+03  0.1345825E+03  0.1342286E+03  0.1336475E+03  0.1334688E+03  0.1341559E+03  0.1348387E+03  0.1346582E+03  0.1363018E+03  0.1394892E+03
  0.1416779E+03  0.1423112E+03  0.1422980E+03  0.1421150E+03  0.1416375E+03  0.1415334E+03  0.1409297E+03  0.1405248E+03  0.1388143E+03  0.1372688E+03
  0.1356948E+03  0.1344847E+03  0.1353534E+03  0.1337237E+03  0.1334271E+03  0.1320709E+03  0.1312049E+03  0.1304811E+03  0.1305096E+03  0.1297057E+03
  0.1300284E+03  0.1314167E+03  0.1320348E+03  0.1323250E+03  0.1318495E+03  0.1319656E+03  0.1319419E+03  0.1326964E+03  0.1314621E+03  0.1321742E+03
  0.1317457E+03  0.1311505E+03  0.1304455E+03  0.1311278E+03  0.1317112E+03  0.1327654E+03  0.1341013E+03  0.1332855E+03  0.1345509E+03  0.1342577E+03
  0.1343552E+03  0.1342405E+03  0.1331724E+03  0.1332486E+03  0.1330969E+03  0.1324034E+03  0.1306261E+03  0.1305496E+03  0.1296999E+03  0.1292684E+03
  0.1288414E+03  0.1296337E+03  0.1296925E+03  0.1291684E+03  0.1298499E+03  0.1286514E+03  0.1285905E+03  0.1296366E+03  0.1284796E+03  0.1284544E+03
  0.1286950E+03  0.1286727E+03  0.1285775E+03  0.1289220E+03  0.1289483E+03  0.1280024E+03  0.1276798E+03  0.1260129E+03  0.1252217E+03  0.1255035E+03
  0.1278042E+03  0.1300885E+03  0.1308343E+03  0.1303962E+03  0.1306625E+03  0.1305305E+03  0.1310433E+03  0.1312906E+03  0.1308612E+03  0.1310288E+03
  0.1314615E+03  0.1324659E+03  0.1316469E+03  0.1315981E+03  0.1311935E+03  0.1302078E+03  0.1302789E+03  0.1303569E+03  0.1292209E+03  0.1283869E+03
  0.1279790E+03  0.1282844E+03  0.1278644E+03  0.1284861E+03  0.1300367E+03  0.1304502E+03  0.1293339E+03  0.1286393E+03  0.1285226E+03  0.1291432E+03
  0.1287802E+03  0.1279809E+03  0.1286765E+03  0.1281447E+03  0.1269073E+03  0.1264831E+03  0.1269375E+03  0.1279048E+03  0.1287677E+03  0.1285857E+03
  0.1275711E+03  0.1273820E+03  0.1279713E+03  0.1278083E+03  0.1270463E+03  0.1255149E+03  0.1256876E+03  0.1247385E+03  0.1247092E+03  0.1246266E+03
  0.1244668E+03  0.1253675E+03  0.1253509E+03  0.1259141E+03  0.1260264E+03  0.1257327E+03  0.1252612E+03  0.1254042E+03  0.1254686E+03  0.1252377E+03
  0.1248308E+03  0.1244523E+03  0.1241631E+03  0.1239209E+03  0.1231240E+03  0.1240707E+03  0.1251299E+03  0.1257563E+03  0.1267805E+03  0.1282376E+03
  0.1293051E+03  0.1289451E+03  0.1293168E+03  0.1315826E+03  0.1334075E+03  0.1337280E+03  0.1326291E+03  0.1310348E+03  0.1284727E+03  0.1301267E+03
  0.1321766E+03  0.1321674E+03  0.1313386E+03  0.1301838E+03  0.1280590E+03  0.1270041E+03  0.1274790E+03  0.1281993E+03  0.1284862E+03  0.1277602E+03
  0.1282138E+03  0.1282574E+03  0.1269603E+03  0.1272887E+03  0.1278128E+03  0.1276594E+03  0.1262867E+03  0.1245934E+03  0.1226065E+03  0.1224228E+03
  0.1224089E+03  0.1215802E+03  0.1220526E+03  0.1224517E+03  0.1218706E+03  0.1206873E+03  0.1208348E+03  0.1217740E+03  0.1226375E+03  0.1227643E+03
  0.1232443E+03  0.1240175E+03  0.1250009E+03  0.1262208E+03  0.1266760E+03  0.1279436E+03  0.1293158E+03  0.1296547E+03  0.1271139E+03  0.1262358E+03
  0.1246116E+03  0.1246222E+03  0.1254316E+03  0.1263876E+03  0.1267865E+03  0.1262576E+03  0.1268623E+03  0.1260856E+03  0.1244456E+03  0.1238478E+03
  0.1241681E+03  0.1239015E+03  0.1243303E+03  0.1249100E+03  0.1260419E+03  0.1253105E+03  0.1247545E+03  0.1243345E+03  0.1239323E+03  0.1239118E+03
  0.1235207E+03  0.1238856E+03  0.1249880E+03  0.1241614E+03  0.1237613E+03  0.1244407E+03  0.1256170E+03  0.1259758E+03  0.1271801E+03  0.1270406E+03
  0.1271297E+03  0.1273898E+03  0.1275420E+03  0.1264764E+03  0.1259527E+03  0.1241285E+03  0.1243791E+03  0.1240550E+03  0.1227678E+03  0.1224114E+03
  0.1220515E+03  0.1212266E+03  0.1209357E+03  0.1203790E+03  0.1192964E+03  0.1196789E+03  0.1203849E+03  0.1200581E+03  0.1215384E+03  0.1212586E+03
  0.1208412E+03  0.1198519E+03  0.1185920E+03  0.1189452E+03  0.1184603E+03  0.1186001E+03  0.1183422E+03  0.1182825E+03  0.1205340E+03  0.1216916E+03
  0.1232573E+03  0.1235620E+03  0.1228142E+03  0.1207709E+03  0.1206376E+03  0.1208256E+03  0.1213077E+03  0.1206873E+03  0.1203421E+03  0.1195940E+03
  0.1189904E+03  0.1177972E+03  0.1170174E+03  0.1163238E+03  0.1164377E+03  0.1169591E+03  0.1178248E+03  0.1181448E+03  0.1181657E+03  0.1180986E+03
  0.1173566E+03  0.1166225E+03  0.1163333E+03  0.1159664E+03  0.1168917E+03  0.1174031E+03  0.1178331E+03  0.1183216E+03  0.1186444E+03  0.1176940E+03
  0.1177732E+03  0.1180991E+03  0.1191464E+03  0.1191580E+03  0.1194497E+03  0.1184732E+03  0.1188766E+03  0.1189904E+03  0.1186638E+03  0.1179526E+03
  0.1166983E+03  0.1171739E+03  0.1174463E+03  0.1174936E+03  0.1167696E+03  0.1174013E+03  0.1184256E+03  0.1186675E+03  0.1200163E+03  0.1211618E+03
  0.1210274E+03  0.1211722E+03  0.1207594E+03  0.1212821E+03  0.1225462E+03  0.1232611E+03  0.1230642E+03  0.1234832E+03  0.1236024E+03  0.1223419E+03
  0.1214671E+03  0.1216904E+03  0.1217671E+03  0.1205843E+03  0.1200444E+03  0.1201016E+03  0.1213013E+03  0.1214633E+03  0.1217455E+03  0.1201887E+03
  0.1195381E+03  0.1198339E+03  0.1195266E+03  0.1194963E+03  0.1192811E+03  0.1182722E+03  0.1190337E+03  0.1200954E+03  0.1203401E+03  0.1193789E+03
  0.1185893E+03  0.1193599E+03  0.1191184E+03  0.1192107E+03  0.1173833E+03  0.1169876E+03  0.1172903E+03  0.1180109E+03  0.1185550E+03  0.1182595E+03
  0.1190102E+03  0.1190671E+03  0.1201702E+03  0.1205148E+03  0.1201041E+03  0.1206186E+03  0.1201022E+03  0.1209667E+03  0.1201933E+03  0.1194842E+03
  0.1192057E+03
  0.0000000E+00  0.3739837E-01  0.6222303E-01  0.8400693E-01  0.9937554E-01  0.2150499E+00  0.3055835E+00  0.6590007E+00  0.1535093E+01  0.2070047E+01
  0.2108789E+01  0.2195253E+01  0.2086848E+01  0.1826847E+01  0.1941617E+01  0.1867193E+01  0.1902484E+01  0.2392814E+01  0.2085506E+01  0.2484516E+01
  0.2627125E+01  0.2776597E+01  0.2376430E+01  0.2315825E+01  0.2054131E+01  0.2279275E+01  0.2243744E+01  0.2125513E+01  0.2193255E+01  0.2119751E+01
  0.2201034E+01  0.2192504E+01  0.2093997E+01  0.2121191E+01  0.2086304E+01  0.2024095E+01  0.2192031E+01  0.2270451E+01  0.2081572E+01  0.1989011E+01
  0.2591528E+01  0.1987472E+01  0.1845417E+01  0.1766700E+01  0.1668291E+01  0.1794303E+01  0.2019468E+01  0.1966674E+01  0.2063362E+01  0.1915692E+01
  0.1777072E+01  0.1929663E+01  0.1943020E+01  0.1877300E+01  0.1933172E+01  0.1843330E+01  0.1872416E+01  0.1975772E+01  0.1714676E+01  0.1703015E+01
  0.1858137E+01  0.1929122E+01  0.1545860E+01  0.1640698E+01  0.1479156E+01  0.1748608E+01  0.2007392E+01  0.1794513E+01  0.1635265E+01  0.1879223E+01
  0.1639394E+01  0.1989057E+01  0.2221853E+01  0.1653408E+01  0.1884521E+01  0.1722713E+01  0.1567315E+01  0.1865333E+01  0.1833435E+01  0.1594832E+01
  0.1379200E+01  0.1542197E+01  0.1512018E+01  0.1461813E+01  0.1329565E+01  0.1459205E+01  0.1508624E+01  0.1645123E+01  0.1507929E+01  0.1459872E+01
  0.1554834E+01  0.1753593E+01  0.1573754E+01  0.1663269E+01  0.1510467E+01  0.1616214E+01  0.1780822E+01  0.1728737E+01  0.1578779E+01  0.1592459E+01
  0.1595598E+01  0.1548450E+01  0.1638386E+01  0.1608948E+01  0.1649046E+01  0.1430734E+01  0.1474720E+01  0.1420686E+01  0.1553742E+01  0.1313029E+01
  0.1578841E+01  0.1398636E+01  0.1332009E+01  0.1334672E+01  0.1354285E+01  0.1463477E+01  0.1291538E+01  0.1298698E+01  0.1361588E+01  0.1373844E+01
  0.1376428E+01  0.1315765E+01  0.1400227E+01  0.1471604E+01  0.1441202E+01  0.1220389E+01  0.1431429E+01  0.1305289E+01  0.1273251E+01  0.1355916E+01
  0.1116853E+01  0.1254619E+01  0.1311600E+01  0.1424548E+01  0.1327540E+01  0.1366542E+01  0.1276478E+01  0.1466731E+01  0.1200310E+01  0.1198762E+01
  0.1268037E+01  0.1225200E+01  0.1357123E+01  0.1259296E+01  0.1253140E+01  0.1245666E+01  0.1251640E+01  0.1356132E+01  0.1242798E+01  0.1402583E+01
  0.1294077E+01  0.1192795E+01  0.1191508E+01  0.1216305E+01  0.1205295E+01  0.1233297E+01  0.1293158E+01  0.1301813E+01  0.1201855E+01  0.1349174E+01
  0.1345047E+01  0.1386330E+01  0.1378492E+01  0.1383326E+01  0.1268956E+01  0.1391193E+01  0.1222122E+01  0.1444648E+01  0.1323710E+01  0.1679328E+01
  0.1382899E+01  0.1202347E+01  0.1717032E+01  0.1375130E+01  0.1361155E+01  0.1183432E+01  0.1210935E+01  0.1136428E+01  0.1642550E+01  0.1289406E+01
  0.1411403E+01  0.1383640E+01  0.1287811E+01  0.1473714E+01  0.1384493E+01  0.1270710E+01  0.1332664E+01  0.1383459E+01  0.1266760E+01  0.1197079E+01
  0.1169222E+01  0.1424427E+01  0.1416016E+01  0.1224023E+01  0.1217156E+01  0.1158639E+01  0.1103890E+01  0.1098103E+01  0.1153632E+01  0.1396583E+01
  0.1119501E+01  0.1251790E+01  0.1236638E+01  0.1411843E+01  0.1336122E+01  0.1244875E+01  0.1211763E+01  0.1107770E+01  0.1367109E+01  0.1189262E+01
  0.1192851E+01  0.1361402E+01  0.1224956E+01  0.1260753E+01  0.1218590E+01  0.1339617E+01  0.1246218E+01  0.1310879E+01  0.1194029E+01  0.1235219E+01
  0.1294844E+01  0.1268333E+01  0.1184109E+01  0.1442388E+01  0.1510025E+01  0.1342420E+01  0.1449669E+01  0.1262376E+01  0.1197907E+01  0.1309840E+01
  0.1117118E+01  0.1265873E+01  0.1297759E+01  0.1318737E+01  0.1516036E+01  0.1260047E+01  0.1424832E+01  0.1216688E+01  0.1240711E+01  0.1247247E+01
  0.1241193E+01  0.1235441E+01  0.1158928E+01  0.1135493E+01  0.1231440E+01  0.1254015E+01  0.1157534E+01  0.1222588E+01  0.1240088E+01  0.1270341E+01
  0.1164344E+01  0.1219199E+01  0.1184739E+01  0.1177088E+01  0.1191446E+01  0.1287743E+01  0.1154197E+01  0.1347603E+01  0.1277812E+01  0.1228360E+01
  0.1382323E+01  0.1342137E+01  0.1277899E+01  0.1378932E+01  0.1241773E+01  0.1167065E+01  0.1242219E+01  0.1387484E+01  0.1379832E+01  0.1306593E+01
  0.1372629E+01  0.1351635E+01  0.1191596E+01  0.1361552E+01  0.1201174E+01  0.1297769E+01  0.1414166E+01  0.1384853E+01  0.1268104E+01  0.1237532E+01
  0.1141164E+01  0.1219461E+01  0.1255128E+01  0.1203998E+01  0.1287143E+01  0.1245812E+01  0.1380091E+01  0.1213396E+01  0.1241873E+01  0.1207957E+01
  0.1298093E+01  0.1435658E+01  0.1378073E+01  0.1329900E+01  0.1284933E+01  0.1233751E+01  0.1304527E+01  0.1366240E+01  0.1536371E+01  0.1467151E+01
  0.1653880E+01  0.1249198E+01  0.1221781E+01  0.1265814E+01  0.1144904E+01  0.1204576E+01  0.1445698E+01  0.1247896E+01  0.1367853E+01  0.1423103E+01
  0.1266689E+01  0.1326863E+01  0.1456248E+01  0.1368118E+01  0.1330565E+01  0.1538560E+01  0.1404828E+01  0.1313709E+01  0.1344458E+01  0.1367302E+01
  0.1303140E+01  0.1440957E+01  0.1291994E+01  0.1372200E+01  0.1321714E+01  0.1374877E+01  0.1581351E+01  0.1341717E+01  0.1489921E+01  0.1476463E+01
  0.1501096E+01  0.1942369E+01  0.1471950E+01  0.1688279E+01  0.1255185E+01  0.1382076E+01  0.1528751E+01  0.1428792E+01  0.1377733E+01  0.1380956E+01
  0.1352847E+01  0.1330575E+01  0.1387853E+01  0.1577224E+01  0.1530457E+01  0.1398006E+01  0.1332378E+01  0.1489472E+01  0.1466302E+01  0.1485875E+01
  0.1415984E+01  0.1678078E+01  0.1513413E+01  0.1441798E+01  0.1452775E+01  0.1249793E+01  0.1409207E+01  0.1360225E+01  0.1394943E+01  0.1160003E+01
  0.1385682E+01  0.1288712E+01  0.1355231E+01  0.1318319E+01  0.1396121E+01  0.1463723E+01  0.1384680E+01  0.1573237E+01  0.1569676E+01  0.1366566E+01
  0.1443008E+01  0.1521562E+01  0.1396889E+01  0.1389649E+01  0.1432008E+01  0.1621233E+01  0.1205397E+01  0.1270205E+01  0.1384795E+01  0.1275724E+01
  0.1265087E+01  0.1338427E+01  0.1449062E+01  0.1536763E+01  0.1597899E+01  0.1466451E+01  0.1498939E+01  0.1574322E+01  0.1468653E+01  0.1416395E+01
  0.1477533E+01  0.1397102E+01  0.1324418E+01  0.1682815E+01  0.1414919E+01  0.1343445E+01  0.1485776E+01  0.1472069E+01  0.1359914E+01  0.1471158E+01
  0.1337440E+01  0.1340665E+01  0.1650537E+01  0.1395110E+01  0.1443377E+01  0.1415272E+01  0.1461344E+01  0.1383523E+01  0.1477095E+01  0.1364186E+01
  0.1677938E+01  0.1318655E+01  0.1460070E+01  0.1716640E+01  0.1503456E+01  0.1554998E+01  0.1387796E+01  0.1462196E+01  0.1269297E+01  0.1436314E+01
  0.1624240E+01  0.1384769E+01  0.1527350E+01  0.1393704E+01  0.1518007E+01  0.1399001E+01  0.1622961E+01  0.1581421E+01  0.1506236E+01  0.1540401E+01
  0.1370454E+01  0.1418582E+01  0.1561182E+01  0.1559643E+01  0.1399428E+01  0.1390953E+01  0.1445740E+01  0.1516743E+01  0.1569938E+01  0.1578057E+01
  0.1382191E+01  0.1673137E+01  0.1362464E+01  0.1518067E+01  0.1567395E+01  0.1641547E+01  0.1433932E+01  0.1343817E+01  0.1306811E+01  0.1329311E+01
  0.1532641E+01  0.1562100E+01  0.1688792E+01  0.1466063E+01  0.2213210E+01  0.1401192E+01  0.1533257E+01  0.1422572E+01  0.1381182E+01  0.1599953E+01
  0.1597237E+01  0.1859247E+01  0.1661013E+01  0.1910569E+01  0.1528229E+01  0.1570443E+01  0.1572359E+01  0.1658286E+01  0.1603043E+01  0.1615421E+01
  0.1333349E+01  0.1409335E+01  0.1488516E+01  0.1321476E+01  0.1566588E+01  0.1574988E+01  0.1454099E+01  0.1324449E+01  0.1552933E+01  0.1733982E+01
  0.1550507E+01  0.1498479E+01  0.1463631E+01  0.1632873E+01  0.1512077E+01  0.1411903E+01  0.1341032E+01  0.1450435E+01  0.1473958E+01  0.1484768E+01
  0.1304383E+01  0.1353722E+01  0.1390462E+01  0.1477720E+01  0.1364567E+01  0.1498612E+01  0.1520413E+01  0.1697848E+01  0.1519376E+01  0.1414398E+01
  0.1374342E+01  0.1447739E+01  0.1288515E+01  0.1406548E+01  0.1300605E+01  0.1406642E+01  0.1374218E+01  0.1475773E+01  0.1547380E+01  0.1419919E+01
  0.1574609E+01  0.1338612E+01  0.1402708E+01  0.1479873E+01  0.1715958E+01  0.1408454E+01  0.1606514E+01  0.1546647E+01  0.1625485E+01  0.1488127E+01
  0.1671452E+01  0.1618044E+01  0.1580475E+01  0.1548155E+01  0.1474554E+01  0.1517976E+01  0.1464122E+01  0.1891326E+01  0.1529059E+01  0.1512834E+01
  0.1450024E+01  0.1725888E+01  0.1565399E+01  0.1494709E+01  0.1515374E+01  0.1645336E+01  0.1531368E+01  0.1633837E+01  0.1506408E+01  0.1581000E+01
  0.1311649E+01  0.1581547E+01  0.1814610E+01  0.1745153E+01  0.1475324E+01  0.1782644E+01  0.1586559E+01  0.1599529E+01  0.1567698E+01  0.1499821E+01
  0.1472939E+01  0.1847323E+01  0.1421164E+01  0.1740847E+01  0.1611772E+01  0.1639953E+01  0.1563635E+01  0.1459221E+01  0.1524805E+01  0.1544705E+01
  0.1506501E+01  0.1608020E+01  0.1482818E+01  0.1591134E+01  0.1787293E+01  0.1822140E+01  0.1681273E+01  0.1480371E+01  0.1486204E+01  0.1595371E+01
  0.1694868E+01  0.1503912E+01  0.1578241E+01  0.1494455E+01  0.1849368E+01  0.1683302E+01  0.1583895E+01  0.1556743E+01  0.1457719E+01  0.1469038E+01
  0.1303067E+01  0.1327221E+01  0.1596662E+01  0.1590963E+01  0.1492190E+01  0.1788930E+01  0.1469693E+01  0.1574998E+01  0.1403932E+01  0.1731488E+01
  0.1556302E+01  0.1452429E+01  0.1389601E+01  0.1725542E+01  0.1893604E+01  0.1431250E+01  0.1462164E+01  0.1312620E+01  0.1586136E+01  0.1425804E+01
  0.1454985E+01  0.1549544E+01  0.1539582E+01  0.1461581E+01  0.1544302E+01  0.1672412E+01  0.1777256E+01  0.1823730E+01  0.1747218E+01  0.1749542E+01
  0.1659057E+01  0.1554165E+01  0.1722750E+01  0.1451093E+01  0.1540070E+01  0.1430189E+01  0.1414606E+01  0.1509386E+01  0.1505732E+01  0.1981711E+01
  0.1769171E+01  0.1817437E+01  0.1548640E+01  0.1518337E+01  0.1770475E+01  0.1534430E+01  0.1335853E+01  0.1365115E+01  0.1487096E+01  0.1836693E+01
  0.1556798E+01  0.1405402E+01  0.1973983E+01  0.1534608E+01  0.1866318E+01  0.1627239E+01  0.1536982E+01  0.1571160E+01  0.1398104E+01  0.1550220E+01
  0.1508435E+01  0.1397519E+01  0.1499149E+01  0.1519087E+01  0.1502653E+01  0.1692146E+01  0.1539081E+01  0.1789440E+01  0.2090012E+01  0.1820889E+01
  0.1765804E+01  0.1642087E+01  0.1588387E+01  0.1614724E+01  0.1565585E+01  0.1656503E+01  0.1450356E+01  0.1488212E+01  0.1470519E+01  0.1509815E+01
  0.1497415E+01  0.1532064E+01  0.1628115E+01  0.1409350E+01  0.1396912E+01  0.1534669E+01  0.1511737E+01  0.1633347E+01  0.1457742E+01  0.1534772E+01
  0.1621181E+01  0.1550165E+01  0.1791502E+01  0.1499482E+01  0.1830476E+01  0.1490780E+01  0.1566482E+01  0.1677508E+01  0.1679665E+01  0.2041748E+01
  0.1423235E+01  0.1423821E+01  0.1492122E+01  0.1440525E+01  0.1807392E+01  0.1771405E+01  0.1488656E+01  0.1921817E+01  0.1412007E+01  0.1424982E+01
  0.1454464E+01  0.1550386E+01  0.1576315E+01  0.1879717E+01  0.1506859E+01  0.1506400E+01  0.1503920E+01  0.1580342E+01  0.1455570E+01  0.1486279E+01
  0.1604583E+01  0.1590540E+01  0.1640109E+01  0.1477091E+01  0.1458190E+01  0.1526097E+01  0.1470665E+01  0.1546249E+01  0.1745963E+01  0.1525427E+01
  0.1518284E+01  0.1364105E+01  0.1543539E+01  0.1738200E+01  0.1566155E+01  0.1475137E+01  0.1495593E+01  0.1388794E+01  0.1595035E+01  0.1680847E+01
  0.1655551E+01  0.1587173E+01  0.1846311E+01  0.1442103E+01  0.1520622E+01  0.1602831E+01  0.1573761E+01  0.1556294E+01  0.1751769E+01  0.1696674E+01
  0.1675995E+01  0.1601104E+01  0.1681379E+01  0.1636313E+01  0.1701358E+01  0.1910940E+01  0.1762414E+01  0.1526248E+01  0.1484707E+01  0.1794347E+01
  0.1469591E+01  0.1600377E+01  0.1652353E+01  0.1638702E+01  0.1489567E+01  0.1545004E+01  0.1467450E+01  0.1455893E+01  0.1396946E+01  0.1475497E+01
  0.1510491E+01  0.1586049E+01  0.1808378E+01  0.1431261E+01  0.1444862E+01  0.1611684E+01  0.1471621E+01  0.1837683E+01  0.1592517E+01  0.1481048E+01
  0.1711121E+01  0.1689988E+01  0.1698628E+01  0.1488827E+01  0.1509397E+01  0.1457646E+01  0.1432219E+01  0.1474962E+01  0.1424131E+01  0.1340601E+01
  0.1411164E+01  0.1544394E+01  0.1355866E+01  0.1475553E+01  0.1421970E+01  0.1595073E+01  0.1396949E+01  0.1641774E+01  0.1379880E+01  0.1536255E+01
  0.1482082E+01  0.1474127E+01  0.1473256E+01  0.1485559E+01  0.1518822E+01  0.1469493E+01  0.1460954E+01  0.2090213E+01  0.1631718E+01  0.1502980E+01
  0.1567594E+01  0.1523383E+01  0.1718708E+01  0.1545495E+01  0.1668687E+01  0.1605260E+01  0.1741548E+01  0.1690179E+01  0.1547986E+01  0.1654100E+01
  0.1392213E+01  0.1511286E+01  0.1676315E+01  0.1461379E+01  0.1559883E+01  0.1426370E+01  0.1367866E+01  0.1415857E+01  0.1361430E+01  0.1424024E+01
  0.1520523E+01  0.1850125E+01  0.1792853E+01  0.1590859E+01  0.1430848E+01  0.1623526E+01  0.1320154E+01  0.1359520E+01  0.1539151E+01  0.1382439E+01
  0.1361811E+01  0.1520479E+01  0.1417220E+01  0.1413201E+01  0.1478490E+01  0.1418635E+01  0.1564298E+01  0.1395448E+01  0.1391718E+01  0.1346232E+01
  0.1736183E+01  0.1423437E+01  0.1576369E+01  0.1500882E+01  0.1489900E+01  0.1657259E+01  0.1505328E+01  0.1391430E+01  0.1449339E+01  0.1584566E+01
  0.1506357E+01  0.1323645E+01  0.1549973E+01  0.1383541E+01  0.1821355E+01  0.1698710E+01  0.1663217E+01  0.1832072E+01  0.1524122E+01  0.1459797E+01
  0.1444889E+01  0.1646923E+01  0.1591976E+01  0.1662150E+01  0.1617982E+01  0.1491006E+01  0.1585922E+01  0.1719150E+01  0.1658002E+01  0.1366849E+01
  0.1683744E+01  0.1670532E+01  0.1477883E+01  0.1458759E+01  0.1532719E+01  0.1683637E+01  0.1838290E+01  0.1543598E+01  0.1529820E+01  0.1662281E+01
  0.1570498E+01  0.1639057E+01  0.1793179E+01  0.1668335E+01  0.1742150E+01  0.1699047E+01  0.1413882E+01  0.1458143E+01  0.1408851E+01  0.1432794E+01
  0.1626688E+01  0.1399104E+01  0.1473153E+01  0.1451589E+01  0.1379016E+01  0.1557736E+01  0.1352290E+01  0.1568763E+01  0.1536029E+01  0.1442301E+01
  0.1407516E+01  0.1414583E+01  0.1682851E+01  0.1448898E+01  0.1351813E+01  0.1418485E+01  0.1869600E+01  0.1685662E+01  0.1435575E+01  0.1562736E+01
  0.1474335E+01  0.1452246E+01  0.1585550E+01  0.1614455E+01  0.1306878E+01  0.1360290E+01  0.1274655E+01  0.1277576E+01  0.1315323E+01  0.1304604E+01
  0.1524636E+01  0.1434422E+01  0.1419551E+01  0.1565785E+01  0.1724674E+01  0.1326556E+01  0.1469120E+01  0.1374286E+01  0.1403304E+01  0.1650089E+01
  0.1582761E+01  0.1525734E+01  0.1441405E+01  0.1442428E+01  0.1456820E+01  0.1419704E+01  0.1617733E+01  0.1381516E+01  0.1374088E+01  0.1378204E+01
  0.1497880E+01  0.1536795E+01  0.1383988E+01  0.1391500E+01  0.1616847E+01  0.1666631E+01  0.1452207E+01  0.1498229E+01  0.1339681E+01  0.1431745E+01
  0.1456700E+01  0.1533784E+01  0.1492001E+01  0.1469834E+01  0.1544026E+01  0.1640159E+01  0.1847105E+01  0.1586051E+01  0.1938442E+01  0.1888761E+01
  0.1644722E+01  0.1595507E+01  0.1851653E+01  0.1582026E+01  0.1589987E+01  0.1720569E+01  0.1513016E+01  0.1778274E+01  0.1481373E+01  0.1441859E+01
  0.1506423E+01  0.1463759E+01  0.1423781E+01  0.1367292E+01  0.1517025E+01  0.1410338E+01  0.1502326E+01  0.1419490E+01  0.1500332E+01  0.1640487E+01
  0.1617219E+01  0.1553694E+01  0.1560705E+01  0.1558502E+01  0.1515835E+01  0.1579041E+01  0.1550717E+01  0.1689251E+01  0.1593567E+01  0.1609579E+01
  0.1741060E+01  0.1375275E+01  0.1517316E+01  0.1338044E+01  0.1583710E+01  0.1425175E+01  0.1451764E+01  0.1418718E+01  0.1671076E+01  0.1693573E+01
  0.1633679E+01  0.1521948E+01  0.1477694E+01  0.1395630E+01  0.1507326E+01  0.1623802E+01  0.1646435E+01  0.1902922E+01  0.1705808E+01  0.1487199E+01
  0.1798009E+01
