Sullivan, ncar, case sb1 125x125x128, two-part vis                              
  128
  0.1562500E+01  0.4687500E+01  0.7812500E+01  0.1093750E+02  0.1406250E+02  0.1718750E+02  0.2031250E+02  0.2343750E+02  0.2656250E+02  0.2968750E+02
  0.3281250E+02  0.3593750E+02  0.3906250E+02  0.4218750E+02  0.4531250E+02  0.4843750E+02  0.5156250E+02  0.5468750E+02  0.5781250E+02  0.6093750E+02
  0.6406250E+02  0.6718750E+02  0.7031250E+02  0.7343750E+02  0.7656250E+02  0.7968750E+02  0.8281250E+02  0.8593750E+02  0.8906250E+02  0.9218750E+02
  0.9531250E+02  0.9843750E+02  0.1015625E+03  0.1046875E+03  0.1078125E+03  0.1109375E+03  0.1140625E+03  0.1171875E+03  0.1203125E+03  0.1234375E+03
  0.1265625E+03  0.1296875E+03  0.1328125E+03  0.1359375E+03  0.1390625E+03  0.1421875E+03  0.1453125E+03  0.1484375E+03  0.1515625E+03  0.1546875E+03
  0.1578125E+03  0.1609375E+03  0.1640625E+03  0.1671875E+03  0.1703125E+03  0.1734375E+03  0.1765625E+03  0.1796875E+03  0.1828125E+03  0.1859375E+03
  0.1890625E+03  0.1921875E+03  0.1953125E+03  0.1984375E+03  0.2015625E+03  0.2046875E+03  0.2078125E+03  0.2109375E+03  0.2140625E+03  0.2171875E+03
  0.2203125E+03  0.2234375E+03  0.2265625E+03  0.2296875E+03  0.2328125E+03  0.2359375E+03  0.2390625E+03  0.2421875E+03  0.2453125E+03  0.2484375E+03
  0.2515625E+03  0.2546875E+03  0.2578125E+03  0.2609375E+03  0.2640625E+03  0.2671875E+03  0.2703125E+03  0.2734375E+03  0.2765625E+03  0.2796875E+03
  0.2828125E+03  0.2859375E+03  0.2890625E+03  0.2921875E+03  0.2953125E+03  0.2984375E+03  0.3015625E+03  0.3046875E+03  0.3078125E+03  0.3109375E+03
  0.3140625E+03  0.3171875E+03  0.3203125E+03  0.3234375E+03  0.3265625E+03  0.3296875E+03  0.3328125E+03  0.3359375E+03  0.3390625E+03  0.3421875E+03
  0.3453125E+03  0.3484375E+03  0.3515625E+03  0.3546875E+03  0.3578125E+03  0.3609375E+03  0.3640625E+03  0.3671875E+03  0.3703125E+03  0.3734375E+03
  0.3765625E+03  0.3796875E+03  0.3828125E+03  0.3859375E+03  0.3890625E+03  0.3921875E+03  0.3953125E+03  0.3984375E+03
  0.1672569E+01  0.2319593E+01  0.2665334E+01  0.2937671E+01  0.3165274E+01  0.3363693E+01  0.3539587E+01  0.3698894E+01  0.3846892E+01  0.3986123E+01
  0.4117655E+01  0.4242453E+01  0.4362463E+01  0.4478324E+01  0.4592061E+01  0.4704178E+01  0.4816904E+01  0.4926957E+01  0.5039608E+01  0.5150812E+01
  0.5260162E+01  0.5366802E+01  0.5473780E+01  0.5580681E+01  0.5686970E+01  0.5793168E+01  0.5899351E+01  0.6005013E+01  0.6109440E+01  0.6213296E+01
  0.6316584E+01  0.6419563E+01  0.6522215E+01  0.6622979E+01  0.6722050E+01  0.6820894E+01  0.6919265E+01  0.7017969E+01  0.7115749E+01  0.7212605E+01
  0.7310757E+01  0.7408753E+01  0.7506361E+01  0.7603865E+01  0.7701473E+01  0.7799750E+01  0.7899535E+01  0.8000702E+01  0.8101340E+01  0.8201813E+01
  0.8303862E+01  0.8406333E+01  0.8507399E+01  0.8605669E+01  0.8701784E+01  0.8796391E+01  0.8888344E+01  0.8976054E+01  0.9057427E+01  0.9131636E+01
  0.9193272E+01  0.9238701E+01  0.9267761E+01  0.9277313E+01  0.9269020E+01  0.9241394E+01  0.9194195E+01  0.9128658E+01  0.9046127E+01  0.8950796E+01
  0.8843789E+01  0.8726294E+01  0.8598616E+01  0.8462410E+01  0.8323282E+01  0.8186732E+01  0.8071012E+01  0.8004818E+01  0.7995213E+01  0.8003017E+01
  0.8003780E+01  0.8002470E+01  0.8002172E+01  0.8002129E+01  0.8002111E+01  0.8002098E+01  0.8002092E+01  0.8002047E+01  0.8001976E+01  0.8001910E+01
  0.8001833E+01  0.8001719E+01  0.8001591E+01  0.8001518E+01  0.8001472E+01  0.8001431E+01  0.8001333E+01  0.8001244E+01  0.8001170E+01  0.8001104E+01
  0.8001070E+01  0.8001049E+01  0.8001045E+01  0.8001068E+01  0.8001094E+01  0.8001125E+01  0.8001121E+01  0.8001122E+01  0.8001123E+01  0.8001106E+01
  0.8001068E+01  0.8001021E+01  0.8001013E+01  0.8000986E+01  0.8001053E+01  0.8000977E+01  0.8000968E+01  0.8000849E+01  0.8000906E+01  0.8000809E+01
  0.8000870E+01  0.8000813E+01  0.8000841E+01  0.8000871E+01  0.8000848E+01  0.8001043E+01  0.8000590E+01  0.8000797E+01
  0.1207577E+01  0.1665282E+01  0.1904709E+01  0.2079547E+01  0.2214508E+01  0.2324071E+01  0.2416890E+01  0.2497155E+01  0.2567177E+01  0.2631241E+01
  0.2692648E+01  0.2750457E+01  0.2803122E+01  0.2851260E+01  0.2897938E+01  0.2942903E+01  0.2986698E+01  0.3027027E+01  0.3063696E+01  0.3094651E+01
  0.3121690E+01  0.3144550E+01  0.3164739E+01  0.3183029E+01  0.3199876E+01  0.3215735E+01  0.3230849E+01  0.3244371E+01  0.3256485E+01  0.3267516E+01
  0.3275864E+01  0.3281612E+01  0.3284617E+01  0.3285753E+01  0.3285175E+01  0.3282007E+01  0.3276604E+01  0.3267587E+01  0.3254433E+01  0.3239394E+01
  0.3223039E+01  0.3204580E+01  0.3183743E+01  0.3160592E+01  0.3133847E+01  0.3102231E+01  0.3066818E+01  0.3025827E+01  0.2979054E+01  0.2928211E+01
  0.2873391E+01  0.2813873E+01  0.2748302E+01  0.2675097E+01  0.2592239E+01  0.2497940E+01  0.2392148E+01  0.2275602E+01  0.2149775E+01  0.2014070E+01
  0.1866703E+01  0.1709552E+01  0.1546498E+01  0.1380227E+01  0.1212923E+01  0.1046718E+01  0.8854118E+00  0.7318333E+00  0.5906463E+00  0.4639856E+00
  0.3517766E+00  0.2561770E+00  0.1765186E+00  0.1131457E+00  0.6604437E-01  0.3391464E-01  0.1525034E-01  0.2998476E-02  0.1211251E-02  0.6990742E-03
  0.9458408E-03  0.1216432E-02  0.1134059E-02  0.8721096E-03  0.6802568E-03  0.5856593E-03  0.5677023E-03  0.5508057E-03  0.5366121E-03  0.5406129E-03
  0.5340694E-03  0.5363519E-03  0.5765503E-03  0.6157702E-03  0.5877525E-03  0.5175231E-03  0.4745015E-03  0.4575617E-03  0.4643580E-03  0.4889039E-03
  0.5282030E-03  0.5432525E-03  0.5241394E-03  0.5235320E-03  0.5474196E-03  0.5600363E-03  0.5565662E-03  0.5256784E-03  0.4819291E-03  0.4479125E-03
  0.4492817E-03  0.4602164E-03  0.4956131E-03  0.5264859E-03  0.5542397E-03  0.5893089E-03  0.5513736E-03  0.6118031E-03  0.4876443E-03  0.5770620E-03
  0.4027093E-03  0.3791423E-03  0.3194350E-03  0.6403917E-04  0.2163880E-03 -0.1125359E-03  0.2731423E-03  0.5661736E-03
  0.2634247E+03  0.2635664E+03  0.2636223E+03  0.2636618E+03  0.2636938E+03  0.2637212E+03  0.2637459E+03  0.2637681E+03  0.2637889E+03  0.2638086E+03
  0.2638269E+03  0.2638448E+03  0.2638626E+03  0.2638783E+03  0.2638953E+03  0.2639114E+03  0.2639275E+03  0.2639436E+03  0.2639586E+03  0.2639740E+03
  0.2639894E+03  0.2640048E+03  0.2640209E+03  0.2640356E+03  0.2640515E+03  0.2640665E+03  0.2640816E+03  0.2640972E+03  0.2641123E+03  0.2641280E+03
  0.2641438E+03  0.2641590E+03  0.2641755E+03  0.2641917E+03  0.2642081E+03  0.2642246E+03  0.2642416E+03  0.2642585E+03  0.2642749E+03  0.2642924E+03
  0.2643104E+03  0.2643289E+03  0.2643476E+03  0.2643666E+03  0.2643867E+03  0.2644078E+03  0.2644289E+03  0.2644511E+03  0.2644742E+03  0.2644982E+03
  0.2645240E+03  0.2645506E+03  0.2645796E+03  0.2646093E+03  0.2646420E+03  0.2646772E+03  0.2647153E+03  0.2647551E+03  0.2647998E+03  0.2648473E+03
  0.2648992E+03  0.2649549E+03  0.2650140E+03  0.2650752E+03  0.2651396E+03  0.2652073E+03  0.2652798E+03  0.2653552E+03  0.2654358E+03  0.2655211E+03
  0.2656114E+03  0.2657090E+03  0.2658127E+03  0.2659223E+03  0.2660348E+03  0.2661475E+03  0.2662568E+03  0.2663553E+03  0.2664349E+03  0.2664924E+03
  0.2665318E+03  0.2665601E+03  0.2665844E+03  0.2666100E+03  0.2666382E+03  0.2666690E+03  0.2667011E+03  0.2667337E+03  0.2667657E+03  0.2667972E+03
  0.2668282E+03  0.2668590E+03  0.2668904E+03  0.2669219E+03  0.2669532E+03  0.2669842E+03  0.2670157E+03  0.2670467E+03  0.2670779E+03  0.2671089E+03
  0.2671403E+03  0.2671718E+03  0.2672031E+03  0.2672344E+03  0.2672654E+03  0.2672968E+03  0.2673278E+03  0.2673595E+03  0.2673905E+03  0.2674218E+03
  0.2674529E+03  0.2674843E+03  0.2675154E+03  0.2675465E+03  0.2675779E+03  0.2676090E+03  0.2676403E+03  0.2676720E+03  0.2677036E+03  0.2677351E+03
  0.2677670E+03  0.2677983E+03  0.2678284E+03  0.2678573E+03  0.2678845E+03  0.2679097E+03  0.2679337E+03  0.2679584E+03
