Siegfried Raasch  model version: PALM 2.6b  resolution: 3.125 m   Set E
         540
  6.0006600E+01   1.2001860E+02   1.8006900E+02   2.4000900E+02   3.0017300E+02   3.6020700E+02   4.2009200E+02   4.8023100E+02   5.4026900E+02   6.0028500E+02
  6.6012900E+02   7.2014100E+02   7.8028100E+02   8.4023600E+02   9.0011200E+02   9.6030500E+02   1.0200090E+03   1.0801810E+03   1.1403060E+03   1.2003350E+03
  1.2603750E+03   1.3201230E+03   1.3802540E+03   1.4402650E+03   1.5003380E+03   1.5601800E+03   1.6202510E+03   1.6800370E+03   1.7401810E+03   1.8001390E+03
  1.8602540E+03   1.9201410E+03   1.9801360E+03   2.0401030E+03   2.1002420E+03   2.1601130E+03   2.2202240E+03   2.2800250E+03   2.3401570E+03   2.4003340E+03
  2.4603330E+03   2.5202860E+03   2.5802390E+03   2.6400020E+03   2.7000320E+03   2.7601450E+03   2.8202660E+03   2.8800150E+03   2.9400010E+03   3.0001790E+03
  3.0601240E+03   3.1200000E+03   3.1800040E+03   3.2400560E+03   3.3000380E+03   3.3600440E+03   3.4200020E+03   3.4800150E+03   3.5400020E+03   3.6000620E+03
  3.6600520E+03   3.7201020E+03   3.7800100E+03   3.8400430E+03   3.9000750E+03   3.9600140E+03   4.0200960E+03   4.0801200E+03   4.1400050E+03   4.2000700E+03
  4.2600990E+03   4.3200800E+03   4.3801280E+03   4.4400320E+03   4.5001230E+03   4.5600360E+03   4.6200160E+03   4.6800230E+03   4.7400340E+03   4.8001050E+03
  4.8600380E+03   4.9200690E+03   4.9801260E+03   5.0401160E+03   5.1000520E+03   5.1600110E+03   5.2200990E+03   5.2800950E+03   5.3400810E+03   5.4000050E+03
  5.4601170E+03   5.5200450E+03   5.5800050E+03   5.6400930E+03   5.7000280E+03   5.7600030E+03   5.8200480E+03   5.8801150E+03   5.9400560E+03   6.0000510E+03
  6.0600760E+03   6.1200150E+03   6.1800160E+03   6.2400500E+03   6.3000250E+03   6.3601220E+03   6.4200580E+03   6.4801110E+03   6.5400320E+03   6.6001020E+03
  6.6600760E+03   6.7200910E+03   6.7800490E+03   6.8401100E+03   6.9000450E+03   6.9601000E+03   7.0200790E+03   7.0801180E+03   7.1400820E+03   7.2000300E+03
  7.2600500E+03   7.3201010E+03   7.3800590E+03   7.4400510E+03   7.5000710E+03   7.5600440E+03   7.6201060E+03   7.6800930E+03   7.7400900E+03   7.8000750E+03
  7.8600150E+03   7.9200590E+03   7.9800200E+03   8.0401120E+03   8.1000840E+03   8.1600430E+03   8.2200860E+03   8.2800520E+03   8.3400820E+03   8.4000020E+03
  8.4600700E+03   8.5200690E+03   8.5800510E+03   8.6400190E+03   8.7001040E+03   8.7600920E+03   8.8200200E+03   8.8800220E+03   8.9400720E+03   9.0000050E+03
  9.0600710E+03   9.1200270E+03   9.1800330E+03   9.2400090E+03   9.3000200E+03   9.3600810E+03   9.4200410E+03   9.4800400E+03   9.5400410E+03   9.6000650E+03
  9.6600320E+03   9.7200410E+03   9.7800700E+03   9.8400890E+03   9.9000120E+03   9.9600550E+03   1.0020080E+04   1.0080060E+04   1.0140080E+04   1.0200070E+04
  1.0260060E+04   1.0320090E+04   1.0380050E+04   1.0440090E+04   1.0500090E+04   1.0560010E+04   1.0620060E+04   1.0680030E+04   1.0740040E+04   1.0800030E+04
  1.0860010E+04   1.0920060E+04   1.0980040E+04   1.1040060E+04   1.1100070E+04   1.1160030E+04   1.1220050E+04   1.1280070E+04   1.1340070E+04   1.1400040E+04
  1.1460020E+04   1.1520040E+04   1.1580010E+04   1.1640020E+04   1.1700070E+04   1.1760030E+04   1.1820080E+04   1.1880080E+04   1.1940060E+04   1.2000020E+04
  1.2060040E+04   1.2120050E+04   1.2180080E+04   1.2240050E+04   1.2300040E+04   1.2360060E+04   1.2420010E+04   1.2480030E+04   1.2540080E+04   1.2600040E+04
  1.2660010E+04   1.2720070E+04   1.2780030E+04   1.2840020E+04   1.2900010E+04   1.2960070E+04   1.3020050E+04   1.3080010E+04   1.3140050E+04   1.3200020E+04
  1.3260050E+04   1.3320070E+04   1.3380010E+04   1.3440070E+04   1.3500020E+04   1.3560020E+04   1.3620060E+04   1.3680030E+04   1.3740030E+04   1.3800040E+04
  1.3860040E+04   1.3920020E+04   1.3980060E+04   1.4040020E+04   1.4100040E+04   1.4160030E+04   1.4220060E+04   1.4280010E+04   1.4340070E+04   1.4400010E+04
  1.4460030E+04   1.4520020E+04   1.4580040E+04   1.4640030E+04   1.4700020E+04   1.4760050E+04   1.4820060E+04   1.4880010E+04   1.4940060E+04   1.5000060E+04
  1.5060010E+04   1.5120060E+04   1.5180010E+04   1.5240040E+04   1.5300040E+04   1.5360070E+04   1.5420010E+04   1.5480060E+04   1.5540050E+04   1.5600010E+04
  1.5660030E+04   1.5720030E+04   1.5780010E+04   1.5840020E+04   1.5900050E+04   1.5960060E+04   1.6020040E+04   1.6080030E+04   1.6140030E+04   1.6200020E+04
  1.6260000E+04   1.6320020E+04   1.6380010E+04   1.6440010E+04   1.6500010E+04   1.6560060E+04   1.6620020E+04   1.6680020E+04   1.6740010E+04   1.6800030E+04
  1.6860030E+04   1.6920000E+04   1.6980010E+04   1.7040040E+04   1.7100070E+04   1.7160050E+04   1.7220030E+04   1.7280020E+04   1.7340060E+04   1.7400000E+04
  1.7460050E+04   1.7520040E+04   1.7580050E+04   1.7640000E+04   1.7700020E+04   1.7760020E+04   1.7820030E+04   1.7880040E+04   1.7940020E+04   1.8000060E+04
  1.8060030E+04   1.8120030E+04   1.8180060E+04   1.8240020E+04   1.8300060E+04   1.8360050E+04   1.8420030E+04   1.8480020E+04   1.8540050E+04   1.8600050E+04
  1.8660030E+04   1.8720050E+04   1.8780050E+04   1.8840010E+04   1.8900050E+04   1.8960040E+04   1.9020030E+04   1.9080010E+04   1.9140000E+04   1.9200040E+04
  1.9260040E+04   1.9320000E+04   1.9380050E+04   1.9440060E+04   1.9500040E+04   1.9560010E+04   1.9620040E+04   1.9680050E+04   1.9740060E+04   1.9800010E+04
  1.9860050E+04   1.9920030E+04   1.9980000E+04   2.0040070E+04   2.0100030E+04   2.0160030E+04   2.0220060E+04   2.0280050E+04   2.0340040E+04   2.0400040E+04
  2.0460060E+04   2.0520050E+04   2.0580040E+04   2.0640020E+04   2.0700000E+04   2.0760060E+04   2.0820030E+04   2.0880050E+04   2.0940030E+04   2.1000060E+04
  2.1060010E+04   2.1120060E+04   2.1180050E+04   2.1240010E+04   2.1300030E+04   2.1360030E+04   2.1420010E+04   2.1480040E+04   2.1540010E+04   2.1600020E+04
  2.1660030E+04   2.1720040E+04   2.1780030E+04   2.1840040E+04   2.1900050E+04   2.1960040E+04   2.2020040E+04   2.2080000E+04   2.2140040E+04   2.2200010E+04
  2.2260040E+04   2.2320020E+04   2.2380060E+04   2.2440040E+04   2.2500010E+04   2.2560020E+04   2.2620040E+04   2.2680000E+04   2.2740000E+04   2.2800060E+04
  2.2860000E+04   2.2920040E+04   2.2980030E+04   2.3040040E+04   2.3100060E+04   2.3160020E+04   2.3220020E+04   2.3280030E+04   2.3340010E+04   2.3400070E+04
  2.3460030E+04   2.3520040E+04   2.3580060E+04   2.3640030E+04   2.3700050E+04   2.3760020E+04   2.3820030E+04   2.3880060E+04   2.3940020E+04   2.4000030E+04
  2.4060060E+04   2.4120050E+04   2.4180040E+04   2.4240010E+04   2.4300050E+04   2.4360010E+04   2.4420020E+04   2.4480070E+04   2.4540060E+04   2.4600020E+04
  2.4660030E+04   2.4720050E+04   2.4780040E+04   2.4840030E+04   2.4900030E+04   2.4960020E+04   2.5020030E+04   2.5080050E+04   2.5140010E+04   2.5200010E+04
  2.5260020E+04   2.5320050E+04   2.5380060E+04   2.5440030E+04   2.5500010E+04   2.5560060E+04   2.5620040E+04   2.5680010E+04   2.5740060E+04   2.5800050E+04
  2.5860010E+04   2.5920030E+04   2.5980030E+04   2.6040010E+04   2.6100000E+04   2.6160030E+04   2.6220040E+04   2.6280000E+04   2.6340060E+04   2.6400010E+04
  2.6460060E+04   2.6520050E+04   2.6580050E+04   2.6640010E+04   2.6700060E+04   2.6760000E+04   2.6820030E+04   2.6880060E+04   2.6940040E+04   2.7000020E+04
  2.7060040E+04   2.7120040E+04   2.7180040E+04   2.7240050E+04   2.7300010E+04   2.7360000E+04   2.7420040E+04   2.7480040E+04   2.7540030E+04   2.7600010E+04
  2.7660060E+04   2.7720060E+04   2.7780060E+04   2.7840030E+04   2.7900020E+04   2.7960000E+04   2.8020020E+04   2.8080020E+04   2.8140030E+04   2.8200060E+04
  2.8260020E+04   2.8320020E+04   2.8380050E+04   2.8440020E+04   2.8500050E+04   2.8560040E+04   2.8620050E+04   2.8680040E+04   2.8740030E+04   2.8800020E+04
  2.8860020E+04   2.8920040E+04   2.8980060E+04   2.9040020E+04   2.9100020E+04   2.9160040E+04   2.9220000E+04   2.9280020E+04   2.9340040E+04   2.9400060E+04
  2.9460040E+04   2.9520050E+04   2.9580040E+04   2.9640020E+04   2.9700040E+04   2.9760000E+04   2.9820070E+04   2.9880020E+04   2.9940060E+04   3.0000050E+04
  3.0060010E+04   3.0120060E+04   3.0180050E+04   3.0240050E+04   3.0300030E+04   3.0360000E+04   3.0420050E+04   3.0480050E+04   3.0540030E+04   3.0600060E+04
  3.0660050E+04   3.0720020E+04   3.0780030E+04   3.0840030E+04   3.0900060E+04   3.0960030E+04   3.1020030E+04   3.1080000E+04   3.1140040E+04   3.1200020E+04
  3.1260070E+04   3.1320010E+04   3.1380010E+04   3.1440040E+04   3.1500020E+04   3.1560060E+04   3.1620060E+04   3.1680030E+04   3.1740060E+04   3.1800060E+04
  3.1860060E+04   3.1920050E+04   3.1980050E+04   3.2040040E+04   3.2100040E+04   3.2160010E+04   3.2220040E+04   3.2280030E+04   3.2340020E+04   3.2400020E+04
  1.1513160E+01   1.4802630E+01   1.4802630E+01   1.8092110E+01   1.8092110E+01   2.1381580E+01   2.1381580E+01   2.1381580E+01   2.4671050E+01   2.4671050E+01
  2.4671050E+01   2.7960530E+01   2.7960530E+01   2.7960530E+01   2.7960530E+01   2.7960530E+01   3.1250000E+01   3.1250000E+01   3.1250000E+01   3.1250000E+01
  3.1250000E+01   3.1250000E+01   3.4539470E+01   3.4539470E+01   3.4539470E+01   3.4539470E+01   3.4539470E+01   3.4539470E+01   3.4539470E+01   3.7828950E+01
  3.7828950E+01   3.7828950E+01   3.7828950E+01   3.7828950E+01   3.7828950E+01   3.7828950E+01   3.7828950E+01   3.7828950E+01   4.1118420E+01   4.1118420E+01
  4.1118420E+01   4.1118420E+01   4.1118420E+01   4.1118420E+01   4.1118420E+01   4.4407890E+01   4.4407890E+01   4.4407890E+01   4.4407890E+01   4.7697370E+01
  6.4144740E+01   7.4013160E+01   8.0592110E+01   8.0592110E+01   8.7171050E+01   9.7039470E+01   1.0690790E+02   1.1677630E+02   1.2335530E+02   1.2993420E+02
  1.2664470E+02   1.2993420E+02   1.3651320E+02   1.2993420E+02   1.3322370E+02   1.3322370E+02   1.3980260E+02   1.3980260E+02   1.2993420E+02   1.3322370E+02
  1.3322370E+02   1.3322370E+02   1.3322370E+02   1.2664470E+02   1.3651320E+02   1.3980260E+02   1.3651320E+02   1.3980260E+02   1.3651320E+02   1.4638160E+02
  1.4967110E+02   1.3980260E+02   1.3980260E+02   1.3980260E+02   1.4309210E+02   1.4309210E+02   1.4309210E+02   1.4967110E+02   1.4638160E+02   1.4967110E+02
  1.4638160E+02   1.4967110E+02   1.5625000E+02   1.5625000E+02   1.4309210E+02   1.3651320E+02   1.5296050E+02   1.5625000E+02   1.5296050E+02   1.5296050E+02
  1.5625000E+02   1.5625000E+02   1.4967110E+02   1.5625000E+02   1.5296050E+02   1.4638160E+02   1.4309210E+02   1.4967110E+02   1.5296050E+02   1.5953950E+02
  1.5625000E+02   1.5296050E+02   1.5296050E+02   1.5953950E+02   1.6282890E+02   1.5953950E+02   1.5953950E+02   1.6282890E+02   1.5953950E+02   1.5625000E+02
  1.5953950E+02   1.5953950E+02   1.6282890E+02   1.5953950E+02   1.5953950E+02   1.6282890E+02   1.5625000E+02   1.5296050E+02   1.5296050E+02   1.5296050E+02
  1.5953950E+02   1.5953950E+02   1.5625000E+02   1.5625000E+02   1.5296050E+02   1.5296050E+02   1.5625000E+02   1.5625000E+02   1.5953950E+02   1.6282890E+02
  1.5953950E+02   1.5953950E+02   1.5953950E+02   1.6282890E+02   1.6611840E+02   1.6282890E+02   1.5953950E+02   1.5953950E+02   1.6611840E+02   1.5953950E+02
  1.6611840E+02   1.5625000E+02   1.6611840E+02   1.6611840E+02   1.6940790E+02   1.6611840E+02   1.6611840E+02   1.6611840E+02   1.6940790E+02   1.6940790E+02
  1.6940790E+02   1.6611840E+02   1.6940790E+02   1.6940790E+02   1.6940790E+02   1.7269740E+02   1.7269740E+02   1.7269740E+02   1.6940790E+02   1.6940790E+02
  1.6611840E+02   1.6282890E+02   1.6282890E+02   1.6611840E+02   1.7269740E+02   1.6940790E+02   1.6611840E+02   1.5953950E+02   1.6282890E+02   1.6611840E+02
  1.6940790E+02   1.5625000E+02   1.5953950E+02   1.6940790E+02   1.6282890E+02   1.6282890E+02   1.5625000E+02   1.5296050E+02   1.5625000E+02   1.5625000E+02
  1.6282890E+02   1.6282890E+02   1.6282890E+02   1.5953950E+02   1.6282890E+02   1.6611840E+02   1.6611840E+02   1.6611840E+02   1.5296050E+02   1.5625000E+02
  1.6282890E+02   1.5953950E+02   1.5953950E+02   1.5953950E+02   1.6282890E+02   1.5953950E+02   1.5625000E+02   1.6611840E+02   1.6611840E+02   1.6940790E+02
  1.5953950E+02   1.5296050E+02   1.6282890E+02   1.5625000E+02   1.4967110E+02   1.4967110E+02   1.5625000E+02   1.4967110E+02   1.3980260E+02   1.4309210E+02
  1.5296050E+02   1.5296050E+02   1.5625000E+02   1.5296050E+02   1.5625000E+02   1.5625000E+02   1.5953950E+02   1.6282890E+02   1.5953950E+02   1.5625000E+02
  1.5953950E+02   1.5953950E+02   1.6282890E+02   1.6940790E+02   1.6940790E+02   1.6940790E+02   1.6940790E+02   1.7269740E+02   1.7598680E+02   1.7269740E+02
  1.7269740E+02   1.6282890E+02   1.6940790E+02   1.6940790E+02   1.6282890E+02   1.5953950E+02   1.6282890E+02   1.4309210E+02   1.5953950E+02   1.4638160E+02
  1.4638160E+02   1.4967110E+02   1.4309210E+02   1.3980260E+02   1.5296050E+02   1.4967110E+02   1.4638160E+02   1.2993420E+02   1.3322370E+02   1.3322370E+02
  1.3651320E+02   1.3980260E+02   1.4638160E+02   1.4967110E+02   1.3980260E+02   1.4309210E+02   1.3322370E+02   1.4309210E+02   1.5296050E+02   1.4967110E+02
  1.4309210E+02   1.4967110E+02   1.5625000E+02   1.5296050E+02   1.5625000E+02   1.5296050E+02   1.5625000E+02   1.3651320E+02   1.4638160E+02   1.5296050E+02
  1.3651320E+02   1.2993420E+02   1.3322370E+02   1.5296050E+02   1.2664470E+02   1.2664470E+02   1.2993420E+02   1.4309210E+02   1.3651320E+02   1.2993420E+02
  1.2664470E+02   1.2335530E+02   1.3980260E+02   1.4638160E+02   1.4638160E+02   1.3980260E+02   1.3322370E+02   1.3651320E+02   1.3980260E+02   1.4638160E+02
  1.4967110E+02   1.4638160E+02   1.4638160E+02   1.4967110E+02   1.4967110E+02   1.6940790E+02   1.4638160E+02   1.5296050E+02   1.5296050E+02   1.5296050E+02
  1.5625000E+02   1.5953950E+02   1.5953950E+02   1.5953950E+02   1.5625000E+02   1.6282890E+02   1.7269740E+02   1.5296050E+02   1.4638160E+02   1.6282890E+02
  1.6611840E+02   1.6282890E+02   1.5625000E+02   1.6940790E+02   1.3651320E+02   1.4638160E+02   1.6282890E+02   1.5625000E+02   1.4638160E+02   1.6282890E+02
  1.4967110E+02   1.5953950E+02   1.6282890E+02   1.5625000E+02   1.5296050E+02   1.6282890E+02   1.4967110E+02   1.4967110E+02   1.6282890E+02   1.5296050E+02
  1.5953950E+02   1.5625000E+02   1.5625000E+02   1.5296050E+02   1.5296050E+02   1.4309210E+02   1.4309210E+02   1.3980260E+02   1.4638160E+02   1.4638160E+02
  1.3980260E+02   1.4638160E+02   1.6282890E+02   1.4309210E+02   1.3980260E+02   1.4967110E+02   1.5296050E+02   1.5296050E+02   1.5296050E+02   1.4967110E+02
  1.4638160E+02   1.5625000E+02   1.5625000E+02   1.4638160E+02   1.4967110E+02   1.5625000E+02   1.5625000E+02   1.5953950E+02   1.5953950E+02   1.5296050E+02
  1.5625000E+02   1.4638160E+02   1.5625000E+02   1.4967110E+02   1.5625000E+02   1.4309210E+02   1.4309210E+02   1.5296050E+02   1.4638160E+02   1.5296050E+02
  1.5625000E+02   1.4967110E+02   1.5953950E+02   1.5625000E+02   1.5296050E+02   1.5953950E+02   1.5953950E+02   1.5625000E+02   1.5953950E+02   1.6611840E+02
  1.6611840E+02   1.4638160E+02   1.4967110E+02   1.6282890E+02   1.3651320E+02   1.3322370E+02   1.5625000E+02   1.5296050E+02   1.4638160E+02   1.5296050E+02
  1.4967110E+02   1.6611840E+02   1.5953950E+02   1.6940790E+02   1.4967110E+02   1.5953950E+02   1.6282890E+02   1.7598680E+02   1.6611840E+02   1.5296050E+02
  1.5625000E+02   1.5625000E+02   1.6282890E+02   1.5625000E+02   1.5953950E+02   1.5625000E+02   1.6282890E+02   1.6611840E+02   1.6282890E+02   1.5953950E+02
  1.6282890E+02   1.5296050E+02   1.6282890E+02   1.5296050E+02   1.4638160E+02   1.3651320E+02   1.4967110E+02   1.4309210E+02   1.3980260E+02   1.4967110E+02
  1.4638160E+02   1.4967110E+02   1.4967110E+02   1.4638160E+02   1.4967110E+02   1.4309210E+02   1.4967110E+02   1.4967110E+02   1.5296050E+02   1.5296050E+02
  1.5296050E+02   1.5625000E+02   1.5625000E+02   1.5953950E+02   1.6611840E+02   1.4967110E+02   1.6611840E+02   1.5296050E+02   1.5296050E+02   1.4967110E+02
  1.5296050E+02   1.5953950E+02   1.5625000E+02   1.6611840E+02   1.5953950E+02   1.6611840E+02   1.5953950E+02   1.6611840E+02   1.5953950E+02   1.5296050E+02
  1.6282890E+02   1.5625000E+02   1.5953950E+02   1.5296050E+02   1.5625000E+02   1.5953950E+02   1.5953950E+02   1.5953950E+02   1.5953950E+02   1.5953950E+02
  1.5953950E+02   1.6611840E+02   1.6282890E+02   1.5953950E+02   1.6282890E+02   1.6611840E+02   1.5296050E+02   1.5625000E+02   1.6611840E+02   1.5953950E+02
  1.5296050E+02   1.4967110E+02   1.5625000E+02   1.5625000E+02   1.6282890E+02   1.5625000E+02   1.5625000E+02   1.5953950E+02   1.6611840E+02   1.5953950E+02
  1.6282890E+02   1.7269740E+02   1.6282890E+02   1.5625000E+02   1.5953950E+02   1.6940790E+02   1.6611840E+02   1.6611840E+02   1.5953950E+02   1.6282890E+02
  1.6611840E+02   1.6282890E+02   1.5625000E+02   1.6611840E+02   1.6282890E+02   1.5296050E+02   1.5625000E+02   1.4967110E+02   1.6611840E+02   1.5296050E+02
  1.5625000E+02   1.4309210E+02   1.5625000E+02   1.5953950E+02   1.4638160E+02   1.5296050E+02   1.5625000E+02   1.4967110E+02   1.5953950E+02   1.6282890E+02
  1.5296050E+02   1.5625000E+02   1.6282890E+02   1.6282890E+02   1.6611840E+02   1.5953950E+02   1.6611840E+02   1.6282890E+02   1.5953950E+02   1.5296050E+02
  1.6282890E+02   1.5953950E+02   1.5953950E+02   1.6282890E+02   1.5296050E+02   1.5625000E+02   1.5953950E+02   1.5296050E+02   1.6282890E+02   1.4638160E+02
 -9.5347620E-05  -1.2761650E-04  -1.6044960E-04  -2.0742080E-04  -2.6263100E-04  -3.1847340E-04  -3.7193010E-04  -4.2228310E-04  -4.6889650E-04  -5.1219490E-04
 -5.5250800E-04  -5.9045540E-04  -6.2637500E-04  -6.6027830E-04  -6.9246910E-04  -7.2335900E-04  -7.5270420E-04  -7.8111990E-04  -8.0846880E-04  -8.3483750E-04
 -8.6041340E-04  -8.8510260E-04  -9.1556490E-04  -8.2757390E-04  -1.0085340E-03  -9.8130720E-04  -1.0091580E-03  -1.0310110E-03  -1.0516500E-03  -1.0709080E-03
 -1.0939640E-03  -1.1085440E-03  -1.1587610E-03  -1.1459620E-03  -1.1653140E-03  -1.1255310E-03  -1.1517070E-03  -1.1176590E-03  -1.2308320E-03  -1.2649670E-03
 -1.2823880E-03  -1.2976550E-03  -1.3125840E-03  -1.3283070E-03  -1.3451410E-03  -1.3623720E-03  -1.3788060E-03  -1.3946910E-03  -1.4118390E-03  -1.4315070E-03
 -1.4545090E-03  -1.6784240E-03  -2.5056040E-03  -3.8116920E-03  -5.1361280E-03  -5.7281750E-03  -5.4852500E-03  -5.4057500E-03  -5.4612690E-03  -5.3556560E-03
 -5.3698420E-03  -5.2358080E-03  -5.1073710E-03  -4.9792650E-03  -5.1276550E-03  -5.1630310E-03  -5.3171900E-03  -5.2394820E-03  -5.0259230E-03  -4.8663090E-03
 -4.8152920E-03  -4.8225990E-03  -4.9592960E-03  -5.0576170E-03  -5.1282250E-03  -5.1939970E-03  -5.0860620E-03  -5.0104060E-03  -4.9181160E-03  -4.9768900E-03
 -5.0909350E-03  -5.1981330E-03  -5.0203520E-03  -5.0141900E-03  -5.0815830E-03  -5.2216070E-03  -5.3033290E-03  -5.3125570E-03  -5.1913110E-03  -5.0750040E-03
 -5.0429620E-03  -5.1677050E-03  -5.1430160E-03  -5.2625750E-03  -5.1850080E-03  -5.1265480E-03  -5.1111260E-03  -5.0398020E-03  -4.9838440E-03  -4.9033070E-03
 -5.0611350E-03  -5.1170140E-03  -5.1922350E-03  -5.3659340E-03  -5.3195920E-03  -5.4733590E-03  -5.5160630E-03  -5.3324390E-03  -5.3186510E-03  -5.2643480E-03
 -5.1780520E-03  -5.1205490E-03  -5.1940840E-03  -5.3752030E-03  -5.3964280E-03  -5.3216270E-03  -5.1891980E-03  -5.1092940E-03  -5.1548660E-03  -5.1508100E-03
 -5.0661620E-03  -5.0314650E-03  -5.1120400E-03  -5.0545880E-03  -4.9762960E-03  -5.0062720E-03  -5.0405040E-03  -5.1498170E-03  -5.2168540E-03  -5.2134500E-03
 -5.2621380E-03  -5.4346960E-03  -5.5256390E-03  -5.5111880E-03  -5.3927590E-03  -5.3472830E-03  -5.2684310E-03  -5.2623320E-03  -5.3252000E-03  -5.2346330E-03
 -5.1088970E-03  -5.1436940E-03  -5.1480660E-03  -5.0329340E-03  -5.0169810E-03  -5.1051820E-03  -5.1185060E-03  -5.1614370E-03  -5.1435330E-03  -5.1404680E-03
 -5.1136880E-03  -5.1258080E-03  -5.2757190E-03  -5.3378690E-03  -5.6008590E-03  -5.6443450E-03  -5.6305530E-03  -5.5240950E-03  -5.4468690E-03  -5.4634480E-03
 -5.5071380E-03  -5.5258130E-03  -5.4733920E-03  -5.3752190E-03  -5.2830370E-03  -5.1286450E-03  -5.0981800E-03  -5.2391800E-03  -5.4365110E-03  -5.4825300E-03
 -5.6627710E-03  -5.6719160E-03  -5.6596090E-03  -5.6276470E-03  -5.5968070E-03  -5.7092230E-03  -5.8231680E-03  -5.7134420E-03  -5.6296930E-03  -5.4532310E-03
 -5.4801180E-03  -5.6085400E-03  -5.5988070E-03  -5.6413430E-03  -5.8009520E-03  -5.9508450E-03  -5.9193420E-03  -5.8672280E-03  -5.9289500E-03  -6.0455850E-03
 -6.2683380E-03  -6.3894990E-03  -6.3122640E-03  -6.3335170E-03  -6.2177870E-03  -6.0849830E-03  -6.1875130E-03  -6.2009330E-03  -6.2199960E-03  -6.1795550E-03
 -6.1923900E-03  -6.1758520E-03  -6.1407350E-03  -6.2481110E-03  -6.3504480E-03  -6.4330500E-03  -6.4862740E-03  -6.3056690E-03  -6.2644510E-03  -6.2827300E-03
 -6.2545440E-03  -6.3500310E-03  -6.5198800E-03  -6.7771070E-03  -6.9852070E-03  -7.0624750E-03  -7.0320500E-03  -7.3368210E-03  -7.5211330E-03  -7.2578870E-03
 -7.1950020E-03  -7.0756810E-03  -6.9743840E-03  -6.7904910E-03  -6.6615720E-03  -6.4357590E-03  -6.2557900E-03  -6.2028490E-03  -6.2712410E-03  -6.5904640E-03
 -7.0307190E-03  -7.1932310E-03  -7.4051080E-03  -7.4119560E-03  -7.4059840E-03  -7.3973510E-03  -7.4386930E-03  -7.4496880E-03  -7.5356720E-03  -7.6907390E-03
 -7.8640650E-03  -7.7674560E-03  -7.6608560E-03  -7.6251340E-03  -7.4561150E-03  -7.4945880E-03  -7.4206810E-03  -7.5415240E-03  -7.5820410E-03  -7.4581060E-03
 -7.6213760E-03  -7.7552090E-03  -7.7754020E-03  -7.8295940E-03  -7.6151400E-03  -7.6672700E-03  -7.8369090E-03  -7.9720430E-03  -8.1806980E-03  -8.3536230E-03
 -8.3041430E-03  -8.3122550E-03  -8.2911110E-03  -8.1830630E-03  -8.2680570E-03  -8.2168880E-03  -8.1624340E-03  -8.1391210E-03  -7.9505700E-03  -7.8744930E-03
 -8.0127510E-03  -7.8862000E-03  -7.9777570E-03  -8.1086920E-03  -8.1019710E-03  -8.0909580E-03  -8.1801490E-03  -8.2243200E-03  -8.0795120E-03  -8.0426150E-03
 -8.1942980E-03  -8.2912440E-03  -8.2402390E-03  -8.1287740E-03  -8.2144080E-03  -8.3067650E-03  -8.1016720E-03  -8.4114820E-03  -8.5898410E-03  -8.5676820E-03
 -8.7444980E-03  -8.6025210E-03  -8.2550840E-03  -8.2460240E-03  -8.2519120E-03  -8.2117490E-03  -8.3097610E-03  -8.3260460E-03  -8.5797550E-03  -8.8339850E-03
 -8.8530790E-03  -8.7652670E-03  -8.8980040E-03  -8.8939940E-03  -8.9990480E-03  -8.9344390E-03  -9.0905930E-03  -9.4313970E-03  -9.6203070E-03  -9.4467870E-03
 -9.3713820E-03  -9.5584300E-03  -9.6184610E-03  -9.6685150E-03  -9.7388670E-03  -9.8672250E-03  -9.7506580E-03  -9.6123150E-03  -9.8528590E-03  -9.7608230E-03
 -9.5388830E-03  -9.5766430E-03  -9.6381040E-03  -9.6997070E-03  -9.7391090E-03  -9.7786060E-03  -9.6278100E-03  -9.5994870E-03  -9.6812680E-03  -9.6338020E-03
 -9.4567830E-03  -9.5655980E-03  -9.4868900E-03  -9.4919890E-03  -9.1488080E-03  -9.2141030E-03  -9.4858380E-03  -9.4751360E-03  -9.5638090E-03  -9.5434740E-03
 -9.4344990E-03  -9.3181710E-03  -9.4231230E-03  -9.6133410E-03  -9.7065950E-03  -9.8042130E-03  -9.7132640E-03  -9.8305690E-03  -9.9580250E-03  -1.0101290E-02
 -9.9752300E-03  -1.0053900E-02  -1.0118130E-02  -9.8037090E-03  -9.8641840E-03  -9.6176970E-03  -9.5731070E-03  -9.3194570E-03  -9.3739450E-03  -9.3241000E-03
 -9.3020460E-03  -9.4743920E-03  -9.6073800E-03  -9.6635720E-03  -1.0311680E-02  -1.0445410E-02  -1.0271640E-02  -1.0301640E-02  -1.0570860E-02  -1.0590750E-02
 -1.0416030E-02  -1.0268840E-02  -1.0301770E-02  -1.0438220E-02  -1.0422190E-02  -1.0413410E-02  -1.0380750E-02  -1.0521600E-02  -1.0508340E-02  -1.0304250E-02
 -1.0125930E-02  -9.9290720E-03  -9.9078820E-03  -9.7206750E-03  -9.4747980E-03  -9.6594370E-03  -9.6853450E-03  -9.7610930E-03  -9.8373730E-03  -9.9624420E-03
 -9.6641520E-03  -9.7801370E-03  -1.0136230E-02  -1.0208600E-02  -1.0445330E-02  -1.0607410E-02  -1.0304200E-02  -1.0461870E-02  -1.0486490E-02  -1.0636850E-02
 -1.0738920E-02  -1.0769810E-02  -1.0749800E-02  -1.0644600E-02  -1.0654260E-02  -1.0293630E-02  -1.0273650E-02  -1.0620510E-02  -1.0555960E-02  -1.0368300E-02
 -1.0424600E-02  -1.0408600E-02  -1.0051750E-02  -1.0138050E-02  -1.0594630E-02  -1.0868270E-02  -1.0773280E-02  -1.0743900E-02  -1.1134950E-02  -1.1238660E-02
 -1.1067050E-02  -1.1009200E-02  -1.1081590E-02  -1.1028560E-02  -1.0861040E-02  -1.0795380E-02  -1.1099420E-02  -1.1008570E-02  -1.1169890E-02  -1.1302870E-02
 -1.1406720E-02  -1.1067060E-02  -1.0876950E-02  -1.0564730E-02  -1.0585880E-02  -1.0773890E-02  -1.0680360E-02  -1.0840430E-02  -1.0803090E-02  -1.0780680E-02
 -1.0865980E-02  -1.0934210E-02  -1.0756530E-02  -1.0788510E-02  -1.0691740E-02  -1.0586770E-02  -1.0564480E-02  -1.0921090E-02  -1.0978570E-02  -1.0891250E-02
 -1.0819200E-02  -1.0627350E-02  -1.0517950E-02  -1.0411490E-02  -1.0432870E-02  -1.0587750E-02  -1.0497710E-02  -1.0601910E-02  -1.0714080E-02  -1.0832400E-02
 -1.1144900E-02  -1.0979250E-02  -1.0610430E-02  -1.0690460E-02  -1.1139490E-02  -1.1226900E-02  -1.1073360E-02  -1.1002800E-02  -1.1061890E-02  -1.1508730E-02
 -1.1791470E-02  -1.1602060E-02  -1.1548250E-02  -1.1557260E-02  -1.1866700E-02  -1.1844420E-02  -1.1545730E-02  -1.1094500E-02  -1.0865530E-02  -1.1048830E-02
 -1.1438030E-02  -1.1640710E-02  -1.1311670E-02  -1.1074610E-02  -1.0899900E-02  -1.0594210E-02  -1.0520680E-02  -1.0733470E-02  -1.0955310E-02  -1.1347600E-02
 -1.1356730E-02  -1.1423300E-02  -1.1530030E-02  -1.1308310E-02  -1.1047930E-02  -1.0849550E-02  -1.0578610E-02  -1.0647970E-02  -1.0516410E-02  -1.0718900E-02
 -1.0758120E-02  -1.0929830E-02  -1.1446690E-02  -1.1521960E-02  -1.1441380E-02  -1.1114610E-02  -1.0941740E-02  -1.0850320E-02  -1.0907790E-02  -1.1218840E-02
 -1.1170520E-02  -1.1077350E-02  -1.1301670E-02  -1.1083940E-02  -1.1057300E-02  -1.0932960E-02  -1.0878570E-02  -1.0780710E-02  -1.0662120E-02  -1.0705550E-02
 -1.0676260E-02  -1.0949440E-02  -1.0936860E-02  -1.0783910E-02  -1.0765670E-02  -1.0992760E-02  -1.1325630E-02  -1.1476440E-02  -1.1638150E-02  -1.1485270E-02
 -1.1472350E-02  -1.1218820E-02  -1.1145540E-02  -1.1025720E-02  -1.0921150E-02  -1.1025480E-02  -1.0820620E-02  -1.0816860E-02  -1.0867150E-02  -1.0676710E-02
  4.3504860E-01   3.6342880E-01   3.2257500E-01   2.9570850E-01   2.7620070E-01   2.6125330E-01   2.4933800E-01   2.3951280E-01   2.3129390E-01   2.2429870E-01
  2.1828260E-01   2.1302400E-01   2.0839050E-01   2.0429640E-01   2.0064700E-01   1.9735370E-01   1.9440510E-01   1.9171010E-01   1.8925860E-01   1.8702140E-01
  1.8496880E-01   1.8308940E-01   1.8089090E-01   1.7883630E-01   1.7797590E-01   1.7660720E-01   1.7611230E-01   1.7503560E-01   1.7382460E-01   1.7264710E-01
  1.7155960E-01   1.7063250E-01   1.6962460E-01   1.6864840E-01   1.6814640E-01   1.6737030E-01   1.6692870E-01   1.6746070E-01   1.6749950E-01   1.6610930E-01
  1.6478970E-01   1.6398580E-01   1.6351010E-01   1.6316660E-01   1.6283290E-01   1.6243760E-01   1.6197900E-01   1.6156500E-01   1.6132390E-01   1.6123950E-01
  1.6137540E-01   1.7255510E-01   2.1703270E-01   2.8667820E-01   3.5306720E-01   3.8252690E-01   3.7168190E-01   3.6551390E-01   3.6672680E-01   3.5871250E-01
  3.5516100E-01   3.4926670E-01   3.4298270E-01   3.3340950E-01   3.3504490E-01   3.3427220E-01   3.3564130E-01   3.3194640E-01   3.1899310E-01   3.1142710E-01
  3.0519940E-01   3.0255510E-01   3.0446200E-01   3.0667330E-01   3.0577050E-01   3.0530360E-01   2.9936490E-01   2.9512740E-01   2.8863680E-01   2.8722640E-01
  2.8964360E-01   2.9205040E-01   2.8522450E-01   2.8166690E-01   2.8069290E-01   2.8221090E-01   2.8337030E-01   2.8219810E-01   2.7764070E-01   2.7229080E-01
  2.6858220E-01   2.7099620E-01   2.6854330E-01   2.7067510E-01   2.6721790E-01   2.6421540E-01   2.6179440E-01   2.5763870E-01   2.5459280E-01   2.5109840E-01
  2.5377370E-01   2.5519660E-01   2.5598480E-01   2.5899120E-01   2.5647110E-01   2.5981520E-01   2.5862570E-01   2.5301330E-01   2.5146750E-01   2.5014500E-01
  2.4721800E-01   2.4421820E-01   2.4575710E-01   2.4963480E-01   2.4992550E-01   2.4660450E-01   2.4308430E-01   2.3961910E-01   2.4059600E-01   2.4011910E-01
  2.3730200E-01   2.3547050E-01   2.3656160E-01   2.3513850E-01   2.3232830E-01   2.3122690E-01   2.3247350E-01   2.3405140E-01   2.3574380E-01   2.3386340E-01
  2.3405970E-01   2.3637540E-01   2.3895520E-01   2.3925320E-01   2.3590570E-01   2.3493230E-01   2.3300570E-01   2.3234080E-01   2.3350560E-01   2.3122480E-01
  2.2733710E-01   2.2794310E-01   2.2745760E-01   2.2409040E-01   2.2304230E-01   2.2466810E-01   2.2440810E-01   2.2476040E-01   2.2464630E-01   2.2470290E-01
  2.2360290E-01   2.2305560E-01   2.2570260E-01   2.2700700E-01   2.3318180E-01   2.3378130E-01   2.3370990E-01   2.3096520E-01   2.2887110E-01   2.2825530E-01
  2.2899120E-01   2.2880450E-01   2.2710570E-01   2.2524470E-01   2.2377110E-01   2.2050950E-01   2.1890620E-01   2.2132130E-01   2.2674890E-01   2.2748900E-01
  2.3120970E-01   2.3101290E-01   2.2964180E-01   2.2819900E-01   2.2753160E-01   2.3006670E-01   2.3370740E-01   2.3170410E-01   2.2931780E-01   2.2504260E-01
  2.2491480E-01   2.2826750E-01   2.2876760E-01   2.2979710E-01   2.3321180E-01   2.3604750E-01   2.3604980E-01   2.3439620E-01   2.3426310E-01   2.3515980E-01
  2.4090040E-01   2.4333020E-01   2.4124930E-01   2.4108510E-01   2.3892160E-01   2.3558180E-01   2.3758040E-01   2.3828290E-01   2.3782780E-01   2.3687470E-01
  2.3721520E-01   2.3739480E-01   2.3608870E-01   2.3823650E-01   2.4082860E-01   2.4192120E-01   2.4328130E-01   2.3977270E-01   2.3818500E-01   2.3883530E-01
  2.3831160E-01   2.3913090E-01   2.4292740E-01   2.4823660E-01   2.5324440E-01   2.5392800E-01   2.5342050E-01   2.5803690E-01   2.6217010E-01   2.5775400E-01
  2.5508920E-01   2.5340370E-01   2.5072460E-01   2.4723590E-01   2.4470250E-01   2.4071100E-01   2.3683970E-01   2.3510090E-01   2.3574370E-01   2.4117610E-01
  2.4948020E-01   2.5248280E-01   2.5657680E-01   2.5763110E-01   2.5711470E-01   2.5681220E-01   2.5765870E-01   2.5756810E-01   2.5969080E-01   2.6210260E-01
  2.6536940E-01   2.6492780E-01   2.6191080E-01   2.6064270E-01   2.5780970E-01   2.5731830E-01   2.5662220E-01   2.5867220E-01   2.5991920E-01   2.5708590E-01
  2.5980510E-01   2.6101380E-01   2.6305690E-01   2.6294580E-01   2.5923510E-01   2.5977740E-01   2.6279290E-01   2.6586570E-01   2.6894180E-01   2.7193750E-01
  2.7136200E-01   2.7257310E-01   2.7189320E-01   2.6955420E-01   2.7027520E-01   2.6938970E-01   2.6877480E-01   2.6850120E-01   2.6438770E-01   2.6289030E-01
  2.6558810E-01   2.6343150E-01   2.6367900E-01   2.6727360E-01   2.6754910E-01   2.6770720E-01   2.6950510E-01   2.7088800E-01   2.6826870E-01   2.6651510E-01
  2.6860900E-01   2.6991790E-01   2.6950810E-01   2.6764250E-01   2.6875830E-01   2.6996500E-01   2.6577940E-01   2.7099920E-01   2.7568350E-01   2.7501010E-01
  2.7714790E-01   2.7638410E-01   2.6957990E-01   2.6861160E-01   2.6855170E-01   2.6810040E-01   2.6883590E-01   2.6802820E-01   2.7243280E-01   2.7761620E-01
  2.7794500E-01   2.7604960E-01   2.7900130E-01   2.7938780E-01   2.8102670E-01   2.8005460E-01   2.8202340E-01   2.8599340E-01   2.9006000E-01   2.8778660E-01
  2.8583070E-01   2.8876970E-01   2.8978280E-01   2.9091920E-01   2.9135270E-01   2.9368070E-01   2.9277980E-01   2.8949250E-01   2.9237300E-01   2.9106070E-01
  2.8619640E-01   2.8573540E-01   2.8716460E-01   2.8964130E-01   2.8935200E-01   2.8864030E-01   2.8628360E-01   2.8625730E-01   2.8761400E-01   2.8721310E-01
  2.8429370E-01   2.8524090E-01   2.8604250E-01   2.8676840E-01   2.8160400E-01   2.8107890E-01   2.8515540E-01   2.8492850E-01   2.8613650E-01   2.8646880E-01
  2.8423190E-01   2.8159150E-01   2.8352680E-01   2.8645180E-01   2.8915390E-01   2.9083710E-01   2.8832730E-01   2.8881990E-01   2.9051980E-01   2.9403320E-01
  2.9070000E-01   2.9220440E-01   2.9339310E-01   2.8917370E-01   2.8966580E-01   2.8609460E-01   2.8410490E-01   2.7998170E-01   2.8014530E-01   2.7951190E-01
  2.7890190E-01   2.8138860E-01   2.8428610E-01   2.8538460E-01   2.9562500E-01   2.9871240E-01   2.9582870E-01   2.9484200E-01   2.9930930E-01   2.9989790E-01
  2.9795860E-01   2.9494450E-01   2.9393130E-01   2.9718820E-01   2.9648580E-01   2.9688300E-01   2.9704180E-01   2.9804970E-01   2.9833590E-01   2.9432850E-01
  2.9304550E-01   2.8969880E-01   2.8834500E-01   2.8485900E-01   2.8172880E-01   2.8471350E-01   2.8501610E-01   2.8640960E-01   2.8928470E-01   2.9029510E-01
  2.8464130E-01   2.8572500E-01   2.9131930E-01   2.9298620E-01   2.9544180E-01   2.9883330E-01   2.9212080E-01   2.9400360E-01   2.9483270E-01   2.9746760E-01
  2.9873680E-01   2.9878110E-01   2.9688460E-01   2.9536350E-01   2.9628030E-01   2.9195500E-01   2.9043040E-01   2.9610680E-01   2.9490520E-01   2.9045930E-01
  2.8980280E-01   2.8925610E-01   2.8510740E-01   2.8494590E-01   2.9142350E-01   2.9673730E-01   2.9581560E-01   2.9409810E-01   3.0009820E-01   3.0206970E-01
  2.9884300E-01   2.9771860E-01   3.0011840E-01   2.9845780E-01   2.9611550E-01   2.9371380E-01   2.9772430E-01   2.9557040E-01   2.9741930E-01   3.0192810E-01
  3.0351060E-01   2.9994380E-01   2.9662870E-01   2.9122710E-01   2.9087480E-01   2.9316670E-01   2.9249180E-01   2.9476230E-01   2.9443550E-01   2.9307230E-01
  2.9361610E-01   2.9546750E-01   2.9438310E-01   2.9481570E-01   2.9391760E-01   2.9180670E-01   2.9016440E-01   2.9428900E-01   2.9432730E-01   2.9171380E-01
  2.9144440E-01   2.8919330E-01   2.8964680E-01   2.8897840E-01   2.8848520E-01   2.9095190E-01   2.9007220E-01   2.9066820E-01   2.9159290E-01   2.9398330E-01
  2.9818050E-01   2.9639310E-01   2.9070250E-01   2.9029040E-01   2.9677640E-01   2.9741550E-01   2.9521850E-01   2.9473260E-01   2.9414190E-01   2.9956980E-01
  3.0396480E-01   3.0186840E-01   3.0079150E-01   3.0100490E-01   3.0550430E-01   3.0577680E-01   3.0036260E-01   2.9505390E-01   2.9155170E-01   2.9370910E-01
  3.0000700E-01   3.0378560E-01   2.9815990E-01   2.9386290E-01   2.9148380E-01   2.8737900E-01   2.8573310E-01   2.8839530E-01   2.9254490E-01   2.9770560E-01
  2.9819020E-01   2.9883550E-01   2.9954110E-01   2.9759770E-01   2.9230340E-01   2.8958660E-01   2.8572780E-01   2.8671610E-01   2.8435890E-01   2.8692410E-01
  2.8804820E-01   2.8987580E-01   2.9804490E-01   2.9858420E-01   2.9715240E-01   2.9230870E-01   2.9017890E-01   2.8879110E-01   2.8747640E-01   2.9282650E-01
  2.9343280E-01   2.8967440E-01   2.9332100E-01   2.9140350E-01   2.9128170E-01   2.8940100E-01   2.8842780E-01   2.8730330E-01   2.8458320E-01   2.8472840E-01
  2.8440110E-01   2.8887590E-01   2.8909250E-01   2.8571750E-01   2.8380960E-01   2.8621770E-01   2.9184260E-01   2.9469110E-01   2.9719010E-01   2.9581520E-01
  2.9404100E-01   2.9048510E-01   2.8995130E-01   2.8926510E-01   2.8731420E-01   2.8883440E-01   2.8627940E-01   2.8573910E-01   2.8609860E-01   2.8326350E-01
  5.8249460E+04   2.5383170E+04   1.4117360E+04   8.4139950E+03   5.4158300E+03   3.7800920E+03   2.8140220E+03   2.1969740E+03   1.7818340E+03   1.4876500E+03
  1.2710890E+03   1.1054890E+03   9.7555850E+02   8.7198030E+02   7.8767400E+02   7.1750850E+02   6.5908330E+02   6.0905270E+02   5.6615680E+02   5.2905510E+02
  4.9660770E+02   4.6818430E+02   4.4063810E+02   3.9378960E+02   3.7429480E+02   3.7564310E+02   3.6384520E+02   3.5032120E+02   3.3676160E+02   3.2422900E+02
  3.1236650E+02   3.0247210E+02   2.9359350E+02   2.8519340E+02   2.7527420E+02   2.7922130E+02   2.6495190E+02   2.6714980E+02   2.5458190E+02   2.4378810E+02
  2.3537070E+02   2.2934870E+02   2.2476090E+02   2.2069100E+02   2.1663330E+02   2.1240880E+02   2.0815780E+02   2.0423600E+02   2.0087520E+02   1.9784790E+02
  1.9529750E+02   2.1218510E+02   2.9601510E+02   4.4358820E+02   5.9919120E+02   6.7246080E+02   6.4211150E+02   6.2122460E+02   6.2031280E+02   5.9209930E+02
  5.7424310E+02   5.5990940E+02   5.4344260E+02   5.1107080E+02   5.0425470E+02   4.9746850E+02   4.8946220E+02   4.7885160E+02   4.4359370E+02   4.2606950E+02
  4.0694250E+02   3.9619160E+02   3.9255890E+02   3.9151120E+02   3.8298660E+02   3.7710710E+02   3.6262720E+02   3.5237160E+02   3.3580130E+02   3.2815940E+02
  3.2937200E+02   3.3075710E+02   3.1826750E+02   3.0661300E+02   2.9932750E+02   2.9677660E+02   2.9529480E+02   2.9130020E+02   2.8296330E+02   2.7278310E+02
  2.6480890E+02   2.6550890E+02   2.5863230E+02   2.5938180E+02   2.5301350E+02   2.4681700E+02   2.4148390E+02   2.3303220E+02   2.2727230E+02   2.2126190E+02
  2.2200430E+02   2.2319900E+02   2.2204020E+02   2.2297700E+02   2.1816860E+02   2.2083520E+02   2.1601430E+02   2.0838850E+02   2.0596320E+02   2.0435480E+02
  2.0034660E+02   1.9505660E+02   1.9629570E+02   1.9943230E+02   1.9866800E+02   1.9360710E+02   1.8957870E+02   1.8486280E+02   1.8548770E+02   1.8453900E+02
  1.8119890E+02   1.7791710E+02   1.7755110E+02   1.7637190E+02   1.7240660E+02   1.6934840E+02   1.7070160E+02   1.7057530E+02   1.7202540E+02   1.6823290E+02
  1.6696510E+02   1.6689030E+02   1.6947490E+02   1.7025850E+02   1.6667580E+02   1.6582990E+02   1.6424590E+02   1.6322640E+02   1.6407360E+02   1.6188030E+02
  1.5752270E+02   1.5781100E+02   1.5648840E+02   1.5275900E+02   1.5115620E+02   1.5194720E+02   1.5115770E+02   1.5071290E+02   1.5083600E+02   1.5107890E+02
  1.4965080E+02   1.4826520E+02   1.4964840E+02   1.5031170E+02   1.5561420E+02   1.5570970E+02   1.5553020E+02   1.5271350E+02   1.5065170E+02   1.4878110E+02
  1.4900530E+02   1.4831880E+02   1.4632240E+02   1.4534030E+02   1.4490640E+02   1.4255630E+02   1.4042400E+02   1.4160360E+02   1.4667140E+02   1.4682820E+02
  1.4949540E+02   1.4857190E+02   1.4650620E+02   1.4452990E+02   1.4418700E+02   1.4625900E+02   1.5032070E+02   1.4884140E+02   1.4650960E+02   1.4283660E+02
  1.4208800E+02   1.4515650E+02   1.4633690E+02   1.4710740E+02   1.4994900E+02   1.5170790E+02   1.5205210E+02   1.4990530E+02   1.4829590E+02   1.4722100E+02
  1.5308070E+02   1.5473420E+02   1.5239020E+02   1.5127590E+02   1.5009500E+02   1.4679680E+02   1.4831550E+02   1.4902750E+02   1.4771750E+02   1.4701700E+02
  1.4757210E+02   1.4823260E+02   1.4672320E+02   1.4824550E+02   1.5049040E+02   1.5065200E+02   1.5174620E+02   1.4914840E+02   1.4723970E+02   1.4806460E+02
  1.4770670E+02   1.4699100E+02   1.5034360E+02   1.5496480E+02   1.5942590E+02   1.5886990E+02   1.5872660E+02   1.6099780E+02   1.6432340E+02   1.6142150E+02
  1.5774320E+02   1.5709150E+02   1.5443720E+02   1.5175800E+02   1.5018970E+02   1.4794990E+02   1.4490430E+02   1.4297650E+02   1.4263720E+02   1.4532150E+02
  1.5123310E+02   1.5308980E+02   1.5583650E+02   1.5793250E+02   1.5736890E+02   1.5684670E+02   1.5750070E+02   1.5724000E+02   1.5903950E+02   1.6034240E+02
  1.6265000E+02   1.6365490E+02   1.6015510E+02   1.5856020E+02   1.5675870E+02   1.5536580E+02   1.5545940E+02   1.5688690E+02   1.5831560E+02   1.5557190E+02
  1.5713350E+02   1.5692140E+02   1.6007550E+02   1.5915640E+02   1.5621330E+02   1.5630180E+02   1.5848300E+02   1.6144850E+02   1.6286050E+02   1.6474800E+02
  1.6461560E+02   1.6648550E+02   1.6565890E+02   1.6359900E+02   1.6339800E+02   1.6252900E+02   1.6262190E+02   1.6253020E+02   1.5882100E+02   1.5767230E+02
  1.5982600E+02   1.5841160E+02   1.5733860E+02   1.6098160E+02   1.6177310E+02   1.6223420E+02   1.6346240E+02   1.6540920E+02   1.6335600E+02   1.6083620E+02
  1.6150750E+02   1.6210530E+02   1.6227590E+02   1.6123870E+02   1.6179100E+02   1.6187430E+02   1.5823160E+02   1.6152990E+02   1.6648270E+02   1.6579590E+02
  1.6634200E+02   1.6742370E+02   1.6185280E+02   1.6049410E+02   1.6033970E+02   1.6021470E+02   1.5993450E+02   1.5790540E+02   1.6097620E+02   1.6581740E+02
  1.6596990E+02   1.6442120E+02   1.6698600E+02   1.6750580E+02   1.6884530E+02   1.6792300E+02   1.6866510E+02   1.7014160E+02   1.7386320E+02   1.7276400E+02
  1.7064310E+02   1.7253340E+02   1.7322780E+02   1.7445120E+02   1.7403090E+02   1.7593910E+02   1.7611720E+02   1.7243740E+02   1.7398050E+02   1.7266320E+02
  1.6779800E+02   1.6650820E+02   1.6765180E+02   1.7106380E+02   1.6998960E+02   1.6822340E+02   1.6696340E+02   1.6709720E+02   1.6786240E+02   1.6791090E+02
  1.6582960E+02   1.6607790E+02   1.6854700E+02   1.6974500E+02   1.6658900E+02   1.6462520E+02   1.6700260E+02   1.6654620E+02   1.6754970E+02   1.6828000E+02
  1.6632880E+02   1.6350910E+02   1.6530090E+02   1.6690190E+02   1.6993960E+02   1.7155070E+02   1.6856760E+02   1.6779660E+02   1.6820880E+02   1.7181920E+02
  1.6812380E+02   1.6985770E+02   1.7041200E+02   1.6804470E+02   1.6826050E+02   1.6594230E+02   1.6334730E+02   1.6055390E+02   1.6017190E+02   1.5974470E+02
  1.5933010E+02   1.6065320E+02   1.6376940E+02   1.6453930E+02   1.7202040E+02   1.7457030E+02   1.7221190E+02   1.7028530E+02   1.7358760E+02   1.7430260E+02
  1.7381700E+02   1.7066370E+02   1.6853400E+02   1.7194050E+02   1.7106100E+02   1.7193010E+02   1.7254800E+02   1.7177800E+02   1.7258980E+02   1.6891500E+02
  1.6932980E+02   1.6719420E+02   1.6523380E+02   1.6250050E+02   1.6080340E+02   1.6310400E+02   1.6310880E+02   1.6449800E+02   1.6798140E+02   1.6785640E+02
  1.6285620E+02   1.6281460E+02   1.6683600E+02   1.6844870E+02   1.6880610E+02   1.7172110E+02   1.6506890E+02   1.6599250E+02   1.6710980E+02   1.6937050E+02
  1.7021550E+02   1.6937390E+02   1.6643640E+02   1.6539700E+02   1.6691080E+02   1.6496960E+02   1.6297440E+02   1.6723560E+02   1.6607210E+02   1.6193930E+02
  1.6022800E+02   1.5891990E+02   1.5698880E+02   1.5569160E+02   1.5956810E+02   1.6430570E+02   1.6408980E+02   1.6186930E+02   1.6594760E+02   1.6750540E+02
  1.6457080E+02   1.6376110E+02   1.6671770E+02   1.6446870E+02   1.6295050E+02   1.5999940E+02   1.6270360E+02   1.6013910E+02   1.6114110E+02   1.6608730E+02
  1.6727540E+02   1.6603690E+02   1.6358360E+02   1.5915950E+02   1.5864590E+02   1.5937930E+02   1.5969500E+02   1.6121610E+02   1.6128050E+02   1.5961510E+02
  1.5868760E+02   1.6111030E+02   1.6165210E+02   1.6227290E+02   1.6203730E+02   1.6013590E+02   1.5784090E+02   1.5928940E+02   1.5832010E+02   1.5559570E+02
  1.5600890E+02   1.5493980E+02   1.5752640E+02   1.5781820E+02   1.5700410E+02   1.5893720E+02   1.5877810E+02   1.5815100E+02   1.5793330E+02   1.6016170E+02
  1.6240160E+02   1.6198560E+02   1.5774660E+02   1.5604580E+02   1.6042760E+02   1.5970420E+02   1.5837320E+02   1.5879020E+02   1.5696810E+02   1.5943890E+02
  1.6271100E+02   1.6165820E+02   1.6087900E+02   1.6112670E+02   1.6387410E+02   1.6501820E+02   1.6025880E+02   1.5792630E+02   1.5577890E+02   1.5634860E+02
  1.6149900E+02   1.6427700E+02   1.5988050E+02   1.5616700E+02   1.5476770E+02   1.5236850E+02   1.5109520E+02   1.5230500E+02   1.5564560E+02   1.5874680E+02
  1.5925830E+02   1.5915320E+02   1.5903730E+02   1.5870130E+02   1.5413270E+02   1.5274970E+02   1.5030820E+02   1.5085490E+02   1.4895860E+02   1.5031910E+02
  1.5155970E+02   1.5215870E+02   1.5800450E+02   1.5754280E+02   1.5656110E+02   1.5319450E+02   1.5237160E+02   1.5108590E+02   1.4830780E+02   1.5273750E+02
  1.5411920E+02   1.4959050E+02   1.5251770E+02   1.5221360E+02   1.5228230E+02   1.5098310E+02   1.5028390E+02   1.4975400E+02   1.4726810E+02   1.4715550E+02
  1.4682050E+02   1.5042710E+02   1.5098900E+02   1.4794600E+02   1.4504430E+02   1.4564060E+02   1.5004510E+02   1.5231610E+02   1.5390070E+02   1.5323100E+02
  1.5095810E+02   1.4864560E+02   1.4874770E+02   1.4931910E+02   1.4813330E+02   1.4890950E+02   1.4738020E+02   1.4705810E+02   1.4681910E+02   1.4501270E+02
  2.2524460E-01   3.8051940E-01   3.3094110E-01   3.1622880E-01   3.3835180E-01   3.1943610E-01   2.9257090E-01   2.6244660E-01   2.7506380E-01   2.7246400E-01
  2.2477760E-01   2.1643710E-01   2.1357430E-01   2.1782260E-01   2.0919540E-01   1.9382460E-01   1.6794310E-01   1.8639100E-01   1.7064190E-01   1.6558390E-01
  1.5739410E-01   1.5192790E-01   1.3990360E-01   1.3868710E-01   1.3346280E-01   1.2310500E-01   1.2381280E-01   1.2715900E-01   1.0562020E-01   1.0716570E-01
  1.0431950E-01   1.1536590E-01   9.1836690E-02   1.1142920E-01   9.2690550E-02   8.7254870E-02   8.6248830E-02   2.0727550E-01   8.9561600E-02   9.9978010E-02
  1.1070710E-01   1.0919660E-01   1.0917440E-01   1.1511140E-01   1.1448530E-01   1.0878860E-01   8.8932540E-02   1.1443170E-01   2.6788370E-01   7.2128590E-01
  1.6288430E+00   2.3600840E+00   2.1181690E+00   2.3524680E+00   2.5065810E+00   2.3482890E+00   2.1834060E+00   2.2391670E+00   2.3532510E+00   1.9184740E+00
  1.9209180E+00   1.9525930E+00   2.0858300E+00   1.9078930E+00   1.7644100E+00   1.8586940E+00   1.9469570E+00   1.8203420E+00   1.5645360E+00   1.3606230E+00
  1.5970070E+00   1.4034380E+00   1.7063180E+00   1.6360280E+00   1.6072500E+00   1.4381850E+00   1.4443580E+00   1.3963510E+00   1.3571340E+00   1.5692710E+00
  1.3871350E+00   1.5380710E+00   1.8591430E+00   1.7997380E+00   1.6079510E+00   1.3973420E+00   1.7345380E+00   1.4177990E+00   1.4512510E+00   1.2715250E+00
  1.3936940E+00   1.6411150E+00   1.3536790E+00   1.1832090E+00   1.1577430E+00   1.4295420E+00   1.3365480E+00   1.2111950E+00   1.2331190E+00   1.2024130E+00
  1.2428600E+00   1.2363850E+00   1.3546090E+00   1.1542780E+00   1.2175300E+00   1.1983960E+00   1.1940700E+00   1.3278850E+00   1.1543250E+00   1.0617740E+00
  1.2076670E+00   1.2483310E+00   1.1804140E+00   1.2528540E+00   1.2825850E+00   1.4013400E+00   1.1361150E+00   1.1249360E+00   1.0633730E+00   1.0170630E+00
  1.0743000E+00   1.1314590E+00   1.3306140E+00   1.2153860E+00   1.1809250E+00   1.1421660E+00   1.0257030E+00   9.9485160E-01   1.1454350E+00   1.0730800E+00
  1.0716940E+00   1.2408660E+00   1.0211560E+00   1.0659720E+00   9.8299900E-01   1.0389030E+00   9.1589790E-01   1.0549310E+00   9.9741370E-01   9.6692600E-01
  9.4494500E-01   8.5000770E-01   9.7273930E-01   9.0160790E-01   9.4404880E-01   1.0814370E+00   8.5916110E-01   8.5109710E-01   8.8372700E-01   1.0122190E+00
  9.4851980E-01   9.0920670E-01   9.6569320E-01   1.3981360E+00   1.1076160E+00   9.5768670E-01   1.0157640E+00   9.9233420E-01   9.2219740E-01   1.0478490E+00
  1.0257550E+00   1.0798140E+00   8.3888210E-01   1.0364370E+00   8.8558040E-01   8.0243930E-01   8.4991720E-01   9.1397240E-01   9.2905120E-01   1.0904510E+00
  9.1695640E-01   9.2353280E-01   1.0066450E+00   9.3259990E-01   8.7068400E-01   9.5483250E-01   9.5046470E-01   8.9797760E-01   8.0911300E-01   8.0745090E-01
  9.5924200E-01   9.1171990E-01   8.8913450E-01   9.7781780E-01   1.0667720E+00   9.5172060E-01   9.6421210E-01   9.2496070E-01   1.0291880E+00   1.0055510E+00
  9.8895060E-01   1.5253800E+00   1.1225930E+00   9.4674440E-01   8.3964390E-01   8.9172770E-01   9.7261560E-01   9.3181820E-01   1.1982820E+00   8.7057710E-01
  7.3667210E-01   9.5472520E-01   9.2994770E-01   8.6367610E-01   9.0387040E-01   8.8370600E-01   1.2038230E+00   8.8207950E-01   8.5865280E-01   8.5430020E-01
  9.3637850E-01   1.1804520E+00   1.0390800E+00   9.9750040E-01   1.1978610E+00   1.0775620E+00   1.1333070E+00   1.2763450E+00   1.2669130E+00   1.1010160E+00
  1.0132380E+00   1.0169430E+00   1.0284360E+00   9.7265490E-01   8.6155490E-01   8.2630140E-01   9.0302970E-01   9.4372650E-01   1.2240260E+00   1.1525660E+00
  1.1057820E+00   1.1387200E+00   1.4548120E+00   1.0778750E+00   1.0469870E+00   1.1171200E+00   9.8503290E-01   1.1994110E+00   1.0620120E+00   1.1636150E+00
  1.1340790E+00   1.1704270E+00   1.1887000E+00   9.4755330E-01   1.0864530E+00   9.5211880E-01   9.9054350E-01   1.0623000E+00   1.0350690E+00   9.3417970E-01
  1.1190880E+00   1.0377470E+00   1.1699430E+00   1.0568450E+00   1.0559410E+00   1.1414880E+00   9.9775020E-01   1.2143230E+00   1.2488810E+00   1.1071210E+00
  1.1071100E+00   1.1557630E+00   9.7609520E-01   1.0335170E+00   1.0283920E+00   1.1976690E+00   1.0842100E+00   1.0382090E+00   1.1084260E+00   9.4342260E-01
  1.2497520E+00   8.9730310E-01   9.5401880E-01   1.0816650E+00   1.2881440E+00   1.3316010E+00   1.2685330E+00   1.1312310E+00   1.0546680E+00   1.0528570E+00
  1.0752850E+00   1.2399220E+00   1.0813470E+00   1.1817960E+00   1.3500050E+00   1.0348340E+00   1.0737780E+00   1.2797320E+00   1.3124100E+00   1.1589840E+00
  1.2635110E+00   1.2456990E+00   1.1517640E+00   9.5846820E-01   1.2713850E+00   1.1310890E+00   1.2335480E+00   1.2123770E+00   1.1510240E+00   1.1609930E+00
  1.3060710E+00   1.1450710E+00   1.1719030E+00   1.3140630E+00   1.2017430E+00   1.1745580E+00   1.1878190E+00   1.2997820E+00   1.4751290E+00   1.2791350E+00
  1.2558070E+00   1.3440840E+00   1.3053540E+00   1.1497310E+00   1.3466100E+00   1.4086520E+00   1.1593660E+00   1.4450480E+00   1.1317970E+00   1.8156730E+00
  1.1906890E+00   1.1924230E+00   1.4105080E+00   1.1962740E+00   1.2223500E+00   1.2088890E+00   1.2217860E+00   1.2545780E+00   1.4267260E+00   1.3745430E+00
  1.4069650E+00   1.4291180E+00   1.0736320E+00   1.1666500E+00   1.3021000E+00   1.1736150E+00   1.3577930E+00   1.1637630E+00   1.1099010E+00   1.3952860E+00
  1.1369290E+00   1.2432200E+00   1.1191130E+00   1.1253700E+00   1.1028610E+00   1.1420310E+00   1.4359850E+00   1.3498710E+00   1.2154860E+00   1.3354900E+00
  1.2153970E+00   1.1987260E+00   1.4660150E+00   2.0888500E+00   1.1328480E+00   1.1075870E+00   1.1949340E+00   1.1598870E+00   1.0838810E+00   1.0654240E+00
  1.2636060E+00   1.1871710E+00   1.1848050E+00   1.3591810E+00   1.5545900E+00   1.6672940E+00   1.2476820E+00   1.3813460E+00   1.3335100E+00   1.2559750E+00
  1.4348160E+00   1.2967080E+00   1.6133720E+00   1.4630010E+00   1.3968860E+00   1.3807630E+00   1.3303240E+00   1.3755760E+00   1.2386710E+00   1.6786080E+00
  1.2577130E+00   1.1994200E+00   1.2251590E+00   1.2147410E+00   1.2368670E+00   1.0681480E+00   1.1620880E+00   1.3389830E+00   1.2515680E+00   1.4206930E+00
  1.3082460E+00   1.1573930E+00   1.2243300E+00   1.3990800E+00   1.1939610E+00   1.3788380E+00   1.3822710E+00   1.0861710E+00   1.2467760E+00   1.4962740E+00
  1.3753050E+00   1.2536450E+00   1.2902500E+00   1.2495930E+00   1.3509430E+00   1.1810630E+00   1.2837460E+00   1.3790700E+00   1.2785660E+00   1.4047650E+00
  1.5252130E+00   1.2883990E+00   1.3560490E+00   1.2513620E+00   1.4270790E+00   1.3538470E+00   1.3043150E+00   1.5258100E+00   1.2983870E+00   1.5953920E+00
  1.4074100E+00   1.3520600E+00   1.2608370E+00   1.1521650E+00   1.2211090E+00   1.2017620E+00   1.4078680E+00   1.2834330E+00   1.2735000E+00   1.4304420E+00
  1.3163640E+00   1.3395530E+00   1.2345440E+00   1.4244160E+00   1.2605270E+00   1.3055170E+00   1.2305370E+00   1.1936770E+00   1.5805580E+00   1.2505460E+00
  1.3551240E+00   1.1751860E+00   1.2035630E+00   1.4273120E+00   1.3468140E+00   1.3817980E+00   1.3392570E+00   1.3528070E+00   1.4038110E+00   1.2922230E+00
  1.2731960E+00   1.2924380E+00   1.2218130E+00   1.1497340E+00   1.3284190E+00   1.0919850E+00   1.1149100E+00   1.3021560E+00   1.4000350E+00   1.4195770E+00
  1.4904440E+00   1.3407490E+00   1.3598460E+00   1.5435060E+00   1.3865790E+00   1.6853130E+00   1.2167020E+00   1.6484770E+00   1.4124950E+00   1.4632720E+00
  1.3013050E+00   1.3876670E+00   1.4775290E+00   1.4639530E+00   1.2960270E+00   1.3678350E+00   1.3136120E+00   1.3979120E+00   1.3487670E+00   1.5651280E+00
  1.7023870E+00   1.3781670E+00   1.5081450E+00   1.2783580E+00   1.1583370E+00   1.1833290E+00   1.2674470E+00   1.3345250E+00   1.1796680E+00   1.5762470E+00
  1.4823120E+00   1.5466530E+00   1.1779840E+00   1.1621360E+00   1.2699420E+00   1.5118130E+00   1.3594180E+00   1.3934950E+00   1.3166450E+00   1.0899230E+00
  1.1463010E+00   1.2797270E+00   1.3517090E+00   1.3694070E+00   1.4311820E+00   1.2766480E+00   1.2482620E+00   1.2828570E+00   1.4629750E+00   1.3221430E+00
  1.2837900E+00   1.1825050E+00   1.4828760E+00   1.3270740E+00   1.2516420E+00   1.3046520E+00   1.1429080E+00   1.1585150E+00   1.2968450E+00   1.2690370E+00
  1.1948290E+00   1.3934790E+00   1.5822950E+00   1.1852740E+00   1.4519220E+00   1.4764110E+00   1.7385000E+00   1.3804220E+00   1.3509810E+00   1.4105560E+00
  1.1562370E+00   1.1409270E+00   1.1205490E+00   1.2000080E+00   1.0946060E+00   1.2233880E+00   1.2569480E+00   1.2914180E+00   1.2840540E+00   1.1168920E+00
