Siegfried Raasch  model version: PALM 2.6b  resolution: 3.125 m   Set D
         130
  0.0000000E+00   3.1250000E+00   6.2500000E+00   9.3750000E+00   1.2500000E+01   1.5625000E+01   1.8750000E+01   2.1875000E+01   2.5000000E+01   2.8125000E+01
  3.1250000E+01   3.4375000E+01   3.7500000E+01   4.0625000E+01   4.3750000E+01   4.6875000E+01   5.0000000E+01   5.3125000E+01   5.6250000E+01   5.9375000E+01
  6.2500000E+01   6.5625000E+01   6.8750000E+01   7.1875000E+01   7.5000000E+01   7.8125000E+01   8.1250000E+01   8.4375000E+01   8.7500000E+01   9.0625000E+01
  9.3750000E+01   9.6875000E+01   1.0000000E+02   1.0312500E+02   1.0625000E+02   1.0937500E+02   1.1250000E+02   1.1562500E+02   1.1875000E+02   1.2187500E+02
  1.2500000E+02   1.2812500E+02   1.3125000E+02   1.3437500E+02   1.3750000E+02   1.4062500E+02   1.4375000E+02   1.4687500E+02   1.5000000E+02   1.5312500E+02
  1.5625000E+02   1.5937500E+02   1.6250000E+02   1.6562500E+02   1.6875000E+02   1.7187500E+02   1.7500000E+02   1.7812500E+02   1.8125000E+02   1.8437500E+02
  1.8750000E+02   1.9062500E+02   1.9375000E+02   1.9687500E+02   2.0000000E+02   2.0312500E+02   2.0625000E+02   2.0937500E+02   2.1250000E+02   2.1562500E+02
  2.1875000E+02   2.2187500E+02   2.2500000E+02   2.2812500E+02   2.3125000E+02   2.3437500E+02   2.3750000E+02   2.4062500E+02   2.4375000E+02   2.4687500E+02
  2.5000000E+02   2.5312500E+02   2.5625000E+02   2.5937500E+02   2.6250000E+02   2.6562500E+02   2.6875000E+02   2.7187500E+02   2.7500000E+02   2.7812500E+02
  2.8125000E+02   2.8437500E+02   2.8750000E+02   2.9062500E+02   2.9375000E+02   2.9687500E+02   3.0000000E+02   3.0312500E+02   3.0625000E+02   3.0937500E+02
  3.1250000E+02   3.1562500E+02   3.1875000E+02   3.2187500E+02   3.2500000E+02   3.2812500E+02   3.3125000E+02   3.3437500E+02   3.3750000E+02   3.4062500E+02
  3.4375000E+02   3.4687500E+02   3.5000000E+02   3.5312500E+02   3.5625000E+02   3.5937500E+02   3.6250000E+02   3.6562500E+02   3.6875000E+02   3.7187500E+02
  3.7500000E+02   3.7812500E+02   3.8125000E+02   3.8437500E+02   3.8750000E+02   3.9062500E+02   3.9375000E+02   3.9687500E+02   4.0000000E+02   4.0312500E+02
  0.0000000E+00   1.3791010E-02   6.6164860E-03   6.5672300E-03   4.9320680E-03   4.2004080E-03   3.5732110E-03   3.2138290E-03   2.8372570E-03   2.6360130E-03
  2.4047590E-03   2.2618920E-03   2.1102670E-03   1.9892000E-03   1.8808080E-03   1.7604240E-03   1.6458090E-03   1.5342140E-03   1.4534750E-03   1.3780140E-03
  1.3214980E-03   1.2412670E-03   1.2056650E-03   1.1277230E-03   1.0701560E-03   1.0209190E-03   9.7600670E-04   9.2716140E-04   8.7604060E-04   8.2303070E-04
  7.8487770E-04   7.3924600E-04   7.0134940E-04   6.6244120E-04   6.0945490E-04   5.6913910E-04   5.2918850E-04   4.8710760E-04   4.5862460E-04   4.2090390E-04
  3.8428350E-04   3.4542890E-04   3.1548300E-04   2.9109350E-04   2.6560390E-04   2.3922100E-04   2.1473950E-04   1.9031540E-04   1.6557380E-04   1.4305280E-04
  1.2058610E-04   1.0080630E-04   8.1835690E-05   6.6993670E-05   5.3101470E-05   4.1852080E-05   3.3895780E-05   2.7813480E-05   2.3435430E-05   1.9465090E-05
  1.5285600E-05   1.0806650E-05   5.8615230E-06   1.8296250E-06  -2.9229040E-07  -7.7620860E-07  -5.6275330E-07  -2.7474210E-07  -9.1303540E-08  -8.7586960E-09
  2.3119650E-08   2.0360710E-08   3.1283800E-09   2.4435830E-09  -2.7132150E-09   2.3585140E-09  -4.3955390E-09   1.1788790E-08   2.3537210E-09   7.3386260E-09
 -2.5140400E-09  -1.3108490E-09   2.9443910E-09   1.2882900E-09  -5.4781460E-09  -8.4363250E-10   3.3206100E-09  -3.4753080E-09   2.2247150E-09   2.5036100E-09
  4.5313700E-09  -3.8896990E-09  -3.0336920E-10  -7.0157210E-09  -2.0365010E-08  -3.3992220E-08  -1.2684340E-07   1.9718210E-08   7.5791540E-08   2.7630170E-08
  8.3555150E-09   2.4751310E-09   6.9355960E-10   1.9470610E-10   5.5195680E-11   1.6006080E-11   4.8044970E-12   1.5024550E-12   4.9097240E-13   1.6789050E-13
  6.0107230E-14   2.2527360E-14   8.8343500E-15   3.6230730E-15   1.5532200E-15   6.9595930E-16   3.2600670E-16   1.5973480E-16   8.1926510E-17   4.4016010E-17
  2.4782550E-17   1.4622180E-17   9.0352630E-18   5.8400890E-18   3.9420770E-18   2.7723570E-18   2.0192710E-18  -6.1948400E-17   0.0000000E+00   0.0000000E+00
  0.0000000E+00   1.7536140E-03   2.1740770E-04   1.7616680E-04   8.6025330E-05   5.7736980E-05   4.0590230E-05   3.2387590E-05   2.5165090E-05   2.2248810E-05
  1.9450380E-05   1.7710680E-05   1.5668090E-05   1.4558180E-05   1.3805160E-05   1.2573930E-05   1.1849590E-05   1.0806910E-05   1.0205140E-05   9.5491380E-06
  9.2684310E-06   9.2215040E-06   9.5591940E-06   8.8209470E-06   8.5150390E-06   8.3355460E-06   8.3982540E-06   8.3463850E-06   8.2301590E-06   7.7438060E-06
  7.7839170E-06   7.8741240E-06   8.0987440E-06   7.8786220E-06   7.2537530E-06   6.8032940E-06   6.4094230E-06   6.3490070E-06   6.5267620E-06   6.2016660E-06
  5.9454550E-06   5.3590280E-06   5.1389420E-06   5.0359090E-06   4.9937740E-06   4.8557050E-06   4.6055510E-06   4.4126220E-06   4.0560730E-06   3.7682120E-06
  3.4502450E-06   3.0646080E-06   2.5591740E-06   2.2314450E-06   1.8757410E-06   1.5972010E-06   1.3487350E-06   1.0760200E-06   8.6863090E-07   6.4941440E-07
  4.5247890E-07   2.8772740E-07   1.6391860E-07   8.9060380E-08   4.5148280E-08   1.4026030E-08   2.8009550E-09   2.5474380E-10   7.5180040E-12   2.3629470E-12
 -2.5711860E-12   4.1115610E-13   6.9435430E-13   5.2989110E-14  -9.3982400E-14   7.1608270E-14  -3.4507560E-14   4.7748810E-14   1.6533890E-15  -1.9993030E-15
  9.9092660E-16   3.1483430E-16   7.9527650E-17   1.1998940E-15  -1.1550670E-15  -1.0590710E-16  -6.4111190E-17   3.9111000E-17   7.3798120E-17  -1.3721740E-18
  7.6646720E-19   3.0909670E-21  -2.9513330E-23   1.3861850E-21   4.0156460E-22  -2.1479200E-23   1.8298270E-22   5.5812100E-24   2.3003370E-23   1.8912320E-24
  1.1676150E-26   1.0842410E-29   1.1441060E-32   1.7799710E-35   3.3406610E-38   2.6519040E-41   9.3663250E-44   2.6492090E-46   7.2193870E-49   6.7221930E-53
  6.5036460E-55   4.6965730E-57   1.7204190E-59   1.3749520E-61  -4.5507590E-64  -7.7323450E-67  -4.6299810E-69  -4.6331660E-71  -1.8892060E-73  -1.2563830E-77
  6.1525530E-80   1.0335410E-82   4.2034500E-85   1.2708670E-87  -1.0300020E-90  -9.1745620E-93  -6.2671110E-95   4.8732000E-98   0.0000000E+00   0.0000000E+00
  0.0000000E+00  -1.3244400E-04  -2.3575250E-04  -2.6633790E-04  -2.8836430E-04  -2.9781980E-04  -3.0249720E-04  -3.0262170E-04  -3.0172380E-04  -2.9777800E-04
 -2.9369760E-04  -2.8864160E-04  -2.8315100E-04  -2.7775270E-04  -2.7158750E-04  -2.6533140E-04  -2.5862870E-04  -2.5206230E-04  -2.4546060E-04  -2.3854960E-04
 -2.3164220E-04  -2.2472520E-04  -2.1720890E-04  -2.1004510E-04  -2.0242830E-04  -1.9509300E-04  -1.8752210E-04  -1.8033900E-04  -1.7342030E-04  -1.6619060E-04
 -1.5897330E-04  -1.5185790E-04  -1.4471740E-04  -1.3799750E-04  -1.3189990E-04  -1.2590490E-04  -1.1999300E-04  -1.1435900E-04  -1.0862620E-04  -1.0315280E-04
 -9.7643300E-05  -9.2189700E-05  -8.6488660E-05  -8.0973470E-05  -7.4952640E-05  -6.9577140E-05  -6.3882340E-05  -5.8572980E-05  -5.3515880E-05  -4.9165310E-05
 -4.4546820E-05  -3.9959960E-05  -3.5918690E-05  -3.1441040E-05  -2.7239750E-05  -2.3385750E-05  -1.9757050E-05  -1.6563410E-05  -1.3697610E-05  -1.1223720E-05
 -9.0937080E-06  -7.1269720E-06  -5.0078820E-06  -3.0571690E-06  -1.5535050E-06  -4.4377320E-07   3.0206400E-07   6.5284540E-07   6.5145530E-07   4.4092740E-07
  1.6723070E-07  -4.2476030E-08  -1.2577340E-07  -1.4427790E-07  -1.6132570E-07  -1.6379210E-07  -1.4809760E-07  -1.2468370E-07  -9.6240990E-08  -6.9994710E-08
 -4.8779880E-08  -3.8858310E-08  -3.2080200E-08  -2.8089010E-08  -2.2482720E-08  -2.1600390E-08  -1.1870610E-08  -3.4764290E-09  -3.6528930E-10   7.2380290E-09
  9.7990000E-09   1.1361480E-08   1.7029870E-08   1.6461460E-08   1.3876580E-08   1.4316320E-08   2.3860970E-08  -1.2807330E-08  -1.5834280E-07  -2.3948620E-07
 -2.6769320E-07  -2.4236710E-07  -1.8538720E-07  -1.3190660E-07  -9.1845070E-08  -6.3688460E-08  -4.4336380E-08  -3.1122160E-08  -2.2082710E-08  -1.5857570E-08
 -1.1528800E-08  -8.4839610E-09  -6.3154700E-09  -4.7512690E-09  -3.6085370E-09  -2.7633080E-09  -2.1306410E-09  -1.6516820E-09  -1.2851830E-09  -1.0019080E-09
 -7.8090900E-10  -6.0702170E-10  -4.6916820E-10  -3.5919240E-10  -2.7105650E-10  -2.0028190E-10  -1.4355980E-10  -1.0829210E-10   0.0000000E+00   0.0000000E+00
  0.0000000E+00   1.3550190E-04  -1.2687210E-04   2.2374710E-05  -5.9746920E-06  -6.1989910E-06  -4.1611120E-06   5.1229930E-06   6.2440060E-06   3.3063830E-06
  4.8787340E-06   2.0634870E-06   2.5489660E-07  -6.9969070E-06  -7.8470300E-06  -2.5590250E-06  -2.2355340E-06  -1.3862630E-06   8.4754730E-07   5.3636240E-07
 -3.1704880E-06  -3.7320110E-06  -5.9260490E-07  -3.1566620E-07  -2.3588920E-06  -5.9180350E-06  -4.7336630E-06  -3.9982920E-06  -2.9456740E-06  -2.6218930E-06
 -1.8152430E-06  -1.1302080E-06   6.2665930E-08  -5.5194560E-07  -3.0779670E-06  -1.2038910E-06   3.3445210E-06   5.6791440E-06   5.5216300E-06   2.6487920E-06
 -1.2466620E-07  -1.6654000E-06  -2.1801290E-06  -2.1674310E-06  -2.3874120E-06  -3.1055850E-06  -3.9226240E-06  -2.6160730E-06  -1.9014450E-06  -1.5830140E-06
 -8.2019470E-07  -1.0537990E-07   1.0822890E-06   1.4939480E-06   2.0240020E-06   2.3005760E-06   2.0524260E-06   2.0833690E-06   2.0075360E-06   1.7677530E-06
  8.6160530E-07   6.6835830E-07   1.3321740E-06   2.2056480E-06   1.5008350E-06  -2.6919320E-07  -1.2347880E-06  -1.3640180E-06  -1.0401650E-06  -3.9723320E-07
  1.9782660E-07   1.8086480E-07  -1.5185570E-07  -1.8729970E-07  -1.1163390E-07   3.1819530E-08   5.3421290E-08   2.3235450E-07   4.3217390E-07   4.5470470E-07
  4.6786820E-07   3.9628790E-07   1.4590550E-07  -8.9795250E-08  -1.5396300E-07  -2.0919990E-07  -1.6599080E-07  -7.8888200E-08   5.6532990E-09   2.2767150E-09
 -3.1813940E-08   3.2531370E-08   7.4287730E-08   1.2733880E-07   2.0290240E-07   2.1400630E-07   1.9564730E-07   1.4801080E-07   1.0408100E-07   1.1580380E-07
  1.6808580E-07   2.1055870E-07   2.1864990E-07   2.0831740E-07   1.8860890E-07   1.6628570E-07   1.4458350E-07   1.2491030E-07   1.0769760E-07   9.2913140E-08
  8.0328620E-08   6.9653710E-08   6.0600180E-08   5.2908620E-08   4.6356720E-08   4.0758890E-08   3.5962410E-08   3.1842560E-08   2.8297850E-08   2.5245860E-08
  2.2619640E-08   2.0364940E-08   1.8437840E-08   1.6802960E-08   1.5432050E-08   1.4302850E-08   1.3398330E-08   1.2707150E-08   0.0000000E+00   0.0000000E+00
 -0.0000000E+00   9.4538230E-04   1.2156130E-03   6.2265150E-04   4.7791510E-04   3.7099150E-04   3.0906450E-04   2.6643720E-04   2.3606640E-04   2.1465180E-04
  1.9709940E-04   1.8188340E-04   1.6873050E-04   1.5716210E-04   1.4723830E-04   1.3793070E-04   1.2941250E-04   1.2164390E-04   1.1489120E-04   1.0891240E-04
  1.0331470E-04   9.8419480E-05   9.3565880E-05   8.8365090E-05   8.3633910E-05   7.9785050E-05   7.6499490E-05   7.3234150E-05   6.9180680E-05   6.4818690E-05
  6.1384010E-05   5.8945380E-05   5.6376120E-05   5.2568950E-05   4.8253110E-05   4.4352690E-05   4.1055190E-05   3.8502050E-05   3.6240570E-05   3.3818630E-05
  3.0938120E-05   2.7609850E-05   2.4946520E-05   2.3093150E-05   2.1291560E-05   1.9486620E-05   1.7754820E-05   1.5926450E-05   1.4005900E-05   1.2276120E-05
  1.0666160E-05   9.0661370E-06   7.5490190E-06   6.2355660E-06   5.2094630E-06   4.3853750E-06   3.6475090E-06   3.0043250E-06   2.4776900E-06   1.9863940E-06
  1.4884460E-06   1.0268980E-06   6.6243090E-07   4.4389170E-07   3.4162510E-07   2.5859330E-07   1.7208830E-07   1.1746900E-07   8.6661660E-08   6.5164860E-08
  4.5777570E-08   2.6006450E-08   1.2351000E-08   5.6113820E-09   2.7564840E-09   1.3983830E-09   7.4774590E-10   3.8468170E-10   1.9964050E-10   1.0594250E-10
  6.1324720E-11   4.2976230E-11   2.6359540E-11   1.4049620E-11   3.2407280E-12   6.7074630E-13   1.6689110E-13   1.4261520E-13   1.2204920E-13   1.0019590E-14
  1.6977700E-15   1.2151590E-16   1.6717650E-17   2.5590490E-18   5.2486780E-19   1.0020600E-19   2.4282530E-20   7.2979550E-21   3.1063720E-21   3.4456150E-22
  1.6024810E-24   1.2233470E-27   1.2358500E-30   2.1934330E-33   6.2044360E-36   2.3652320E-38   1.8695070E-40   5.1658510E-43   3.0182000E-45   1.5527970E-47
  4.1883770E-50   4.1119120E-52   2.1078470E-54   2.7029890E-56   3.3533250E-59   1.0038710E-61   6.8720310E-64   9.6917450E-66   6.3401100E-68   1.8300880E-71
  3.3508650E-74   5.2567880E-77   3.0280370E-79   1.5685140E-81   5.8965730E-84   3.2117390E-86   1.5714720E-88   2.4683330E-92  -0.0000000E+00  -0.0000000E+00
  0.0000000E+00  -2.3421460E-06  -1.5429500E-06   1.4408670E-06   3.0350220E-06   1.9480790E-06   8.3504940E-07  -5.8386180E-07  -3.0230940E-06  -4.4144390E-06
 -6.3668480E-06  -7.8602590E-06  -6.8318650E-06  -4.4574140E-06  -1.5565970E-06   7.4998520E-07   3.0249040E-06   3.8738670E-06   2.3691150E-06   1.5642930E-06
  4.0038820E-06   8.4492290E-06   1.0132130E-05   8.9541170E-06   8.5197910E-06   9.6997170E-06   1.0806140E-05   1.1122170E-05   1.1842260E-05   1.2365520E-05
  1.1576980E-05   1.1459390E-05   1.1877930E-05   1.1671100E-05   1.1034510E-05   1.0159470E-05   8.9040830E-06   7.1888210E-06   5.6790290E-06   4.8492200E-06
  4.0424220E-06   2.4744300E-06   8.5450980E-07   4.3027670E-07   6.0218470E-07   7.2183510E-07   8.3214270E-07   6.7664070E-07   7.5153590E-07   9.4471140E-07
  8.3070090E-07   7.7735100E-07   1.0348950E-06   1.5005110E-06   1.8013300E-06   1.6331730E-06   1.3372230E-06   1.1248620E-06   8.8085100E-07   7.7935340E-07
  7.5736180E-07   7.8635460E-07   7.5910060E-07   6.1342640E-07   5.1563840E-07   4.1730880E-07   2.9170730E-07   2.1286890E-07   1.7846980E-07   1.6507760E-07
  1.5718670E-07   1.5760640E-07   1.6366460E-07   1.7763860E-07   1.9459000E-07   2.0006200E-07   1.8657050E-07   1.6591210E-07   1.4326540E-07   1.1565370E-07
  9.2106330E-08   7.5541340E-08   6.0107150E-08   4.6692160E-08   3.7583880E-08   3.2950090E-08   3.1122100E-08   3.0923020E-08   3.1749700E-08   3.2932530E-08
  3.3670730E-08   3.4411070E-08   3.5465750E-08   3.2227020E-08   2.4122820E-08   1.3378950E-08  -1.7567260E-09  -2.1832560E-08  -3.2634550E-08  -2.5582000E-08
 -1.2276900E-08  -3.2170000E-09   8.9751060E-10   2.2876770E-09   2.4548550E-09   2.1843350E-09   1.8165440E-09   1.4725470E-09   1.1843700E-09   9.5288010E-10
  7.6992790E-10   6.2603510E-10   5.1277520E-10   4.2329510E-10   3.5222970E-10   2.9545140E-10   2.4980820E-10   2.1289740E-10   1.8288570E-10   1.5836980E-10
  1.3827180E-10   1.2176080E-10   1.0819420E-10   9.7074530E-11   8.8017550E-11   8.0728160E-11   7.4983220E-11   7.0621510E-11   0.0000000E+00   0.0000000E+00
