# z uu uv uw vv vw ww TKE
4.000000000000000000e+01 1.605996283086044973e-01 8.522526042144094871e-02 5.866713394489899477e-04 3.004226699238295439e-01 2.466874663021262001e-03 1.088818658598373831e-02 5.808228691207768107e-02
1.200000000000000000e+02 1.877348945041288908e-01 -4.241588904576962943e-02 8.365516616128953337e-03 4.910996062871426648e-01 2.428624343314065431e-02 4.627576745243524442e-02 1.392823302815873743e-01
2.000000000000000000e+02 1.643560232375432251e-01 -1.052267918357224601e-02 3.192757661369897276e-02 4.398853906964853566e-01 2.532920711658530333e-02 9.974350476291185541e-02 1.152304130325242093e-01
2.800000000000000000e+02 2.499774714040831625e-01 -2.785468461468084203e-02 1.771055376033495860e-02 4.495228316808993485e-01 -4.833689827753931412e-02 1.510926555465558485e-01 1.436942514860517772e-01
3.600000000000000000e+02 3.509806137182361341e-01 2.948090756222071507e-02 8.702113217516461996e-02 3.296153828190930279e-01 1.516784597787614085e-03 2.229370710563878533e-01 1.407673147241039202e-01
4.400000000000000000e+02 3.760579636015769500e-01 1.259477350607647872e-01 1.289080000979888653e-02 4.352521837516696301e-01 -2.938928082991474830e-02 2.162015178234487633e-01 1.888035758789625984e-01
5.200000000000000000e+02 4.155589827318957319e-01 1.568421468459900159e-01 1.066139864980099050e-01 5.982895863150621274e-01 6.663830562861924878e-02 2.588242514660212268e-01 2.988148451845812348e-01
6.000000000000000000e+02 4.902597804167340145e-01 2.625324970975330685e-01 -3.480890551516385711e-02 9.023098176248467439e-01 5.320424364626214452e-03 2.447515306842548144e-01 5.572104855243671384e-01
6.800000000000000000e+02 5.966935283830706593e-01 2.765093333528099162e-01 8.798821658375313715e-02 8.974035184997078973e-01 1.019113184030368269e-01 2.089388349404490697e-01 6.025158392880830549e-01
7.600000000000000000e+02 4.937840165365041667e-01 6.397663591789226611e-02 1.050772810795767565e-01 4.360215307189190814e-01 8.922780493348034248e-02 2.049686039850991959e-01 2.379747794284961804e-01
8.400000000000000000e+02 3.889674534349154555e-01 1.201259168222558044e-01 -3.567371014415275654e-02 3.940027716923965584e-01 -3.712166586297459964e-02 1.542061845821765809e-01 1.651567056481631213e-01
9.200000000000000000e+02 1.891716746940212135e-01 1.734977376780696620e-02 -2.543451305395850320e-02 2.696754323308679369e-01 -4.420874369237291074e-02 9.548534823484272627e-02 5.881410651845515175e-02
1.000000000000000000e+03 1.326017871204519250e-01 -1.694441503044946326e-02 -1.504610919949410722e-02 2.514644402860913841e-01 2.262782939000410748e-02 7.996859858495811157e-02 4.360628771778851664e-02
1.080000000000000000e+03 2.237062804573505537e-01 2.819366800950383334e-02 -2.459098157410179522e-02 2.091327644275859932e-01 -1.188578072168606408e-03 7.349023516022519520e-02 4.959091386854607569e-02
1.160000000000000000e+03 3.123868947857635914e-01 8.909086359422078993e-02 -6.009196105907792934e-02 2.591831536066970254e-01 -2.774507287113234938e-02 6.761979884519840611e-02 8.466695817163476245e-02
1.240000000000000000e+03 2.361486227506791880e-01 3.498302655567938485e-02 -4.195513809622561374e-02 2.712710073794869503e-01 6.075313291632288351e-03 6.749206406630080257e-02 6.695465509182695063e-02
1.320000000000000000e+03 1.644149127294017576e-01 -1.586819606873118502e-02 -2.706929268115965820e-02 2.344471593744081872e-01 4.382615086288631917e-02 7.594906790593711210e-02 4.388299749116329751e-02
1.400000000000000000e+03 9.611906078990008206e-02 -3.461321263844778506e-02 -1.754536778500776287e-02 9.965653042890737501e-02 2.572926785116988468e-02 8.066033922374894749e-02 1.283819411397525180e-02
1.480000000000000000e+03 7.925794218730330964e-02 -1.278749232411679343e-02 -4.313539980657331296e-04 7.896897510202276205e-02 4.333319532714753901e-04 7.998922905929277405e-02 9.458098596964906180e-03
1.560000000000000000e+03 6.255038710728706708e-02 -1.819425327822264682e-02 -2.375174704175136032e-03 7.301883458924847414e-02 -4.534710153677818691e-03 7.723709809185354269e-02 7.604935226847049992e-03
1.640000000000000000e+03 6.605552440329301445e-02 -3.356347551744279234e-02 8.416008974226936315e-04 6.000483002067902305e-02 4.857836052583624879e-03 7.378377513349058947e-02 6.703978701477063262e-03
1.720000000000000000e+03 6.472962826051151253e-02 -3.803622069624030405e-02 4.959319391999051502e-04 7.436733843511011965e-02 3.871612938155012847e-03 7.019659526857442711e-02 7.323993893983132310e-03
1.800000000000000000e+03 7.217637965441243975e-02 -2.753643215476495737e-02 1.873235830519669751e-03 9.068660007028131465e-02 -6.116357186525426398e-03 6.376790337328010205e-02 8.749917356474509050e-03
1.880000000000000000e+03 9.818173373234462264e-02 -2.105405705875150468e-02 3.247424029055087820e-03 9.675248284241659558e-02 -8.846477013417690730e-03 5.680719351641607545e-02 1.111387650503633910e-02
1.960000000000000000e+03 9.444403511961252384e-02 -1.500604897021962092e-02 6.027039868753288586e-03 9.775919073968884765e-02 -7.782605756700376569e-03 5.141927202597035979e-02 1.056023833971710471e-02
2.040000000000000000e+03 5.230455215241828354e-02 -1.874057653007966603e-02 5.409729999612801661e-03 9.609840556405142842e-02 -4.720113124666538117e-03 4.632398688692839633e-02 7.058290744459135013e-03
2.120000000000000000e+03 4.008162034485260317e-02 -1.298737966590965409e-02 -1.778816599678442875e-03 8.206290143326688824e-02 -3.299042472602478279e-03 4.063773490783709197e-02 4.996140789777310000e-03
2.200000000000000000e+03 5.203748741529147515e-02 -7.051429339199507575e-03 -6.429714806137078534e-03 8.530443135750152839e-02 2.700426981968154813e-04 3.437810471710078808e-02 5.583300094831628035e-03
2.280000000000000000e+03 6.048567154525356926e-02 4.555846691473484597e-04 -5.299992176052190085e-03 1.260147979937000229e-01 3.365720290536357556e-03 2.704869561714117951e-02 1.013493885513103675e-02
2.360000000000000000e+03 5.273329262648321358e-02 3.677122881405191137e-03 -8.828598273254996106e-04 1.579148776217948746e-01 2.974285964322138324e-03 1.878937240482913759e-02 1.403547462045205869e-02
2.440000000000000000e+03 3.787615213131684255e-02 -2.250154061772581277e-03 4.837217684759434152e-04 1.214356455644679256e-01 1.073723519232420032e-03 1.070640208398943374e-02 8.147922979758893958e-03
2.520000000000000000e+03 9.836767787178853084e-02 4.834016443348434361e-02 -9.245088560722453108e-04 1.649254586804114187e-01 1.282673560945220845e-03 1.901177300234920030e-03 1.844011072297948792e-02
