# z, uu, uv, uw, vv, vw, ww, tke
0.000000000000000000e+00 9.961432961984804102e-01 1.453265575842490609e-01 -9.772777660404159683e-02 4.728432666956058905e-01 -1.836935037263979706e-02 9.457571119078073130e-02 7.817811370424335715e-01
1.041666700000000034e+01 1.107778049517057939e+00 1.615259597906485156e-01 -9.849256765500218058e-02 4.822766413341448288e-01 -1.703384977540945908e-02 7.472894930463239160e-02 8.323918200779175658e-01
2.083333299999999966e+01 1.079024696825517715e+00 1.464229971084311521e-01 -1.523970085706647659e-01 4.918869127539000075e-01 -2.495406565881675906e-02 1.442206489459133267e-01 8.575661292626655108e-01
3.125000000000000000e+01 9.296370052410256601e-01 1.166349542224728586e-01 -1.461502261906330591e-01 4.499994592058316201e-01 -2.206589435765307639e-02 1.699770636980607597e-01 7.748067640724589644e-01
4.166666699999999679e+01 8.652397054440287283e-01 9.665761114424384348e-02 -1.531515464524008108e-01 4.210095441799297511e-01 -2.080987303400643959e-02 1.751643568106690252e-01 7.307068032173138494e-01
5.208333300000000321e+01 8.016690935146021380e-01 7.935030566591508294e-02 -1.471076102960148790e-01 3.905251596555177063e-01 -1.874829997489466452e-02 1.746926056514271353e-01 6.834434294107734065e-01
6.250000000000000000e+01 7.603545233955887328e-01 6.983242976509528022e-02 -1.495623959261130342e-01 3.678891483355420378e-01 -1.689314359473607224e-02 1.722064279610322768e-01 6.502250498460815376e-01
7.291666700000000390e+01 7.287286824592762446e-01 6.366502767063335344e-02 -1.446683058632061425e-01 3.455388071657558569e-01 -1.528881852947990873e-02 1.672655158241901918e-01 6.207665027246112022e-01
8.333333299999999610e+01 7.021683026431907448e-01 6.045256970167563193e-02 -1.458282599892463949e-01 3.265485559851196706e-01 -1.387608780323549944e-02 1.642015871904380919e-01 5.964592229093742537e-01
9.375000000000000000e+01 6.798668477275729982e-01 5.592394337842673119e-02 -1.418156455354668000e-01 3.071206127104735839e-01 -1.271028251779244417e-02 1.585184681344874724e-01 5.727529642862670967e-01
1.041666670000000039e+02 6.606734960576529092e-01 5.506208880453346971e-02 -1.420498828408246206e-01 2.898182647305758142e-01 -1.146625171442058368e-02 1.556867637678135963e-01 5.530892622780211321e-01
1.145833329999999961e+02 6.472344198177897301e-01 5.434248422173969945e-02 -1.385533764609466201e-01 2.728348667370156799e-01 -1.047399910804236445e-02 1.505065264189895669e-01 5.352879064868975023e-01
1.250000000000000000e+02 6.330190087540010779e-01 5.369815657010940102e-02 -1.385187896348012149e-01 2.573360007489187695e-01 -9.352030622084317110e-03 1.486081211872599395e-01 5.194815653450898241e-01
1.354166669999999897e+02 6.235066673653985037e-01 5.172136867057165743e-02 -1.353925256260908871e-01 2.417898188145039540e-01 -8.621265999698961985e-03 1.447780106301622127e-01 5.050372484050322797e-01
1.458333330000000103e+02 6.130695601792329752e-01 4.931916517115227799e-02 -1.352209500195387382e-01 2.275414071013497630e-01 -7.829346663227513756e-03 1.436300119526963404e-01 4.921204896166395115e-01
1.562500000000000000e+02 6.062776612836339174e-01 4.714673753452162941e-02 -1.321252329150663374e-01 2.159161000209347259e-01 -6.946020788484338383e-03 1.401816049137563081e-01 4.811876831091624895e-01
1.666666669999999897e+02 5.964892571001707555e-01 4.387767519015212114e-02 -1.315763239183438960e-01 2.035221031468743280e-01 -6.218650023521786994e-03 1.395468564434103609e-01 4.697791083452277361e-01
1.770833330000000103e+02 5.880140102026250037e-01 4.163686337972857116e-02 -1.287055813834796780e-01 1.925477522405812936e-01 -5.558202571543319551e-03 1.370886885755745466e-01 4.588252255093904219e-01
1.875000000000000000e+02 5.777933686016413217e-01 3.934574179118602300e-02 -1.278683742112781407e-01 1.827160428439617013e-01 -4.848325047668864199e-03 1.368793241167300945e-01 4.486943677811665587e-01
1.979166669999999897e+02 5.721473313451403975e-01 3.728433543394778227e-02 -1.251643135530332018e-01 1.726960247348733879e-01 -4.286152424536318964e-03 1.346170208168486759e-01 4.397301884484312584e-01
2.083333330000000103e+02 5.651253524641900450e-01 3.478666586096756941e-02 -1.240727688962093844e-01 1.631299130179427737e-01 -3.651161390995782616e-03 1.341165300708868080e-01 4.311858977765098411e-01
2.187500000000000000e+02 5.571000564921386733e-01 3.151243309808066800e-02 -1.215410999597529990e-01 1.547308916830038850e-01 -3.216453727598411836e-03 1.322326154178407598e-01 4.220317817964917007e-01
2.291666669999999897e+02 5.494723387648828838e-01 2.833513270550287386e-02 -1.202642505405430995e-01 1.459519114085899849e-01 -2.712117503697406267e-03 1.320127721459493642e-01 4.137185111597111442e-01
2.395833330000000103e+02 5.424819408857156633e-01 2.522601586421639383e-02 -1.177705878806753204e-01 1.392911666577520968e-01 -2.188789731911658463e-03 1.303629655962775524e-01 4.060680365698726701e-01
2.500000000000000000e+02 5.347884387534138639e-01 2.187779636652201556e-02 -1.163347959978836554e-01 1.332530650167669251e-01 -1.704072809223880014e-03 1.301135139391657314e-01 3.990775088546732463e-01
2.604166670000000181e+02 5.294476791273817762e-01 1.788719748234861642e-02 -1.137739855321995841e-01 1.279006555493224506e-01 -1.281863708939620173e-03 1.287962449054245728e-01 3.930722897910643443e-01
2.708333329999999819e+02 5.232778116758756148e-01 1.410900472118958339e-02 -1.122012162742033192e-01 1.224172826451948026e-01 -7.645582632277194953e-04 1.284913176667953627e-01 3.870932059939328762e-01
2.812500000000000000e+02 5.155677440761868846e-01 9.324773696991309896e-03 -1.097376790101971672e-01 1.173982147673812704e-01 -3.785473936098066603e-04 1.273255693477972350e-01 3.801457640956826811e-01
2.916666670000000181e+02 5.084521279290101781e-01 5.041096861251665590e-03 -1.080070558315921192e-01 1.136545123321204553e-01 1.308914955857447553e-04 1.272342066153145101e-01 3.746704234382225440e-01
3.020833329999999819e+02 5.019431821486065592e-01 3.368529071217412816e-04 -1.054531529564339959e-01 1.107308159497927269e-01 6.217417886754624846e-04 1.260491281574015188e-01 3.693615631279004163e-01
3.125000000000000000e+02 4.943430404868418560e-01 -3.770964829607928708e-03 -1.036450940157702116e-01 1.080399413920655055e-01 1.057332814419239099e-03 1.261370173874656608e-01 3.642599996331865042e-01
3.229166670000000181e+02 4.870087802956493128e-01 -7.743803380119490196e-03 -1.010993933486397656e-01 1.054503566528065261e-01 1.582787715748968770e-03 1.248905637184196393e-01 3.586748503334377669e-01
3.333333329999999819e+02 4.792633838678924119e-01 -1.113480644296587288e-02 -9.922023486421630012e-02 1.028477658838791997e-01 2.052898286639714184e-03 1.247711117383139418e-01 3.534411307450427420e-01
3.437500000000000000e+02 4.723536330901046409e-01 -1.463630406753449811e-02 -9.659059465697222846e-02 1.018268862083206716e-01 2.529825004081232183e-03 1.235958763202738980e-01 3.488881978093495984e-01
3.541666670000000181e+02 4.651417943410088296e-01 -1.709902924576364031e-02 -9.460265771516249145e-02 1.004298511458086990e-01 2.948241092154219468e-03 1.230640034599932292e-01 3.443178244734053650e-01
3.645833329999999819e+02 4.582610457764075274e-01 -2.034095711203154355e-02 -9.200903912635831350e-02 9.975203453024350519e-02 3.448835847496428859e-03 1.215817392720582452e-01 3.397974097893546319e-01
3.750000000000000000e+02 4.510656797794044270e-01 -2.282086034205242642e-02 -8.989013186628672103e-02 9.950902711336886974e-02 3.807195656254879195e-03 1.206991150218995890e-01 3.356369109573364429e-01
3.854166670000000181e+02 4.446422744011508388e-01 -2.555321473647581207e-02 -8.728309712948362220e-02 9.969648299271459402e-02 4.186057981787321552e-03 1.192342453687575271e-01 3.317865013813114383e-01
3.958333329999999819e+02 4.380121652832474899e-01 -2.723066382561331600e-02 -8.509444897431690802e-02 1.003019678442559209e-01 4.511839177737040490e-03 1.179422714874799744e-01 3.281282023074916787e-01
4.062500000000000000e+02 4.318850593825615536e-01 -2.969644169884397278e-02 -8.245301784307947079e-02 1.012309615889258468e-01 4.784064483211030415e-03 1.163662004292092961e-01 3.247411107003483344e-01
4.166666670000000181e+02 4.230527679714978229e-01 -3.139467752412306717e-02 -8.021818033566559258e-02 1.020665711418080740e-01 5.184780597303262351e-03 1.149529850365897249e-01 3.200361620749477831e-01
4.270833329999999819e+02 4.162834273883582181e-01 -3.312476807467797796e-02 -7.757037662933981281e-02 1.030667595984416096e-01 5.491019024677442142e-03 1.130336912670219657e-01 3.161919391269109036e-01
4.375000000000000000e+02 4.110993013183551481e-01 -3.475709947561490126e-02 -7.536020792561155812e-02 1.040137293259238982e-01 5.813572526018491275e-03 1.113151281981282492e-01 3.132140794212036616e-01
4.479166670000000181e+02 4.031284502459950847e-01 -3.613043581882301875e-02 -7.270833471206449017e-02 1.052326321568557710e-01 6.113950404514950990e-03 1.089552062084308687e-01 3.086581443056408691e-01
4.583333329999999819e+02 3.959414628508527989e-01 -3.642340236351736260e-02 -7.048061126840055035e-02 1.067567730920947755e-01 6.425398658969138505e-03 1.069521152541635239e-01 3.048251755985555422e-01
4.687500000000000000e+02 3.887748491063405809e-01 -3.606339467344828187e-02 -6.787022850559297493e-02 1.079147731812926947e-01 6.696531148117279217e-03 1.044512504493791405e-01 3.005704363685062219e-01
4.791666670000000181e+02 3.827773184749140301e-01 -3.521886745873527985e-02 -6.561243869850479082e-02 1.093644486402053639e-01 7.048906538722619214e-03 1.023178307041364143e-01 2.972297989096278625e-01
4.895833329999999819e+02 3.768167916276599638e-01 -3.395024432417306781e-02 -6.304743958972508500e-02 1.107511791857224842e-01 7.245893451921983121e-03 9.966586380280352542e-02 2.936169173080929728e-01
5.000000000000000000e+02 3.708596762023253501e-01 -3.207171123977514693e-02 -6.081231973495630772e-02 1.124479772146380063e-01 7.527900968104092247e-03 9.746545717157077682e-02 2.903865552942670458e-01
5.104166670000000181e+02 3.656604347282437772e-01 -3.090932349361412423e-02 -5.822988134553797046e-02 1.140447915532186440e-01 7.675812628714184620e-03 9.482695975476021499e-02 2.872660930181112904e-01
5.208333330000000387e+02 3.611957181878012735e-01 -2.927947735907768592e-02 -5.604741473001084717e-02 1.155701212341446182e-01 7.962516547525524263e-03 9.228174241218262130e-02 2.845237909170642565e-01
5.312500000000000000e+02 3.576006346006649905e-01 -2.768462141188575767e-02 -5.347850814210025616e-02 1.176365704759512881e-01 8.101111634460325672e-03 8.944811969793763085e-02 2.823426623872769547e-01
5.416666669999999613e+02 3.543372380028117496e-01 -2.516443740394895545e-02 -5.137294009326793393e-02 1.193066114976156500e-01 8.329116978295641668e-03 8.664524254488635557e-02 2.801445460226568707e-01
5.520833330000000387e+02 3.526209933910067762e-01 -2.191922421446337171e-02 -4.885380418126794577e-02 1.209932756030751982e-01 8.443972767929481399e-03 8.347511165594195814e-02 2.785446903250119455e-01
5.625000000000000000e+02 3.503132861164714451e-01 -1.922262296758878164e-02 -4.679457522390025742e-02 1.223053328376318694e-01 8.567236065074835052e-03 8.057369525761694240e-02 2.765961571058601076e-01
5.729166669999999613e+02 3.486711097239542090e-01 -1.623556364881883693e-02 -4.438130607475413575e-02 1.233232619158113330e-01 8.611195018865073006e-03 7.754953865737709839e-02 2.747719551485713341e-01
5.833333330000000387e+02 3.462369178257936886e-01 -1.302006563158822350e-02 -4.234518464545638378e-02 1.251237906208264583e-01 8.714878813709164840e-03 7.450083177493119213e-02 2.729307701107756556e-01
5.937500000000000000e+02 3.438455437896345557e-01 -9.627385238989488378e-03 -3.997447876408453948e-02 1.259612015914088057e-01 8.737170910094901183e-03 7.152997155052864819e-02 2.706683584657860187e-01
6.041666669999999613e+02 3.428218180963347184e-01 -6.271149523686353998e-03 -3.806044571375977181e-02 1.270489115735789487e-01 8.847445999621107032e-03 6.849639862008595481e-02 2.691835641449998318e-01
6.145833330000000387e+02 3.410592090829036027e-01 -2.735207209304861119e-03 -3.573816408427268887e-02 1.280612423927000865e-01 8.846447002972849735e-03 6.568433927706664177e-02 2.674023953763351447e-01
6.250000000000000000e+02 3.386087112049219749e-01 3.465848785976222146e-04 -3.393835466270722634e-02 1.279202883869814678e-01 8.915583214670787585e-03 6.298908153076232530e-02 2.647590405613328701e-01
6.354166669999999613e+02 3.341518532590392332e-01 4.062608037652288076e-03 -3.173584456580523516e-02 1.280696168507695909e-01 8.983587822025693517e-03 6.011337521497765735e-02 2.611674226623932338e-01
6.458333330000000387e+02 3.290236180560300316e-01 7.702491279763881010e-03 -2.992549436172843927e-02 1.268758311404406258e-01 9.015431512536259059e-03 5.755741276181584876e-02 2.567284309791432184e-01
6.562500000000000000e+02 3.243834799512071432e-01 1.247382243100360853e-02 -2.776564755458383466e-02 1.247458027898058069e-01 9.043024453708286420e-03 5.495705823061101947e-02 2.520431704858119848e-01
6.666666669999999613e+02 3.198226654846677564e-01 1.655184712306182956e-02 -2.595442103887275753e-02 1.228671784583836163e-01 9.039020408497784251e-03 5.245873641194093162e-02 2.475742901774961591e-01
6.770833330000000387e+02 3.131488868746431509e-01 1.947183291252398835e-02 -2.388467148826903599e-02 1.206869002818490438e-01 9.055944909569648565e-03 4.981119637150548812e-02 2.418234917639988379e-01
6.875000000000000000e+02 3.043559211674536913e-01 2.197740657756821342e-02 -2.207736679434822366e-02 1.179939770404156707e-01 8.999208796783378719e-03 4.747310464896022791e-02 2.349115014284147984e-01
6.979166669999999613e+02 2.929257317508247027e-01 2.346004747257564652e-02 -2.011869151221939989e-02 1.146753748990335525e-01 8.989490166911593208e-03 4.532761061036034295e-02 2.264643586301093026e-01
7.083333330000000387e+02 2.803632936841914947e-01 2.373994328288254324e-02 -1.840764819164012259e-02 1.110750509948129211e-01 8.890584417062296144e-03 4.327118409879118777e-02 2.173547643888977809e-01
7.187500000000000000e+02 2.646651640915516635e-01 2.329851359113279882e-02 -1.659048929187617247e-02 1.075385984611921530e-01 8.869959595967098764e-03 4.165789469739846623e-02 2.069308286250711171e-01
7.291666669999999613e+02 2.478278523475001549e-01 2.135326853440853989e-02 -1.486276310078444608e-02 1.054786361026831265e-01 8.690636889184769065e-03 4.029355379006713950e-02 1.968000211201252347e-01
7.395833330000000387e+02 2.256640561800430933e-01 1.864683982603807660e-02 -1.306042649673740466e-02 1.022831787987434904e-01 8.529291869069852150e-03 3.939644738581789263e-02 1.836718411823022312e-01
7.500000000000000000e+02 2.019507255026690151e-01 1.501808568241372321e-02 -1.146272985970672904e-02 1.000349182034456358e-01 8.231010145761713873e-03 3.860411855454471547e-02 1.702948811303296728e-01
7.604166669999999613e+02 1.762421902888661185e-01 1.149250842583089509e-02 -9.699954878953769358e-03 9.931605897682245498e-02 7.928228303173788863e-03 3.815092011697874402e-02 1.568545846913336483e-01
7.708333330000000387e+02 1.502961791215025322e-01 8.190244983707252110e-03 -8.255902350293253464e-03 1.003236027663030605e-01 7.426000206475123766e-03 3.794053944732050238e-02 1.442801606675630510e-01
7.812500000000000000e+02 1.238031593653825951e-01 5.407602058933872607e-03 -6.582202818875375165e-03 1.032907985894509495e-01 6.902171020696175156e-03 3.795249138121544602e-02 1.325232246680244919e-01
7.916666669999999613e+02 1.001493598784786859e-01 5.741767561119668142e-03 -5.372387166456403518e-03 1.090636893602417168e-01 6.195361250582081050e-03 3.839963369935725512e-02 1.238063414690388359e-01
8.020833330000000387e+02 8.014837640231151084e-02 9.209379642797915766e-03 -4.152755217614386742e-03 1.172047829946835790e-01 5.429387418161931225e-03 3.902323545019991541e-02 1.181881974235975130e-01
8.125000000000000000e+02 6.502427863130157137e-02 1.400639100525217888e-02 -3.104635473385562207e-03 1.245750361677639140e-01 4.497011050425777680e-03 3.995209450899495085e-02 1.147757046540302250e-01
8.229166669999999613e+02 5.307798534862780832e-02 1.876337749594998022e-02 -2.202865110389801064e-03 1.277623030108122337e-01 3.542688712453797781e-03 4.112975801977997170e-02 1.109850231896100103e-01
8.333333330000000387e+02 4.386085470888741872e-02 2.208273308240512461e-02 -1.513227535836127007e-03 1.220613239155425994e-01 2.641429318090903703e-03 4.231073858880324973e-02 1.041164586066166270e-01
8.437500000000000000e+02 3.617093244678219049e-02 2.215400846051673173e-02 -1.029416096256693166e-03 1.042555729998752984e-01 1.922693296181629194e-03 4.331685158536724423e-02 9.187167851601237001e-02
8.541666669999999613e+02 2.955430848394241528e-02 1.812708905671937820e-02 -6.869544105997278660e-04 7.720332959840105203e-02 1.343977703550008722e-03 4.371348587055507579e-02 7.523556197644927501e-02
8.645833330000000387e+02 2.409323950012975946e-02 1.157029307842001066e-02 -4.915439460989194697e-04 5.054460124811823579e-02 9.652822782063632525e-04 4.322172572270517599e-02 5.892978323547658909e-02
8.750000000000000000e+02 1.999478929875999483e-02 5.277313365407462591e-03 -3.833689026419732438e-04 3.089036093975031441e-02 6.688009991803651761e-04 4.181701133646711921e-02 4.635108078748871596e-02
8.854166669999999613e+02 1.719062053018026795e-02 1.034950460455884551e-03 -3.368549821714168801e-04 2.060498576769900433e-02 4.500744842299354061e-04 3.968591540448102029e-02 3.874076085118014628e-02
8.958333330000000387e+02 1.538376048272939098e-02 -1.157307128335184274e-03 -3.036395008733347488e-04 1.731762500599466278e-02 3.181986370099875697e-04 3.709330978903914444e-02 3.489734763888159563e-02
9.062500000000000000e+02 1.420672947684566666e-02 -2.098946687543894619e-03 -2.881944263936786379e-04 1.743304595525847420e-02 2.614724900411405937e-04 3.430799668161815114e-02 3.297388605686114860e-02
9.166666669999999613e+02 1.340439743833927132e-02 -2.549372516346849662e-03 -2.821260924204750296e-04 1.839712823100986619e-02 2.067535259782583206e-04 3.154182500960353575e-02 3.167167533947633229e-02
9.270833330000000387e+02 1.278492626886589163e-02 -2.886502083414452420e-03 -2.790386314335507444e-04 1.885340267589419652e-02 1.695706215654084817e-04 2.894613475032930400e-02 3.029223184754469694e-02
9.375000000000000000e+02 1.225256088706839878e-02 -3.185078299004592828e-03 -2.733583152082338301e-04 1.853642809954051882e-02 1.287254275740230879e-04 2.660183668311056140e-02 2.869541283485974037e-02
9.479166669999999613e+02 1.175164171713389931e-02 -3.393252996949915230e-03 -2.667464528296903002e-04 1.775619122235097547e-02 9.786925013213128321e-05 2.453388611658547172e-02 2.702085952803517238e-02
9.583333330000000387e+02 1.123502840044417195e-02 -3.473049069187454565e-03 -2.584230085650405248e-04 1.689665377505415039e-02 6.760094461847076825e-05 2.273140807552276321e-02 2.543154512551054278e-02
9.687500000000000000e+02 1.067160339977769705e-02 -3.420138018419529875e-03 -2.520747651247865796e-04 1.616410649601717278e-02 4.379406543962607022e-05 2.116812155590885522e-02 2.400191572585186339e-02
9.791666669999999613e+02 1.007440302575889936e-02 -3.268147706057511395e-03 -2.482144711889474166e-04 1.560445836828048410e-02 1.948714432495566790e-05 1.981568609979080658e-02 2.274727374691509416e-02
9.895833330000000387e+02 9.487625159480863810e-03 -3.055357516291683749e-03 -2.485984512008764056e-04 1.518503341994305138e-02 -2.438511036512005836e-06 1.864610349609134576e-02 2.165938103775762874e-02
1.000000000000000000e+03 8.959299950780791333e-03 -2.821290220873649401e-03 -2.524168714293595437e-04 1.485817480668431487e-02 -2.489481606926023882e-05 1.763498496407311586e-02 2.072622986076911103e-02
1.010416666999999961e+03 8.519647939679374227e-03 -2.592740366287121789e-03 -2.591585900164600611e-04 1.458060594073764052e-02 -4.557068973814858018e-05 1.675934719390946570e-02 1.992980053716324196e-02
1.020833333000000039e+03 8.177042603010258731e-03 -2.390064456287988200e-03 -2.674299970090544343e-04 1.432092179292235139e-02 -6.455539140244395137e-05 1.600026161096916588e-02 1.924911300345088713e-02
1.031250000000000000e+03 7.918956671341421255e-03 -2.220815854533918568e-03 -2.763078693836675372e-04 1.405595980871973683e-02 -8.025417501859252202e-05 1.534039587735709122e-02 1.865765617870912552e-02
1.041666666999999961e+03 7.720132910981603730e-03 -2.084866647767167052e-03 -2.850263966289516516e-04 1.377117617035217116e-02 -9.188376563042283151e-05 1.476628936656142720e-02 1.812879922394760104e-02
1.052083333000000039e+03 7.549963945751554141e-03 -1.973998570814281071e-03 -2.929605818662470119e-04 1.345901197315364957e-02 -9.924923606788199648e-05 1.426614205083506781e-02 1.763755898487013446e-02
1.062500000000000000e+03 7.381891019726078210e-03 -1.879179982499623895e-03 -2.998303338721017394e-04 1.311882811694420337e-02 -1.020093083784906360e-04 1.383129324761996591e-02 1.716600619214512374e-02
1.072916666999999961e+03 7.198206280634341682e-03 -1.793660545720616789e-03 -3.054598904986624433e-04 1.275481140687894852e-02 -1.009006332529089722e-04 1.345407213437348551e-02 1.670354491094338742e-02
1.083333333000000039e+03 6.994326709753089129e-03 -1.715183736402141638e-03 -3.100517768442503756e-04 1.237443885741222084e-02 -9.561154685459715829e-05 1.312844357559572218e-02 1.624860457138051564e-02
1.093750000000000000e+03 6.777312344914418821e-03 -1.644072048111517052e-03 -3.139098421984472319e-04 1.198577178992194479e-02 -8.679990699746852479e-05 1.284837945334091867e-02 1.580573179408864201e-02
1.104166666999999961e+03 6.562092156531113864e-03 -1.580930020336993296e-03 -3.173813968579098049e-04 1.159608542632560753e-02 -7.405992425121690531e-05 1.260866729312045201e-02 1.538342243798858713e-02
1.114583333000000039e+03 6.364084319278295529e-03 -1.524524843382101978e-03 -3.208259118498387515e-04 1.121104292687336891e-02 -5.805178903672653069e-05 1.240407708520673349e-02 1.498960216567919897e-02
1.125000000000000000e+03 6.193615162377067926e-03 -1.470652679368577046e-03 -3.245138944974845069e-04 1.083616393123877641e-02 -3.883820442436364332e-05 1.223030552190288583e-02 1.463004230775936595e-02
1.135416666999999961e+03 6.054827110285525976e-03 -1.413348002619506209e-03 -3.286092071605132420e-04 1.047696823364531980e-02 -1.753482834594455951e-05 1.208313070316713138e-02 1.430746302354898858e-02
1.145833333000000039e+03 5.948447211327827569e-03 -1.347534765331441075e-03 -3.332133147991379928e-04 1.013833626416148388e-02 5.111242485447394474e-06 1.195900869062173355e-02 1.402289608305552250e-02
1.156250000000000000e+03 5.874318235040278807e-03 -1.272087940148419272e-03 -3.385472862261471906e-04 9.822847950441367104e-03 2.768024427025062898e-05 1.185411229547014660e-02 1.377563924047589539e-02
1.166666666999999961e+03 5.831655167684324584e-03 -1.191388172513900556e-03 -3.450888855238780340e-04 9.530235465317435373e-03 4.923633409447182878e-05 1.176508766007822171e-02 1.356348914653998997e-02
1.177083333000000039e+03 5.820869454570591454e-03 -1.114373933345172950e-03 -3.532224888571276170e-04 9.258067293645326837e-03 6.873330679749416888e-05 1.168842333079377592e-02 1.338368003950484580e-02
1.187500000000000000e+03 5.845336562099166279e-03 -1.050320476577914055e-03 -3.632412753615609597e-04 9.003081157699561327e-03 8.576683431727480465e-05 1.162137746325905482e-02 1.323489759152889078e-02
1.197916666999999961e+03 5.910932953620983213e-03 -1.004522285299122531e-03 -3.750058234900886518e-04 8.762326401567115466e-03 9.993396685904574063e-05 1.156150182863706702e-02 1.311738059191258285e-02
1.208333333000000039e+03 6.022644846345182046e-03 -9.758306567398213928e-04 -3.881219151718365398e-04 8.534101537572509610e-03 1.113148771306277720e-04 1.150765284097138991e-02 1.303219961244454078e-02
1.218750000000000000e+03 6.182770532463098545e-03 -9.579870957890347866e-04 -4.016473053064581055e-04 8.318236371833407500e-03 1.198507545560785481e-04 1.145941891062304818e-02 1.298021290745977711e-02
1.229166666999999961e+03 6.389569316209714120e-03 -9.424080298060934051e-04 -4.144535853588475049e-04 8.115682815626398816e-03 1.257451227333313882e-04 1.141785036732990456e-02 1.296155124958300875e-02
1.239583333000000039e+03 6.635022021693378833e-03 -9.228908202515404046e-04 -4.252398392557982655e-04 7.927868263405076638e-03 1.288929357970374607e-04 1.138455224801195216e-02 1.297372126655520382e-02
1.250000000000000000e+03 6.902024922831528735e-03 -8.986944774329176482e-04 -4.329653533198057035e-04 7.756325345233025005e-03 1.294577894680787507e-04 1.136205444035878753e-02 1.301020235421167064e-02
1.260416666999999961e+03 7.165360023006003311e-03 -8.745734994854970339e-04 -4.369552552734995432e-04 7.601342385540882721e-03 1.273111552875086426e-04 1.135245149351107007e-02 1.305957695102897761e-02
1.270833333000000039e+03 7.399216713598315981e-03 -8.566638173398010044e-04 -4.370576039027097132e-04 7.460028336458475288e-03 1.226447863516262431e-04 1.135735883451000419e-02 1.310830194228339816e-02
1.281250000000000000e+03 7.587716669993197632e-03 -8.491946062194607537e-04 -4.334849954529552941e-04 7.325603099126356405e-03 1.153397069510111333e-04 1.137662818621123541e-02 1.314497397766539385e-02
1.291666666999999961e+03 7.729080553572268038e-03 -8.530050017900453214e-04 -4.266346572460148366e-04 7.189213654800548706e-03 1.056609946259025150e-04 1.140905341825218001e-02 1.316367381331249795e-02
1.302083333000000039e+03 7.831282150915584023e-03 -8.664510598964812911e-04 -4.168032975776368894e-04 7.042884815899863420e-03 9.366739669657907859e-05 1.145210353383143559e-02 1.316313525032344195e-02
1.312500000000000000e+03 7.903247472260436016e-03 -8.867624912603583797e-04 -4.041120754601195807e-04 6.881279883634027622e-03 7.988147472116656825e-05 1.150347138609568616e-02 1.314399937099507490e-02
1.322916666999999961e+03 7.948615074514225540e-03 -9.116221097223558287e-04 -3.882394249148563058e-04 6.702250117882905568e-03 6.463875636379851108e-05 1.156085727335068661e-02 1.310586123287390929e-02
1.333333333000000039e+03 7.966791169623781144e-03 -9.396560292172414499e-04 -3.686499466241321358e-04 6.507234878516131131e-03 4.865050356757494418e-05 1.162306767692261079e-02 1.304854686253126284e-02
1.343750000000000000e+03 7.958557461619834156e-03 -9.704355989114973966e-04 -3.445590725268863307e-04 6.302399852878781683e-03 3.249346397299618107e-05 1.168877908489702327e-02 1.297486819969781956e-02
1.354166666999999961e+03 7.927944842881892024e-03 -1.003448794581570346e-03 -3.155376276628126322e-04 6.097357798639773535e-03 1.696991127604766992e-05 1.175749542147905453e-02 1.289139903150035918e-02
1.364583333000000039e+03 7.879718879416418992e-03 -1.037380952027692864e-03 -2.815965715870125357e-04 5.901883535668082936e-03 2.595512996893036254e-06 1.182797352517887986e-02 1.280478797013169176e-02
1.375000000000000000e+03 7.815345733430876379e-03 -1.070122351127560578e-03 -2.435468755629018327e-04 5.721620600042896625e-03 -1.021189135927494531e-05 1.189975921488920819e-02 1.271836277418149017e-02
1.385416666999999961e+03 7.733819715560120121e-03 -1.099941152691806144e-03 -2.028084337993288561e-04 5.557887749595419660e-03 -2.132472686771919989e-05 1.197114432200745669e-02 1.263142589358149867e-02
1.395833333000000039e+03 7.632642086491572830e-03 -1.126472253185005837e-03 -1.612154816726085716e-04 5.409303733738600115e-03 -3.081667639016959990e-05 1.204159871263799780e-02 1.254177226643408624e-02
1.406250000000000000e+03 7.509379162809826438e-03 -1.150231991155322570e-03 -1.211683431670270377e-04 5.274369144245574792e-03 -3.880906231890775916e-05 1.210894770023266537e-02 1.244634800364403243e-02
1.416666666999999961e+03 7.363308666132247285e-03 -1.170314822300398336e-03 -8.477238411424650754e-05 5.150604253788940851e-03 -4.563550450306721069e-05 1.217258422302753759e-02 1.234324857147436200e-02
1.427083333000000039e+03 7.198856341185419332e-03 -1.183221925045112918e-03 -5.427568207534006059e-05 5.034810039759187936e-03 -5.139589150746336357e-05 1.222924803445965894e-02 1.223145720770213267e-02
1.437500000000000000e+03 7.026440948794234267e-03 -1.184613249930305126e-03 -3.040007575416370822e-05 4.923076089783615626e-03 -5.684210425104058921e-05 1.227761928152330297e-02 1.211356816005057513e-02
1.447916666999999961e+03 6.860815229610315279e-03 -1.173195075881653315e-03 -1.379675254956658406e-05 4.813186473457282608e-03 -6.232841529497241929e-05 1.231296274214012908e-02 1.199348222260386218e-02
1.458333333000000039e+03 6.715814052701564972e-03 -1.152650137212531123e-03 -3.206563760431993760e-06 4.704053106907356806e-03 -6.921085892004463617e-05 1.233381839602257224e-02 1.187684277781574788e-02
1.468750000000000000e+03 6.600367922976165327e-03 -1.131017842495547288e-03 2.189783284549515708e-06 4.596021511035061104e-03 -7.763834654026629514e-05 1.233514129670053826e-02 1.176576536535588191e-02
1.479166666999999961e+03 6.519012909756691232e-03 -1.117045381410984931e-03 4.729840284540608645e-06 4.489735686411753732e-03 -8.887293627109101024e-05 1.231702325690019369e-02 1.166288592653431933e-02
1.489583333000000039e+03 6.473171376670671003e-03 -1.117954512329396785e-03 5.291654963554134761e-06 4.386574316033492633e-03 -1.021021813524374271e-04 1.227571940612860388e-02 1.156773254941638462e-02
1.500000000000000000e+03 6.461554390799740220e-03 -1.137116636324580132e-03 5.410126770244997929e-06 4.286868222223180931e-03 -1.181289414862210475e-04 1.221457336211264136e-02 1.148149798756778125e-02
1.510416666999999961e+03 6.477232133075056485e-03 -1.173568011647317059e-03 4.606597180291330640e-06 4.190938339111426394e-03 -1.351420606601307962e-04 1.213232125771725699e-02 1.140024586495187037e-02
1.520833333000000039e+03 6.509406174476860610e-03 -1.220427018834659150e-03 3.611416037389734575e-06 4.100408506348946110e-03 -1.538679381749047295e-04 1.203602411218070850e-02 1.132291939650325804e-02
1.531250000000000000e+03 6.548009204889551974e-03 -1.266916493292585258e-03 1.905877374097292660e-06 4.020213981694571032e-03 -1.719166143462896184e-04 1.192593090840851286e-02 1.124707704749631706e-02
1.541666666999999961e+03 6.593231540931072249e-03 -1.300656603139183423e-03 8.829738832904446082e-07 3.956584669624904106e-03 -1.905806013036508682e-04 1.181095510871278675e-02 1.118038565963438112e-02
1.552083333000000039e+03 6.654349469343187953e-03 -1.312288889325215245e-03 2.508651029422697745e-07 3.914263172463512512e-03 -2.069689325848263943e-04 1.169035418353872591e-02 1.112948341267271275e-02
1.562500000000000000e+03 6.746637199160784859e-03 -1.297028563115847338e-03 7.576876872090351096e-07 3.892576812496571781e-03 -2.231829961684598878e-04 1.157286672309316283e-02 1.110604036737525974e-02
1.572916666999999961e+03 6.880593919098901973e-03 -1.256001015613292856e-03 1.372033658906626869e-06 3.885889229862656263e-03 -2.355697082207506611e-04 1.145485841936625532e-02 1.111067078416390699e-02
1.583333333000000039e+03 7.062433473579032665e-03 -1.194619735502363937e-03 1.945374013200178986e-06 3.884837425801326415e-03 -2.473910244500956111e-04 1.134410034256720309e-02 1.114568562097378174e-02
1.593750000000000000e+03 7.287149112692360362e-03 -1.121710882480666822e-03 2.180422973420587987e-06 3.881388658838547893e-03 -2.538041477046033205e-04 1.123375469491645108e-02 1.120114623322367858e-02
1.604166666999999961e+03 7.538688743928591458e-03 -1.046884039776007453e-03 1.786331340257969098e-06 3.870526865721742125e-03 -2.593514333421632098e-04 1.113174472327636486e-02 1.127048016646334944e-02
1.614583333000000039e+03 7.784124966853265756e-03 -9.784315037876321463e-04 1.702335876153264793e-06 3.853010339270911307e-03 -2.577967256092385164e-04 1.102858371594378842e-02 1.133285951103398317e-02
1.625000000000000000e+03 7.979625629129589309e-03 -9.204093019584102782e-04 6.326520954854327490e-07 3.833889244504223338e-03 -2.556690936259106619e-04 1.093293018469701505e-02 1.137322252916541342e-02
1.635416666999999961e+03 8.076890239251491646e-03 -8.733146945252753248e-04 -1.520875211385826514e-07 3.821810124677382705e-03 -2.459359478408479328e-04 1.083180327968655265e-02 1.136525182180771372e-02
1.645833333000000039e+03 8.042234207698402415e-03 -8.363445199026656651e-04 -3.346522636908915068e-06 3.824708996642504650e-03 -2.372627626365996433e-04 1.073431227995255179e-02 1.130062774214673008e-02
1.656250000000000000e+03 7.867853025377211790e-03 -8.093751331812212412e-04 -7.364871880149387021e-06 3.849570560768110841e-03 -2.214455418052534857e-04 1.062371518203756270e-02 1.117056938409144266e-02
1.666666666999999961e+03 7.570729829394730846e-03 -7.910384554061812828e-04 -1.437932645957738940e-05 3.900776032083633823e-03 -2.081896060202764775e-04 1.051106550073177895e-02 1.099128568110507159e-02
1.677083333000000039e+03 7.183254081099705105e-03 -7.777113597263247318e-04 -2.256601278746598536e-05 3.982085395499063846e-03 -1.880299449690878545e-04 1.037764585150448803e-02 1.077149266405162849e-02
1.687500000000000000e+03 6.738162946639627594e-03 -7.643301348268094616e-04 -3.194196126718877094e-05 4.095444439497130697e-03 -1.714596224226176506e-04 1.023887260531176728e-02 1.053623999572426279e-02
1.697916666999999961e+03 6.265736050780890826e-03 -7.497857757310622765e-04 -4.273805510424727238e-05 4.241477632910444114e-03 -1.488300527867345068e-04 1.007457974267514551e-02 1.029089671318323893e-02
1.708333333000000039e+03 5.781768663886118452e-03 -7.333338670097831616e-04 -5.196334267366478393e-05 4.417921384962549686e-03 -1.310471723979026153e-04 9.904864961451612104e-03 1.005227750515014055e-02
1.718750000000000000e+03 5.299250575132265738e-03 -7.155279512878040451e-04 -6.438871017982528751e-05 4.619080471190448005e-03 -1.089602069790567376e-04 9.706160273227158047e-03 9.812245659774936762e-03
1.729166666999999961e+03 4.822901160949693775e-03 -6.915432085324419408e-04 -7.224247303151068043e-05 4.839909460554867558e-03 -9.297272133130319086e-05 9.502554033851612347e-03 9.582682327678086406e-03
1.739583333000000039e+03 4.372879781019581996e-03 -6.597169449018700426e-04 -8.547927660935189151e-05 5.076840113867444118e-03 -7.500566338028092836e-05 9.265032875468866974e-03 9.357376385177945677e-03
1.750000000000000000e+03 3.968895904250647512e-03 -6.189664943565873325e-04 -9.021499496595650821e-05 5.333386274729691109e-03 -6.330321993652175379e-05 9.022276214030879038e-03 9.162279196505609263e-03
1.760416666999999961e+03 3.645403724931133536e-03 -5.761119250417356214e-04 -1.021716401930388481e-04 5.615460774701995332e-03 -5.150791522204295453e-05 8.739711785500462252e-03 9.000288142566795560e-03
1.770833333000000039e+03 3.421583843039702894e-03 -5.373674416660494026e-04 -1.017424349982031239e-04 5.934272353556009107e-03 -4.358120338082106332e-05 8.452457612056886102e-03 8.904156904326297750e-03
1.781250000000000000e+03 3.313400494648524163e-03 -5.091018677552608526e-04 -1.104183682062776141e-04 6.294052253526935189e-03 -3.716646720080174406e-05 8.121417485646875711e-03 8.864435116911168616e-03
1.791666666999999961e+03 3.308533956793811067e-03 -4.917644316636596812e-04 -1.033944090668890113e-04 6.697381343404164994e-03 -3.036293618917419249e-05 7.789805787913832609e-03 8.897860544055904986e-03
1.802083333000000039e+03 3.391688590643666262e-03 -4.836389002374128204e-04 -1.074645144640916481e-04 7.130638294788734996e-03 -2.744829105343676566e-05 7.414341687443806381e-03 8.968334286438103820e-03
1.812500000000000000e+03 3.535479531750612952e-03 -4.831549394676179195e-04 -9.385775042662435714e-05 7.583222475726747631e-03 -1.897441576448606645e-05 7.045482940695207974e-03 9.082092474086284062e-03
1.822916666999999961e+03 3.722603700290373543e-03 -4.916284520912323191e-04 -9.348408812753635714e-05 8.030094462738189554e-03 -1.791969695469286395e-05 6.634449534929146713e-03 9.193573848978855989e-03
1.833333333000000039e+03 3.937585758766870905e-03 -5.120809331414284292e-04 -7.528822376858254953e-05 8.462657695340660216e-03 -6.157085517621563546e-06 6.236537151622811859e-03 9.318390302865171490e-03
1.843750000000000000e+03 4.163147187441896060e-03 -5.471762060175785602e-04 -7.151544624199583807e-05 8.861603550996056955e-03 -6.497282338638316109e-06 5.798099036833054103e-03 9.411424887635503125e-03
1.854166666999999961e+03 4.386108301528111181e-03 -5.979080428024285618e-04 -5.221416440447738927e-05 9.237107155785049400e-03 8.688817832904588865e-06 5.377119869298137463e-03 9.500167663305648588e-03
1.864583333000000039e+03 4.586592315027484580e-03 -6.670969624032463408e-04 -4.691910629389147011e-05 9.585333381230194683e-03 6.111438556332500395e-06 4.917930849730131788e-03 9.544928272993904658e-03
1.875000000000000000e+03 4.775834318957328066e-03 -7.536949131615846079e-04 -3.099583728917021787e-05 9.929573580628585708e-03 2.398149128567187617e-05 4.476890234118104106e-03 9.591149066852008506e-03
1.885416666999999961e+03 4.960827427287207471e-03 -8.586754213995933215e-04 -2.519483202106692805e-05 1.026484831050949835e-02 1.724850914753228603e-05 4.001807815255821639e-03 9.613741776526263730e-03
1.895833333000000039e+03 5.185901695577153740e-03 -9.751449473090273911e-04 -1.451670798985278381e-05 1.060883409480597658e-02 3.709527773253031599e-05 3.543419417040550874e-03 9.669077603711840815e-03
1.906250000000000000e+03 5.470966232648781166e-03 -1.101997587130529701e-03 -6.521788439651198147e-06 1.095004906167969770e-02 2.440721250825035152e-05 3.062105311995614535e-03 9.741560303162047352e-03
1.916666666999999961e+03 5.865961918293838805e-03 -1.230288003982624731e-03 -4.779315177138742751e-07 1.130443681634642726e-02 4.630869494526968335e-05 2.597665057853040804e-03 9.884031896246653001e-03
1.927083333000000039e+03 6.390141722095074930e-03 -1.360775143363714829e-03 1.055539670241491050e-05 1.166425433462871426e-02 2.701768355261955224e-05 2.129370445681584307e-03 1.009188325120268653e-02
1.937500000000000000e+03 7.076957627289026317e-03 -1.484980255874661847e-03 1.042091728824759077e-05 1.204980585658529252e-02 5.058345267122042700e-05 1.680178445766275725e-03 1.040347096482029804e-02
1.947916666999999961e+03 7.931594317879797282e-03 -1.606291109530640559e-03 2.179447778830755319e-05 1.245645539916518697e-02 2.394551655929269746e-05 1.252762412536416415e-03 1.082040606479070001e-02
1.958333333000000039e+03 8.920525288637754652e-03 -1.713405392606087057e-03 1.228848664053191804e-05 1.289058958639932584e-02 4.783895307343034869e-05 8.554495325903833502e-04 1.133328220381373160e-02
1.968750000000000000e+03 1.000035282523968790e-02 -1.811333963245666647e-03 2.335126011088526111e-05 1.332739466475109900e-02 1.358700313739926967e-05 5.161322293814659540e-04 1.192193985968612729e-02
1.979166666999999961e+03 1.100416522942450522e-02 -1.884646944514145302e-03 4.484165677042400027e-06 1.372762543897725236e-02 3.699622572057415881e-05 2.390965519849037511e-04 1.248544361019333047e-02
1.989583333000000039e+03 1.182684725575220905e-02 -1.942135377957571055e-03 1.755641356409408569e-05 1.403190900247391036e-02 -5.381120665811247423e-06 6.514905886518046669e-05 1.296195265854564911e-02
2.000000000000000000e+03 1.223299795185281771e-02 -1.970804806614183911e-03 -9.193598295166332507e-06 1.417710149877787935e-02 1.623676079306661882e-05 1.274052470268944571e-06 1.320568675155048451e-02
