# z, Tu, Tv, Tw
0.000000000000000000e+00 -2.576120058013963388e-19 2.898185395376158668e-18 3.758173329950924724e-03
1.041666700000000034e+01 -1.473567551832712807e-05 -5.753780954738838063e-06 2.989813895801531063e-03
2.083333299999999966e+01 -1.398210827895201685e-05 -7.349194150317549303e-06 1.394553055518002503e-03
3.125000000000000000e+01 -9.652858025144280240e-06 -5.751000215807238611e-06 7.220129089833611947e-04
4.166666699999999679e+01 -7.268737438764199935e-06 -5.028287885573208146e-06 4.401848808241490101e-04
5.208333300000000321e+01 -5.757323425999801775e-06 -4.722661934203953562e-06 3.001260959455142891e-04
6.250000000000000000e+01 -4.749422183158824083e-06 -4.513818510453558512e-06 2.202163839647916228e-04
7.291666700000000390e+01 -4.031150288785147583e-06 -4.344144044589023899e-06 1.683660704168646208e-04
8.333333299999999610e+01 -3.482187965730278937e-06 -4.121672243065134364e-06 1.328671189663514188e-04
9.375000000000000000e+01 -3.059183952083564132e-06 -3.917251167826218971e-06 1.074119873140682891e-04
1.041666670000000039e+02 -2.690333283539210191e-06 -3.735353903973558094e-06 8.830722255951136801e-05
1.145833329999999961e+02 -2.401794397819565288e-06 -3.582447227634039419e-06 7.312024419935171681e-05
1.250000000000000000e+02 -2.159250997034895884e-06 -3.419990457110416546e-06 6.060774253951593560e-05
1.354166669999999897e+02 -1.945993290129288244e-06 -3.242875670082398466e-06 5.066889541492885211e-05
1.458333330000000103e+02 -1.757501196620509449e-06 -3.059533742402662413e-06 4.293831461535224496e-05
1.562500000000000000e+02 -1.600957976875191737e-06 -2.882320694699527474e-06 3.692752956815590888e-05
1.666666669999999897e+02 -1.472556571595558819e-06 -2.721205424110052102e-06 3.180430374150422057e-05
1.770833330000000103e+02 -1.349899504478705420e-06 -2.567578645891288011e-06 2.711904908805828356e-05
1.875000000000000000e+02 -1.236238465677893386e-06 -2.431603795765289230e-06 2.313496603311216614e-05
1.979166669999999897e+02 -1.142678117367955993e-06 -2.299524035757220998e-06 1.995999463676806568e-05
2.083333330000000103e+02 -1.054395325632143548e-06 -2.179046017181886109e-06 1.731121828953272794e-05
2.187500000000000000e+02 -9.724155319222866462e-07 -2.066382480669975322e-06 1.489566281067371385e-05
2.291666669999999897e+02 -9.074706593106810647e-07 -1.959849378093693316e-06 1.276055099890270479e-05
2.395833330000000103e+02 -8.446933436039429937e-07 -1.849196875682067571e-06 1.092443559782712367e-05
2.500000000000000000e+02 -7.922410177512045519e-07 -1.738924077382570241e-06 9.421250042416767897e-06
2.604166670000000181e+02 -7.470879122408836742e-07 -1.635797128451152016e-06 8.057332919232127269e-06
2.708333329999999819e+02 -7.046620371230732939e-07 -1.550449847536031557e-06 6.671996805901863063e-06
2.812500000000000000e+02 -6.607940761348313319e-07 -1.477606734328893277e-06 5.512359980967375189e-06
2.916666670000000181e+02 -6.176195874122973419e-07 -1.400175361407914168e-06 4.670407129659159476e-06
3.020833329999999819e+02 -5.766805432315408607e-07 -1.326395600460321583e-06 3.981940384893576458e-06
3.125000000000000000e+02 -5.373090776737856180e-07 -1.261285704694564814e-06 3.288759145415306281e-06
3.229166670000000181e+02 -5.017352158449481327e-07 -1.193734752760405368e-06 2.596437362162600297e-06
3.333333329999999819e+02 -4.726132595734944679e-07 -1.121557210874065563e-06 1.987096454517305521e-06
3.437500000000000000e+02 -4.456410364054521310e-07 -1.059585817607588903e-06 1.431298459310125636e-06
3.541666670000000181e+02 -4.216244457534039008e-07 -1.004956907496163072e-06 9.352529418200614476e-07
3.645833329999999819e+02 -4.011544058999331261e-07 -9.493620082536399964e-07 5.081999954504036746e-07
3.750000000000000000e+02 -3.762131873082658078e-07 -8.953374407879153416e-07 6.910209434254407034e-08
3.854166670000000181e+02 -3.536429467799442072e-07 -8.408637629203851683e-07 -3.121261372631810173e-07
3.958333329999999819e+02 -3.329945013105710769e-07 -7.910608418048105495e-07 -6.503290842746296675e-07
4.062500000000000000e+02 -3.152664204813134760e-07 -7.474878988400165268e-07 -1.020041993159689584e-06
4.166666670000000181e+02 -2.964554017099811524e-07 -7.131889333630641455e-07 -1.458455434175065834e-06
4.270833329999999819e+02 -2.822639287906811645e-07 -6.855484694947543791e-07 -1.859807876795975442e-06
4.375000000000000000e+02 -2.693086169498397478e-07 -6.556463387439288960e-07 -2.240717171334637437e-06
4.479166670000000181e+02 -2.607918097297463520e-07 -6.275576907028768078e-07 -2.699557078495390504e-06
4.583333329999999819e+02 -2.469834392601139049e-07 -5.984273011442582829e-07 -3.187575903736027718e-06
4.687500000000000000e+02 -2.302432256755410699e-07 -5.689623865153658745e-07 -3.679820450138947043e-06
4.791666670000000181e+02 -2.143570529238149702e-07 -5.412453423540795152e-07 -4.210023538239834809e-06
4.895833329999999819e+02 -1.938805310527772004e-07 -5.222863141867696762e-07 -4.752673181378516424e-06
5.000000000000000000e+02 -1.762122795035066085e-07 -5.098813587650794521e-07 -5.343323083528220048e-06
5.104166670000000181e+02 -1.587855785234570517e-07 -5.027674582242913451e-07 -6.001951431916396459e-06
5.208333330000000387e+02 -1.401576190806743803e-07 -4.968819939016507597e-07 -6.775581702715298876e-06
5.312500000000000000e+02 -1.224300340257594724e-07 -4.969631362794031002e-07 -7.648030809218473233e-06
5.416666669999999613e+02 -1.038057556714801622e-07 -5.030259771012981425e-07 -8.674012202213118877e-06
5.520833330000000387e+02 -8.631779383587882956e-08 -5.179855390377307771e-07 -9.850146663299578091e-06
5.625000000000000000e+02 -6.815583967898750329e-08 -5.373340503406252821e-07 -1.103048179426817859e-05
5.729166669999999613e+02 -4.998976347493317366e-08 -5.615994510210325361e-07 -1.239953381897143593e-05
5.833333330000000387e+02 -3.258084009587483311e-08 -5.848992086942898141e-07 -1.407486453596882645e-05
5.937500000000000000e+02 -1.623735464058286286e-08 -6.136503759828415807e-07 -1.595454961487905679e-05
6.041666669999999613e+02 -3.535410649102475634e-09 -6.578925759976046413e-07 -1.806973935287609507e-05
6.145833330000000387e+02 2.449995640053020327e-08 -7.161186528506956401e-07 -2.061876688817954474e-05
6.250000000000000000e+02 5.453547667844397405e-08 -7.821563639927376483e-07 -2.355457912839736291e-05
6.354166669999999613e+02 7.825612368428385703e-08 -8.409990966405964892e-07 -2.682323805032023337e-05
6.458333330000000387e+02 1.007006919339160684e-07 -8.986610942926480564e-07 -3.069320856485204701e-05
6.562500000000000000e+02 1.191312221960095859e-07 -9.500296900206651999e-07 -3.539637673511586609e-05
6.666666669999999613e+02 1.358018224716104785e-07 -1.024206698914648011e-06 -4.129962379324887217e-05
6.770833330000000387e+02 1.684933438726108265e-07 -1.117002969486327917e-06 -4.875235732831352791e-05
6.875000000000000000e+02 2.177383620475844351e-07 -1.229575178801071041e-06 -5.774994342905927268e-05
6.979166669999999613e+02 2.805253368552972957e-07 -1.331771252395372119e-06 -6.839021251094424040e-05
7.083333330000000387e+02 3.258640039051564505e-07 -1.462055954170464578e-06 -8.096137209200628116e-05
7.187500000000000000e+02 3.791531002683574276e-07 -1.614884619548494695e-06 -9.563858107379880004e-05
7.291666669999999613e+02 4.564072074504289090e-07 -1.790703637158586404e-06 -1.128038336950227367e-04
7.395833330000000387e+02 5.286891648972340386e-07 -1.946598404456277439e-06 -1.326727896697455747e-04
7.500000000000000000e+02 5.759988275790162142e-07 -2.104369682420111031e-06 -1.546817360953896031e-04
7.604166669999999613e+02 5.725632874565080351e-07 -2.212262564306878047e-06 -1.776628094643302892e-04
7.708333330000000387e+02 4.427462655610430405e-07 -2.258822433722623115e-06 -1.999398048192068550e-04
7.812500000000000000e+02 1.674778165813077070e-07 -2.257894449237104529e-06 -2.194968288419600318e-04
7.916666669999999613e+02 -1.651238400454955611e-07 -2.235210415678663112e-06 -2.338294347708783029e-04
8.020833330000000387e+02 -5.217237821764006434e-07 -2.007434622526259513e-06 -2.396454580634162722e-04
8.125000000000000000e+02 -7.499650669567525465e-07 -1.777512953929774730e-06 -2.352211898876319617e-04
8.229166669999999613e+02 -8.977211964264373792e-07 -1.388904416534030431e-06 -2.212365406705660786e-04
8.333333330000000387e+02 -8.851511464474458258e-07 -1.079652882295358677e-06 -1.933240504190764466e-04
8.437500000000000000e+02 -8.721433558129696434e-07 -7.839284989150002046e-07 -1.532750567723054156e-04
8.541666669999999613e+02 -7.268239649664655183e-07 -5.398305702180887892e-07 -1.065019357756788172e-04
8.645833330000000387e+02 -3.872735606081782286e-07 -3.735399839437545141e-07 -6.100167264608753238e-05
8.750000000000000000e+02 -2.507631621653361715e-08 -2.418846941798710728e-07 -2.768659622970096545e-05
8.854166669999999613e+02 1.059829674314002754e-07 -1.315835410575615515e-07 -1.021482357976572975e-05
8.958333330000000387e+02 7.227105138048390324e-08 -6.587310559537354994e-08 -3.293959662633827695e-06
9.062500000000000000e+02 3.404325501736408383e-08 -2.545224702333515339e-08 -1.029665240041347675e-06
9.166666669999999613e+02 1.306763889542292246e-08 -7.461241366119127758e-09 -2.621373241376559539e-07
9.270833330000000387e+02 3.240843481156620120e-09 -1.416290735848980899e-09 -5.084136620571444760e-08
9.375000000000000000e+02 1.078006219863833454e-09 -1.330305788842432689e-10 -1.261462919016556703e-08
9.479166669999999613e+02 4.340013319802171166e-10 3.806177260672805888e-11 -4.253963676230117653e-09
9.583333330000000387e+02 1.475643423059142329e-10 1.670286346671953813e-11 -1.354528510556344781e-09
9.687500000000000000e+02 3.200953753768538815e-11 2.141500335297152906e-12 -2.856134239428904380e-10
9.791666669999999613e+02 2.139416989562559977e-12 9.475400472555930965e-14 -7.355671837840595403e-11
9.895833330000000387e+02 5.167712718158986969e-27 -3.567138085203588540e-27 -6.358013150472731466e-11
1.000000000000000000e+03 3.273535289861599468e-27 -1.003818745791074678e-26 -6.386253172321165479e-11
1.010416666999999961e+03 2.352616364479103561e-26 -2.600242917304953234e-26 -6.389902362935913334e-11
1.020833333000000039e+03 1.922976548504070314e-27 7.391078913494971330e-26 -6.379102369490819912e-11
1.031250000000000000e+03 -3.266159044612587857e-27 -2.008251590468905766e-26 -6.363080280113404104e-11
1.041666666999999961e+03 -1.866931201827414875e-27 -6.325684401742474573e-26 -6.348020975202841815e-11
1.052083333000000039e+03 -1.911541603716143755e-27 2.454023854785160931e-26 -6.336954773748374500e-11
1.062500000000000000e+03 1.089799648545280935e-26 7.976481029862202194e-26 -6.330438393832666843e-11
1.072916666999999961e+03 -2.001856491717127085e-27 -1.159709512846907624e-25 -6.327237148271202272e-11
1.083333333000000039e+03 9.405595018469634533e-30 -1.545581018854923260e-26 -6.325176329352362308e-11
1.093750000000000000e+03 -1.191927116856521679e-26 -1.140685152851583225e-25 -6.322269490775522283e-11
1.104166666999999961e+03 4.523861799127336509e-27 1.412766252725445646e-25 -6.317631392070911616e-11
1.114583333000000039e+03 -3.229313111407022307e-28 1.713945757780660190e-25 -6.311760300952506562e-11
1.125000000000000000e+03 1.031135558340026356e-26 -1.076009952163980563e-25 -6.306182830068900139e-11
1.135416666999999961e+03 -6.211716118689403075e-27 -8.630835157439787109e-26 -6.302606587062423950e-11
1.145833333000000039e+03 -1.185140265366642980e-27 6.666971622710975569e-26 -6.302015576363554925e-11
1.156250000000000000e+03 -6.829203137237823293e-27 -7.464901364152176283e-27 -6.304128192969168972e-11
1.166666666999999961e+03 6.342300364724417433e-27 -5.525322969881861172e-26 -6.307463451946063073e-11
1.177083333000000039e+03 3.818706870538151501e-27 1.628463192743760927e-26 -6.310164025454603828e-11
1.187500000000000000e+03 2.402326610571082940e-27 1.666014986738703560e-26 -6.311036946767791668e-11
1.197916666999999961e+03 -6.460037944392758241e-28 1.795187511194965690e-26 -6.310073806362184075e-11
1.208333333000000039e+03 -9.034876931888019199e-27 3.984937086436805813e-27 -6.308311076040496054e-11
1.218750000000000000e+03 -4.678445312001276050e-28 -9.912473651322438113e-27 -6.307312193214379031e-11
1.229166666999999961e+03 1.031050855045291055e-27 -1.541063509802890132e-26 -6.308508288136249684e-11
1.239583333000000039e+03 1.155109418082534814e-26 4.217687623126505521e-26 -6.312511425155260653e-11
1.250000000000000000e+03 -2.740575100841300031e-27 -1.296883675211592107e-25 -6.318799881013568827e-11
1.260416666999999961e+03 8.872670122488751907e-29 1.305841048628794233e-25 -6.326020909322193119e-11
1.270833333000000039e+03 -1.174460591623347206e-26 -4.699324674151084230e-26 -6.332506185735498651e-11
1.281250000000000000e+03 3.003861175279515776e-27 6.366878437410643938e-26 -6.336588646310275283e-11
1.291666666999999961e+03 -5.349718922700254572e-28 -1.029135148862917783e-25 -6.336843381975310271e-11
1.302083333000000039e+03 6.633891456816762813e-27 2.358295014529642697e-25 -6.332523663823696598e-11
1.312500000000000000e+03 -2.896146818820342341e-27 -2.845384134291392049e-25 -6.324035395243232326e-11
1.322916666999999961e+03 4.106698072604580367e-28 8.837433551882976482e-26 -6.313018299708119144e-11
1.333333333000000039e+03 -1.751381790606145658e-27 5.875500507492617120e-26 -6.301837341473653658e-11
1.343750000000000000e+03 1.325500683334577359e-27 4.382830813409514144e-27 -6.292745145861319589e-11
1.354166666999999961e+03 -7.895758789988752719e-28 -2.896062115525573103e-26 -6.287257324031136517e-11
1.364583333000000039e+03 -7.616237917394898254e-29 -1.286106592679351184e-26 -6.286003246342668028e-11
1.375000000000000000e+03 -2.819984439646441047e-27 -1.897079927863395140e-25 -6.288811827962730876e-11
1.385416666999999961e+03 -3.656358888980983162e-27 1.366074973229603218e-25 -6.294775627653249853e-11
1.395833333000000039e+03 -1.247397186989829226e-27 2.360454948545126729e-26 -6.302415384072898352e-11
1.406250000000000000e+03 1.356946781501415935e-27 -8.307783849965066016e-26 -6.309991870941656153e-11
1.416666666999999961e+03 2.189015480020816914e-27 4.024394704562970624e-26 -6.315881126840422121e-11
1.427083333000000039e+03 2.499170710873800200e-27 2.130465739263477675e-25 -6.318920812109872344e-11
1.437500000000000000e+03 -1.905118270532838817e-28 -1.421818211488469538e-25 -6.318612033135782565e-11
1.447916666999999961e+03 -2.411502800832944291e-27 -5.605579341634120951e-26 -6.315137668429767523e-11
1.458333333000000039e+03 -4.470498723450302610e-27 -3.232757712059173707e-26 -6.309208509995519372e-11
1.468750000000000000e+03 -9.046311876676090686e-28 -4.601591189253795358e-26 -6.301907837959252733e-11
1.479166666999999961e+03 1.768887138182696506e-27 1.560850199450729288e-25 -6.294575576739526632e-11
1.489583333000000039e+03 2.681318087572941318e-27 -8.467364857227564771e-26 -6.288681000686281613e-11
1.500000000000000000e+03 1.584745704753625393e-28 8.609242875892887662e-27 -6.285643128091161317e-11
1.510416666999999961e+03 -4.485568851303510300e-28 2.909840518134243995e-26 -6.286380033204707371e-11
1.520833333000000039e+03 -1.402315983738696349e-27 -6.558660813884767027e-26 -6.290727919881287834e-11
1.531250000000000000e+03 -2.924804766869136213e-27 5.954076930566304289e-26 -6.297393426379031378e-11
1.541666666999999961e+03 -3.453882721547777486e-27 1.950321595484579978e-26 -6.304713253683667952e-11
1.552083333000000039e+03 -5.804293271060093284e-28 4.236237644671356828e-26 -6.311438870544996275e-11
1.562500000000000000e+03 1.027945067572044664e-27 -3.986701738410292104e-28 -6.316825697630138729e-11
1.572916666999999961e+03 -2.644154517012146278e-28 -1.237560311029040041e-25 -6.320322250498912168e-11
1.583333333000000039e+03 -1.223186161914146682e-27 1.197648118554429535e-25 -6.321594117775267896e-11
1.593750000000000000e+03 -3.211666591672597944e-28 -1.525466809800809944e-25 -6.320790778148333718e-11
1.604166666999999961e+03 -3.925997710523643406e-28 6.065306473756445994e-26 -6.318598188629625471e-11
1.614583333000000039e+03 3.719886360025132251e-29 -2.431196316856653687e-26 -6.315930309913587399e-11
1.625000000000000000e+03 -5.413952254533808859e-28 9.555590436212702930e-26 -6.313436739015895493e-11
1.635416666999999961e+03 -5.178194750881227033e-28 -1.269770150569961187e-25 -6.311313480156028481e-11
1.645833333000000039e+03 -3.330251204288155091e-28 8.895490601809399017e-26 -6.309616140332582951e-11
1.656250000000000000e+03 -2.322281997055571261e-29 1.424408720585476769e-25 -6.308468361887969248e-11
1.666666666999999961e+03 -2.668153783851017271e-29 -1.060183141544518716e-25 -6.307959794018216661e-11
1.677083333000000039e+03 -4.069287450767529365e-28 5.099561858944508912e-27 -6.307870184065900039e-11
1.687500000000000000e+03 -4.313515283892587569e-28 2.599671170065573982e-26 -6.307577692671905044e-11
1.697916666999999961e+03 -3.184490951281440465e-28 -2.719568683749348470e-26 -6.306260873952887744e-11
1.708333333000000039e+03 -5.007376439851676484e-28 -3.875387491925241023e-26 -6.303372791839400018e-11
1.718750000000000000e+03 2.018761857622773384e-29 2.434796206882515173e-27 -6.298800831443479055e-11
1.729166666999999961e+03 -1.010086789600741152e-28 6.729719117582699790e-26 -6.292936034894154178e-11
1.739583333000000039e+03 -4.379160337304737999e-28 -3.225882627970644518e-26 -6.286604087860513895e-11
1.750000000000000000e+03 -8.046812998915947697e-30 -2.778268066994138062e-27 -6.280892366062962449e-11
1.760416666999999961e+03 -4.813970583561888639e-29 -1.090667857316200560e-26 -6.276675764576176007e-11
1.770833333000000039e+03 -4.204106861538847470e-28 -8.545574232690767384e-26 -6.274454650072978540e-11
1.781250000000000000e+03 -6.714147828569178641e-28 2.805703464155710394e-25 -6.274461919374113670e-11
1.791666666999999961e+03 -1.802768456072880302e-28 -2.170428753714919648e-25 -6.276878978853098515e-11
1.802083333000000039e+03 1.639008752937072324e-28 -2.230520094436325590e-28 -6.281645965780116550e-11
1.812500000000000000e+03 -6.606856988583627365e-28 -3.998588434103427024e-26 -6.287808053812567903e-11
1.822916666999999961e+03 5.689237962391327829e-29 -7.060019615364523578e-27 -6.293522393332068686e-11
1.833333333000000039e+03 -1.787239518706571446e-28 2.908104100592398144e-26 -6.296485324488780096e-11
1.843750000000000000e+03 -4.761736885148018551e-28 2.643406304575485417e-26 -6.295001553489721101e-11
1.854166666999999961e+03 -4.476569126238890308e-28 -5.171136142987402402e-27 -6.288431481020663631e-11
1.864583333000000039e+03 1.221139165624947306e-28 1.823958396970044170e-26 -6.277553785783157447e-11
1.875000000000000000e+03 -9.811464972362480272e-29 5.366010189719235606e-26 -6.263814072756112074e-11
1.885416666999999961e+03 -1.188669569313512158e-28 -7.868653735676548141e-27 -6.248867541738135237e-11
1.895833333000000039e+03 -4.557037256228106901e-28 -1.161140998527762781e-26 -6.233480041770804823e-11
1.906250000000000000e+03 -3.416366220592409596e-28 1.207561227480486051e-25 -6.218681642802235047e-11
1.916666666999999961e+03 6.930141230118797517e-28 -1.386801869448918578e-25 -6.205658424168194380e-11
1.927083333000000039e+03 -2.135864162580645483e-27 -4.083207025534059459e-26 -6.198048290961523117e-11
1.937500000000000000e+03 1.439956010332341407e-29 6.413733476609698924e-27 -6.199806620761949103e-11
1.947916666999999961e+03 -3.069788573007394672e-28 -5.065426431170059069e-26 -6.218096669721553342e-11
1.958333333000000039e+03 -2.434443276487791027e-27 3.849680041976060260e-26 -6.259039094467315878e-11
1.968750000000000000e+03 -2.585850415809550829e-27 8.325917413644191943e-26 -6.336211147904038930e-11
1.979166666999999961e+03 9.031665265296135482e-28 -6.690639134978694789e-26 -6.504773035806830772e-11
1.989583333000000039e+03 9.828961496678964816e-27 9.599791438843395753e-26 -6.707658320254498388e-11
2.000000000000000000e+03 8.950248634871296060e-28 -1.519291233754492668e-25 -5.391790424566813584e-11
