# z, uu, uv, uw, vv, vw, ww, tke
0.000000000000000000e+00 9.678539719705580024e-01 1.453578941999200680e-01 -9.595020893053021749e-02 4.473188668143097679e-01 -1.954074166335496507e-02 9.296478014179171412e-02 7.540688094633297700e-01
1.041666700000000034e+01 1.075332325327006400e+00 1.725702749406052561e-01 -9.744860700156283972e-02 4.419042193996060020e-01 -1.851576564569641301e-02 7.350187156898037311e-02 7.953692081477963249e-01
2.083333299999999966e+01 1.048696560501852115e+00 1.696352723001088025e-01 -1.486525558670313274e-01 4.468897054440184591e-01 -2.851271825103678104e-02 1.406197128775071026e-01 8.181029894116887968e-01
3.125000000000000000e+01 8.931380722071950995e-01 1.483939886203868297e-01 -1.437075689986092031e-01 4.074816694291987229e-01 -2.595610195196237924e-02 1.663554861027276011e-01 7.334876138695607395e-01
4.166666699999999679e+01 8.158639990151230759e-01 1.339851379181453417e-01 -1.489464881862929968e-01 3.769207312922075448e-01 -2.578870473630070700e-02 1.716011004724013467e-01 6.821929153898660392e-01
5.208333300000000321e+01 7.487416533804861496e-01 1.209962998842273041e-01 -1.441815089905482961e-01 3.489318434647971645e-01 -2.397774242536530181e-02 1.722676735328570463e-01 6.349705851890701247e-01
6.250000000000000000e+01 7.028079508745418424e-01 1.131268969147350700e-01 -1.451336600038311553e-01 3.291159690024550444e-01 -2.332313468433776238e-02 1.708584983755158382e-01 6.013912091262564319e-01
7.291666700000000390e+01 6.684155671245911590e-01 1.072064699918329755e-01 -1.401785778756424183e-01 3.119054721569689548e-01 -2.168645286494868402e-02 1.670815500742088566e-01 5.737012946778844436e-01
8.333333299999999610e+01 6.374582352092933446e-01 1.024962103108684464e-01 -1.401092810221119811e-01 2.971421786337031246e-01 -2.092869286113464497e-02 1.658556806876821665e-01 5.502280472653392485e-01
9.375000000000000000e+01 6.098502968250553158e-01 9.755359606841274012e-02 -1.361171549731056418e-01 2.841059578550658160e-01 -1.976104790621901683e-02 1.624841508345841734e-01 5.282202027573527081e-01
1.041666670000000039e+02 5.862505920238972879e-01 9.190009287572964425e-02 -1.354494505000205795e-01 2.725262605404155658e-01 -1.908955108303838147e-02 1.617663440232364747e-01 5.102715982937746642e-01
1.145833329999999961e+02 5.657773782125207207e-01 8.779426455671303364e-02 -1.316044794462377654e-01 2.622188741577482496e-01 -1.812549788032120912e-02 1.585143796454413501e-01 4.932553160078551602e-01
1.250000000000000000e+02 5.461414692113184532e-01 8.402374617907551468e-02 -1.307878243259179285e-01 2.530671653425508039e-01 -1.764214681286594560e-02 1.581286512618698958e-01 4.786686429078695904e-01
1.354166669999999897e+02 5.296399791996910800e-01 8.017663626082806305e-02 -1.272888627466996214e-01 2.446621319651003656e-01 -1.690180464856112091e-02 1.554217043412625399e-01 4.648619077530269927e-01
1.458333330000000103e+02 5.132915241159397013e-01 7.611234258682057774e-02 -1.259438647589583571e-01 2.359263161636498407e-01 -1.626033492875773520e-02 1.553086333896106508e-01 4.522632368346000686e-01
1.562500000000000000e+02 4.999267908657545334e-01 7.268395305483778268e-02 -1.227652843298476792e-01 2.271584025339505319e-01 -1.566737361282498006e-02 1.535113579678992479e-01 4.402982756838021983e-01
1.666666669999999897e+02 4.862022222108661751e-01 6.975908876552557036e-02 -1.213448780647604919e-01 2.187491717982098238e-01 -1.510077934044426473e-02 1.529554180744915337e-01 4.289534060417837802e-01
1.770833330000000103e+02 4.735978612148382672e-01 6.723931024916313115e-02 -1.179465796165311692e-01 2.117176068530481625e-01 -1.450808111205575263e-02 1.504711459675099616e-01 4.178933070176982234e-01
1.875000000000000000e+02 4.616275489322581027e-01 6.370307265607623448e-02 -1.164079294497200601e-01 2.035272195670014550e-01 -1.388231474104201571e-02 1.499537436594275686e-01 4.075542560793435909e-01
1.979166669999999897e+02 4.497437887090353636e-01 6.116786032537113726e-02 -1.130646999942794551e-01 1.957360857848859381e-01 -1.342120120122295562e-02 1.471200575347022810e-01 3.962999660143117775e-01
2.083333330000000103e+02 4.395151875713792511e-01 5.968585041064843055e-02 -1.111652172371964814e-01 1.897579855825049233e-01 -1.285434054338988226e-02 1.461207806094063921e-01 3.876969768816452833e-01
2.187500000000000000e+02 4.301924881311395277e-01 5.756299517435880392e-02 -1.079944278626156495e-01 1.835660265481185716e-01 -1.233885087206201651e-02 1.433128030963929100e-01 3.785356588878255324e-01
2.291666669999999897e+02 4.204581991251784001e-01 5.525080286191487444e-02 -1.059160007032135115e-01 1.775288739072713173e-01 -1.179448721750057244e-02 1.420656685085068816e-01 3.700263707704782856e-01
2.395833330000000103e+02 4.128103639828349936e-01 5.288429073192441043e-02 -1.027494666507652449e-01 1.724725392298875892e-01 -1.128750111380409996e-02 1.388598605767943917e-01 3.620713818947585150e-01
2.500000000000000000e+02 4.054089176038774278e-01 5.036096395164230827e-02 -1.004786510041963538e-01 1.672131349991305971e-01 -1.069472710977361664e-02 1.370933268156996621e-01 3.548576897093538296e-01
2.604166670000000181e+02 3.990039897580668904e-01 4.705186197199526243e-02 -9.738669976266363382e-02 1.609247615667728781e-01 -1.014391413923258420e-02 1.341811042417401789e-01 3.470549277832899460e-01
2.708333329999999819e+02 3.932262668351954038e-01 4.329061435311670758e-02 -9.509124279242822664e-02 1.555615258999916151e-01 -9.654160582480931715e-03 1.324976506428143519e-01 3.406427216890006715e-01
2.812500000000000000e+02 3.874901040219141390e-01 3.894013209394746322e-02 -9.193016511248086609e-02 1.505256046511476153e-01 -9.123122864022519332e-03 1.297650128237333722e-01 3.338903607483975078e-01
2.916666670000000181e+02 3.811848055088235543e-01 3.513339852063605134e-02 -8.954644363453076461e-02 1.452982051101772143e-01 -8.520577071264207741e-03 1.280040757836819754e-01 3.272435432013414136e-01
3.020833329999999819e+02 3.735869812960546654e-01 3.061268533030177263e-02 -8.644586274280059712e-02 1.417096524096925492e-01 -7.960494144745441578e-03 1.254305985749731289e-01 3.203636161403601301e-01
3.125000000000000000e+02 3.667000828840691895e-01 2.600101341750197040e-02 -8.398081275979804583e-02 1.382396495748120235e-01 -7.258484236594800985e-03 1.234358082885128743e-01 3.141877703736970506e-01
3.229166670000000181e+02 3.592977761715097085e-01 2.166486339155773710e-02 -8.095578603476843993e-02 1.351661513254269475e-01 -6.739344880482616915e-03 1.207732227502558014e-01 3.076185751235962496e-01
3.333333329999999819e+02 3.538072426397690373e-01 1.764736360573350774e-02 -7.843508429413313665e-02 1.330900521430133376e-01 -6.133185279249823985e-03 1.187037996503900045e-01 3.028005472165861689e-01
3.437500000000000000e+02 3.480994481588408629e-01 1.377698569240377001e-02 -7.559854175861363546e-02 1.312349454516474334e-01 -5.608219603408243735e-03 1.161399937686280331e-01 2.977371936895581439e-01
3.541666670000000181e+02 3.423309565423470202e-01 9.625103242810262652e-03 -7.303819043018454360e-02 1.292624310546437172e-01 -4.973744244968887618e-03 1.139722207869119236e-01 2.927828041919513513e-01
3.645833329999999819e+02 3.369447076581428280e-01 6.366450668837215707e-03 -7.025117254563954805e-02 1.282525003474993819e-01 -4.413339870657325380e-03 1.113518834657630380e-01 2.882745457357026586e-01
3.750000000000000000e+02 3.322551449600453233e-01 3.443499273414459515e-03 -6.782253181030038769e-02 1.280293507569185418e-01 -3.804608715354645000e-03 1.089324536372743707e-01 2.846084746771190832e-01
3.854166670000000181e+02 3.275368010708793465e-01 5.311120236428010753e-04 -6.515828889367922261e-02 1.282420539662405545e-01 -3.287973646767178466e-03 1.063377454974568648e-01 2.810583002672883968e-01
3.958333329999999819e+02 3.230286290514447489e-01 -1.915768816315418675e-03 -6.280489804825550859e-02 1.288210574541781839e-01 -2.770777895900708963e-03 1.037354601459974240e-01 2.777925733258101992e-01
4.062500000000000000e+02 3.188855069347465432e-01 -3.738860082146193160e-03 -6.019147590688930793e-02 1.287719470084773832e-01 -2.231765981581282973e-03 1.009452500276799281e-01 2.743013519854519133e-01
4.166666670000000181e+02 3.175788601913560605e-01 -5.502621417445676191e-03 -5.799405560479969218e-02 1.291608711768486573e-01 -1.659743570094342592e-03 9.837016535867276756e-02 2.725549483634387427e-01
4.270833329999999819e+02 3.160442113466450098e-01 -6.862328326973340768e-03 -5.541648718673796575e-02 1.292870795299294329e-01 -1.159792286022026143e-03 9.562537340982435463e-02 2.704783321431993848e-01
4.375000000000000000e+02 3.139483080214032773e-01 -8.096398115282319591e-03 -5.323009112508582386e-02 1.287018435288982687e-01 -5.707997811992419944e-04 9.310159396134469467e-02 2.678758727558230857e-01
4.479166670000000181e+02 3.123971914268802164e-01 -9.441135648470242586e-03 -5.073346703116955736e-02 1.288279473297767042e-01 -1.615855713338623941e-05 9.029535013450774861e-02 2.657602444455823276e-01
4.583333329999999819e+02 3.112408015455223054e-01 -1.020745135297014550e-02 -4.865273666158891758e-02 1.297189182569874755e-01 4.877906923471547491e-04 8.772767247197695017e-02 2.643436961372434002e-01
4.687500000000000000e+02 3.110951138957050999e-01 -1.065692141332897670e-02 -4.617517823809701855e-02 1.308403347090547897e-01 9.961924712723997048e-04 8.490822425363116210e-02 2.634218364291955328e-01
4.791666670000000181e+02 3.109279849678191487e-01 -1.104009902753179222e-02 -4.417613951892300495e-02 1.317487808941872618e-01 1.399730830674109864e-03 8.218503295123744112e-02 2.624308994066219536e-01
4.895833329999999819e+02 3.108155681566120432e-01 -9.910827594029551768e-03 -4.179570235821770952e-02 1.323315792243512645e-01 1.833974170474838173e-03 7.946659677330822347e-02 2.613068720771357656e-01
5.000000000000000000e+02 3.108958069449452299e-01 -8.870737156031127321e-03 -3.988878928328358497e-02 1.323744709719283652e-01 2.200873442794954674e-03 7.664615402200879168e-02 2.599582159694411865e-01
5.104166670000000181e+02 3.111608926118722418e-01 -7.508307431217113755e-03 -3.755609838518392946e-02 1.326634120865307354e-01 2.560250340640691027e-03 7.369023491150873684e-02 2.587572698049558362e-01
5.208333330000000387e+02 3.119661712033426904e-01 -6.380815834830420689e-03 -3.576841415084849873e-02 1.328697169828528535e-01 2.937540021142810796e-03 7.087747342138631113e-02 2.578566808037909275e-01
5.312500000000000000e+02 3.124930673502822609e-01 -3.954955850790830597e-03 -3.358488698580732595e-02 1.330327124011396467e-01 3.247035156286837317e-03 6.797587411049313411e-02 2.567508269309575208e-01
5.416666669999999613e+02 3.111782435761910048e-01 -2.164501674519620378e-03 -3.186106361856198138e-02 1.325337180665273340e-01 3.600277975318165458e-03 6.506141597821842038e-02 2.543866888104683865e-01
5.520833330000000387e+02 3.097574110325312380e-01 1.886666350434778585e-04 -2.974708591905446745e-02 1.320894581673186519e-01 3.963658511521560464e-03 6.222074139117848846e-02 2.520338052955141683e-01
5.625000000000000000e+02 3.082374517783274537e-01 2.935298375147526572e-03 -2.804940597783358441e-02 1.317618659391135150e-01 4.327807860768963406e-03 5.944217886951583957e-02 2.497207482934784006e-01
5.729166669999999613e+02 3.064135861952396733e-01 6.640334723857568844e-03 -2.600670248977828350e-02 1.297811602756807348e-01 4.637809100317242909e-03 5.676024072006990301e-02 2.464774935954951451e-01
5.833333330000000387e+02 3.028916182155875214e-01 1.058433218718019680e-02 -2.443381489493113082e-02 1.274773455854886772e-01 4.882017311587039804e-03 5.419945229999392072e-02 2.422842080505350493e-01
5.937500000000000000e+02 2.985014570369605158e-01 1.364545026649438206e-02 -2.246986218324614065e-02 1.254343535163081613e-01 5.080348668264999916e-03 5.166985732300773126e-02 2.378028339381381973e-01
6.041666669999999613e+02 2.914601961609501468e-01 1.666820685324894857e-02 -2.100972778371907462e-02 1.223571977411426481e-01 5.221001911343452380e-03 4.929101820981642706e-02 2.315542060559546145e-01
6.145833330000000387e+02 2.841981986522055803e-01 1.882815721364728898e-02 -1.926290425624964386e-02 1.186419320292263074e-01 5.481119368474779777e-03 4.693840685426250298e-02 2.248892687678471780e-01
6.250000000000000000e+02 2.752977685038690558e-01 2.132871622054462873e-02 -1.789148291514521330e-02 1.133891983527020725e-01 5.589453369877941946e-03 4.465795877251226009e-02 2.166724628145416942e-01
6.354166669999999613e+02 2.657778562088728425e-01 2.330118456620104000e-02 -1.640571282608299999e-02 1.085709516631117449e-01 5.734383239081934820e-03 4.262721012195166276e-02 2.084880089969681216e-01
6.458333330000000387e+02 2.554594381514352919e-01 2.386227533916701615e-02 -1.516897778908817690e-02 1.037106600597830636e-01 5.850500217845332716e-03 4.053488634388247025e-02 1.998524922775504198e-01
6.562500000000000000e+02 2.427965289090145695e-01 2.426121585488141136e-02 -1.378624687667048994e-02 9.848583630127585864e-02 5.891811082978656335e-03 3.869455772592833576e-02 1.899884614681093820e-01
6.666666669999999613e+02 2.301017393786916332e-01 2.354884503360322665e-02 -1.267326246151415092e-02 9.291719209741375329e-02 6.029632927261122100e-03 3.687095512503980876e-02 1.799449433005725907e-01
6.770833330000000387e+02 2.133148426150608679e-01 2.256489892594508093e-02 -1.136984011617281180e-02 8.719172494438105769e-02 5.975941446842534567e-03 3.530855495558017643e-02 1.679075612575110510e-01
6.875000000000000000e+02 1.956026732934884049e-01 1.965130676786011263e-02 -1.031253464638989988e-02 8.193918723401487358e-02 6.024318245312437758e-03 3.403234982248397322e-02 1.557871051749936397e-01
6.979166669999999613e+02 1.748892134070385018e-01 1.586158489316489770e-02 -9.071223076235541971e-03 7.821944602826753912e-02 5.941043147554177228e-03 3.276288947444792182e-02 1.429357744548769849e-01
7.083333330000000387e+02 1.530720246652303163e-01 1.135796292363104761e-02 -8.103095455046754880e-03 7.731987997353731434e-02 5.840315790474196085e-03 3.189320801741538786e-02 1.311425563280915196e-01
7.187500000000000000e+02 1.304737692037112595e-01 7.896611111261409369e-03 -6.945321382031952907e-03 7.909146459586004207e-02 5.652412346903513615e-03 3.126637880450058860e-02 1.204158063020359520e-01
7.291666669999999613e+02 1.089860526458318185e-01 4.791726776632806301e-03 -5.937644798889242688e-03 8.208890948756855654e-02 5.363126903088080190e-03 3.095950935517943411e-02 1.110172357442898994e-01
7.395833330000000387e+02 8.697676182426831992e-02 2.897556111279374087e-03 -4.862600480597487063e-03 8.845312672345180538e-02 4.997242925067787826e-03 3.106015477926111351e-02 1.032450216634906159e-01
7.500000000000000000e+02 6.855738331232402727e-02 4.378394695967363463e-03 -3.909962669682885868e-03 9.701495891163668117e-02 4.494037754915925116e-03 3.128053765893909488e-02 9.842643994144990860e-02
7.604166669999999613e+02 5.483696577142679190e-02 7.822624834295693538e-03 -3.065902763851564156e-03 1.064269914884088397e-01 3.930255444398861146e-03 3.175911175207820486e-02 9.651153450595692518e-02
7.708333330000000387e+02 4.439812016467060973e-02 1.252833290926144011e-02 -2.323619762872663336e-03 1.137027930339152282e-01 3.315512227115675718e-03 3.239451601297747840e-02 9.524771460578165816e-02
7.812500000000000000e+02 3.688566542449670665e-02 1.676688461809936262e-02 -1.781262143864116836e-03 1.140423842028858159e-01 2.710080476228793073e-03 3.340507938503271823e-02 9.216656450620760999e-02
7.916666669999999613e+02 3.139350090871763366e-02 1.766395620223064344e-02 -1.346162844294856824e-03 1.015499522980794905e-01 2.078674720114955052e-03 3.445781962796200248e-02 8.370063641737957028e-02
8.020833330000000387e+02 2.633334055683849567e-02 1.444984030418475403e-02 -1.086949008149250837e-03 7.763713444905902261e-02 1.625924854433414809e-03 3.513465357230801528e-02 6.955256428910276678e-02
8.125000000000000000e+02 2.220744576800305625e-02 8.887218877197239006e-03 -8.971999392852555858e-04 5.093725556052291353e-02 1.232373079284387364e-03 3.513485099701731118e-02 5.413977616277163701e-02
8.229166669999999613e+02 1.935832357111955115e-02 3.475307359029277190e-03 -7.786361687403326641e-04 3.051981764857306795e-02 9.742126429921384992e-04 3.423519773433914004e-02 4.205666947701587610e-02
8.333333330000000387e+02 1.722484332784568126e-02 -1.851299274154393079e-04 -7.063376173898555177e-04 1.965318379737110432e-02 8.331333136797720515e-04 3.252819347495640445e-02 3.470311030008659675e-02
8.437500000000000000e+02 1.562213410500758355e-02 -2.066105834718159982e-03 -6.668780761239853508e-04 1.654707917880313128e-02 7.809252990624153705e-04 3.023163496645239756e-02 3.120042412513155533e-02
8.541666669999999613e+02 1.437457576629373388e-02 -2.960509630221146160e-03 -6.410340361745878093e-04 1.725759491706531368e-02 7.769160772511648832e-04 2.763957453378844062e-02 2.963587260857374756e-02
8.645833330000000387e+02 1.338786526647514109e-02 -3.467809573856985017e-03 -6.263558214160142978e-04 1.834976568289811358e-02 7.774178296414610816e-04 2.502393875725698533e-02 2.838078485331511913e-02
8.750000000000000000e+02 1.261950041274938032e-02 -3.862143976107787653e-03 -6.298535179051407452e-04 1.840895297286131160e-02 7.736961785283163031e-04 2.258841520313051299e-02 2.680843429437060332e-02
8.854166669999999613e+02 1.202352913251115291e-02 -4.156310832240198497e-03 -6.408681000715261023e-04 1.757850014948659709e-02 7.638426095184290381e-04 2.043282088575058830e-02 2.501742508387416741e-02
8.958333330000000387e+02 1.152052372379006560e-02 -4.289273945740686850e-03 -6.655857051547981644e-04 1.646511543103125474e-02 7.524949359883377617e-04 1.857655714670381972e-02 2.328109815076256917e-02
9.062500000000000000e+02 1.104326170904680951e-02 -4.260663806721829566e-03 -6.933934893682792370e-04 1.547693559791688857e-02 7.446272441151831302e-04 1.699632239446866727e-02 2.175825985071618354e-02
9.166666669999999613e+02 1.055371168913514165e-02 -4.109726550045371407e-03 -7.253492491637550822e-04 1.473394782540181532e-02 7.402836229488124345e-04 1.565525735717548592e-02 2.047145843585622405e-02
9.270833330000000387e+02 1.005376812581533323e-02 -3.891050344622012849e-03 -7.554813606281643879e-04 1.419166460340576773e-02 7.378932697313181095e-04 1.451863146666030648e-02 1.938203209794070458e-02
9.375000000000000000e+02 9.557839450788203906e-03 -3.642565283332911338e-03 -7.844593586205519204e-04 1.377415100635682316e-02 7.362006029556734596e-04 1.355507493814576102e-02 1.844353269764539491e-02
9.479166669999999613e+02 9.086404312366989228e-03 -3.387361786245926629e-03 -8.085650073875069689e-04 1.342499243442860091e-02 7.341530686085097996e-04 1.274034288906745853e-02 1.762586981793152346e-02
9.583333330000000387e+02 8.643072004189771701e-03 -3.133583917063924914e-03 -8.279987273758818937e-04 1.311723956714372190e-02 7.308314168368004651e-04 1.205229934993890840e-02 1.690630546063619927e-02
9.687500000000000000e+02 8.233054211283641691e-03 -2.887633432277681225e-03 -8.417723902681038210e-04 1.284147079093315297e-02 7.264660051600988497e-04 1.147479527513227925e-02 1.627466013867453695e-02
9.791666669999999613e+02 7.855756393056726253e-03 -2.653554070858310347e-03 -8.511743340223589319e-04 1.259003425707841059e-02 7.204203057659613147e-04 1.099133598528685175e-02 1.571856331771099430e-02
9.895833330000000387e+02 7.521471799559971243e-03 -2.436933631612015795e-03 -8.576199096134894595e-04 1.235365113262142794e-02 7.137058159131328718e-04 1.059061298521718139e-02 1.523286795869929072e-02
1.000000000000000000e+03 7.238337785236950185e-03 -2.239695024213254546e-03 -8.629689963359782204e-04 1.212073581791728825e-02 7.058981743516086135e-04 1.026002360946887820e-02 1.480954860631155875e-02
1.010416666999999961e+03 7.016801140501611675e-03 -2.061972295789594664e-03 -8.690366318806225926e-04 1.188317612851334457e-02 6.984736199748724575e-04 9.991900927863818505e-03 1.444593909843938651e-02
1.020833333000000039e+03 6.856892797050441121e-03 -1.901639442861976581e-03 -8.767274543078273571e-04 1.163508440981934552e-02 6.914182537409034645e-04 9.776842058447690262e-03 1.413440963265873845e-02
1.031250000000000000e+03 6.753660019794834046e-03 -1.759276173196141395e-03 -8.867835792459525645e-04 1.137366059536559608e-02 6.862878500126143831e-04 9.609547923444608508e-03 1.386843426930252018e-02
1.041666666999999961e+03 6.696939089785890371e-03 -1.637802519367765859e-03 -8.986812905261745395e-04 1.109699860310703681e-02 6.832968736769547960e-04 9.482597493729833654e-03 1.363826759331137999e-02
1.052083333000000039e+03 6.679173058546982421e-03 -1.541703712809249296e-03 -9.121971635112278943e-04 1.080733867954574920e-02 6.834126186988213371e-04 9.391812212084682532e-03 1.343916197508870751e-02
1.062500000000000000e+03 6.695758357425928703e-03 -1.472828953395504932e-03 -9.263550598830919917e-04 1.051072738119270510e-02 6.862863690593454030e-04 9.331414070404995750e-03 1.326894990451181477e-02
1.072916666999999961e+03 6.746391066286896998e-03 -1.429591351808973034e-03 -9.409409360297059204e-04 1.021696512098528922e-02 6.917488332220941361e-04 9.298682476096704549e-03 1.313101933168444452e-02
1.083333333000000039e+03 6.831760582070981781e-03 -1.405957191837466265e-03 -9.553389535035610673e-04 9.934858823992488361e-03 6.988944461991845143e-04 9.289987528036388470e-03 1.302830346704992974e-02
1.093750000000000000e+03 6.950669507985441503e-03 -1.393615749133739591e-03 -9.692939952917410370e-04 9.670608268958843720e-03 7.071662767509976190e-04 9.303986022898169672e-03 1.296263189992122658e-02
1.104166666999999961e+03 7.096225248070532274e-03 -1.382727622117070143e-03 -9.819744962850129096e-04 9.426148604567143388e-03 7.157578892267679824e-04 9.338334052904347787e-03 1.293035395277101172e-02
1.114583333000000039e+03 7.254640948410755012e-03 -1.363910215157373984e-03 -9.926070205336829950e-04 9.201290102223258494e-03 7.240867655767380508e-04 9.392046612863632488e-03 1.292398883174882343e-02
1.125000000000000000e+03 7.406412016800606284e-03 -1.328948194368852762e-03 -1.000175651585399851e-03 8.994356239495739438e-03 7.316440265494629763e-04 9.463233128293046040e-03 1.293200069229469631e-02
1.135416666999999961e+03 7.530692777630780370e-03 -1.273663690083731009e-03 -1.003920553161939590e-03 8.803485911308375766e-03 7.382771071880834613e-04 9.550913153698095334e-03 1.294254592131862530e-02
1.145833333000000039e+03 7.609911190688277254e-03 -1.199268564925245768e-03 -1.003321901531136146e-03 8.626907090123368468e-03 7.441267462835171988e-04 9.653592963046540854e-03 1.294520562192909285e-02
1.156250000000000000e+03 7.632610565348594937e-03 -1.112725777838657806e-03 -9.983918082835531015e-04 8.463319043903065608e-03 7.495662642155618768e-04 9.770634895910273315e-03 1.293328225258096736e-02
1.166666666999999961e+03 7.594133078938640653e-03 -1.024440086746858554e-03 -9.898148313798524334e-04 8.309800747462204110e-03 7.552005735263989323e-04 9.901343975002216066e-03 1.290263890070153172e-02
1.177083333000000039e+03 7.495931758915055747e-03 -9.455392569621434186e-04 -9.788197941366465465e-04 8.161178028231939191e-03 7.616913728544529288e-04 1.004551520729259073e-02 1.285131249721979327e-02
1.187500000000000000e+03 7.345372354155547089e-03 -8.851379123245396241e-04 -9.671267515765649908e-04 8.012080878056632161e-03 7.695330441579251255e-04 1.020260455705005766e-02 1.278002889463111802e-02
1.197916666999999961e+03 7.155050016749071352e-03 -8.491232881056746474e-04 -9.563817213274862028e-04 7.859704906481388559e-03 7.787167596863213805e-04 1.037177580322604618e-02 1.269326536322825175e-02
1.208333333000000039e+03 6.941050916676738680e-03 -8.395809423223824864e-04 -9.481788544923764207e-04 7.705126404968059596e-03 7.887961053244170765e-04 1.055161971475113494e-02 1.259889851819796618e-02
1.218750000000000000e+03 6.719147813912356750e-03 -8.551001776136960171e-04 -9.435284785161484819e-04 7.552433994581323438e-03 7.990022837522627258e-04 1.074008676726708085e-02 1.250583428788037965e-02
1.229166666999999961e+03 6.502671362577550247e-03 -8.909484858448910331e-04 -9.430372496617194433e-04 7.406811962775761149e-03 8.085606966077358475e-04 1.093479128652717972e-02 1.242213730594024512e-02
1.239583333000000039e+03 6.303609254165313744e-03 -9.404966194295375859e-04 -9.464773584625319402e-04 7.271867488091878114e-03 8.166030990652381645e-04 1.113289078946219993e-02 1.235418376585969633e-02
1.250000000000000000e+03 6.135363556629603102e-03 -9.977081274544327867e-04 -9.531919780689960620e-04 7.147409583527086427e-03 8.222507971273214627e-04 1.133179379656695622e-02 1.230728346836182374e-02
1.260416666999999961e+03 6.013233746222057877e-03 -1.059139547163287292e-03 -9.620459323539352903e-04 7.028925969328778806e-03 8.245088479448190160e-04 1.152890706082653448e-02 1.228553338818868558e-02
1.270833333000000039e+03 5.952432773742884556e-03 -1.123422033873267261e-03 -9.721222511757932321e-04 6.909814426399285038e-03 8.225853727777687491e-04 1.172248770655713763e-02 1.229236745334965492e-02
1.281250000000000000e+03 5.966353084685239484e-03 -1.189727480916208998e-03 -9.827077126453812733e-04 6.784868821547691310e-03 8.159859981562531551e-04 1.191089976201780212e-02 1.233106083412536733e-02
1.291666666999999961e+03 6.064982561813264325e-03 -1.257258022315204402e-03 -9.935902896748406796e-04 6.652701133557360931e-03 8.048426064904000594e-04 1.209336786245996699e-02 1.240552577891529742e-02
1.302083333000000039e+03 6.251985155796933348e-03 -1.325391889299298680e-03 -1.004566800924436287e-03 6.515838603994171876e-03 7.898159471124811338e-04 1.226886267031941993e-02 1.251834321505526301e-02
1.312500000000000000e+03 6.520389633073182117e-03 -1.393705583989763306e-03 -1.015478019728587250e-03 6.378649388668802128e-03 7.721030482445138564e-04 1.243716005155600518e-02 1.266809953664899471e-02
1.322916666999999961e+03 6.850935441391401565e-03 -1.461819951878700263e-03 -1.025668661696946130e-03 6.244650946550600080e-03 7.531121115215983885e-04 1.259759035327595068e-02 1.284658837060897660e-02
1.333333333000000039e+03 7.214422878435011212e-03 -1.529173814503228743e-03 -1.034504051434365557e-03 6.114194912921137003e-03 7.343573483380931143e-04 1.275051711142141143e-02 1.303956745138877896e-02
1.343750000000000000e+03 7.576508387742075454e-03 -1.593977427165269630e-03 -1.041024295629748965e-03 5.984100395209565604e-03 7.170702149462762631e-04 1.289565322247774280e-02 1.322813100271469193e-02
1.354166666999999961e+03 7.901590373351899746e-03 -1.652649781132634445e-03 -1.044771622706450317e-03 5.849310336499984921e-03 7.021342447219985081e-04 1.303380820251187275e-02 1.339235445618187914e-02
1.364583333000000039e+03 8.154624462006633545e-03 -1.700221761844115812e-03 -1.045035927710360286e-03 5.704928095254996334e-03 6.897829310649561483e-04 1.316466555313835357e-02 1.351210905519999173e-02
1.375000000000000000e+03 8.303499295531008295e-03 -1.731901263181109601e-03 -1.041969400995819460e-03 5.546485093358566841e-03 6.800109021644724569e-04 1.328914656178537164e-02 1.356956547533747295e-02
1.385416666999999961e+03 8.324114912965429464e-03 -1.744815411376361832e-03 -1.035325785692888488e-03 5.370621630668658691e-03 6.724322725379344289e-04 1.340662947035933111e-02 1.355068300699670963e-02
1.395833333000000039e+03 8.208179845145260542e-03 -1.739351623955942344e-03 -1.025879638747002496e-03 5.176374948245201189e-03 6.669664285903328851e-04 1.351787445022602924e-02 1.345121462180824505e-02
1.406250000000000000e+03 7.968516204588866822e-03 -1.718707538131366598e-03 -1.013542969187163989e-03 4.967218783603244599e-03 6.631800461697870451e-04 1.362143848328953820e-02 1.327858673574082438e-02
1.416666666999999961e+03 7.638201445939942803e-03 -1.687811512534392747e-03 -9.993230171062869680e-04 4.751359221916720381e-03 6.611109780192415660e-04 1.371747571660331122e-02 1.305351819222998720e-02
1.427083333000000039e+03 7.261124675989951392e-03 -1.651997120354020687e-03 -9.829170667880918026e-04 4.540356671519017208e-03 6.601032815868690482e-04 1.380346935484874117e-02 1.280247535117885402e-02
1.437500000000000000e+03 6.882256079896250864e-03 -1.616084455936503883e-03 -9.652255671606257579e-04 4.345843740747444561e-03 6.601450580966621408e-04 1.387914652668409757e-02 1.255362317366389563e-02
1.447916666999999961e+03 6.539554506426073326e-03 -1.583569255911222284e-03 -9.454506734397370498e-04 4.177008988316195659e-03 6.604269174513038203e-04 1.394126539563345611e-02 1.232891444518786211e-02
1.458333333000000039e+03 6.261609769847861252e-03 -1.555675110753087327e-03 -9.241979814469019130e-04 4.038646066003862001e-03 6.610624952658733641e-04 1.398970107778841308e-02 1.214497845682006860e-02
1.468750000000000000e+03 6.064179075952334970e-03 -1.531079039595751668e-03 -9.003753951517207230e-04 3.930539956246863198e-03 6.613822587801589407e-04 1.402123109963902478e-02 1.200797506591911104e-02
1.479166666999999961e+03 5.950777115374387971e-03 -1.506502376983302922e-03 -8.746553054342154701e-04 3.847017267672150822e-03 6.615952534457522974e-04 1.403703468802483534e-02 1.191741453553568642e-02
1.489583333000000039e+03 5.912006393690011179e-03 -1.478394233764665239e-03 -8.462459621171123519e-04 3.778038983482738880e-03 6.611344380239790293e-04 1.403502681033735704e-02 1.186253609375505225e-02
1.500000000000000000e+03 5.930394213883598623e-03 -1.443782998374405942e-03 -8.161357374710714657e-04 3.711027121991315476e-03 6.599536378325224911e-04 1.401838322187317146e-02 1.182990227887404169e-02
1.510416666999999961e+03 5.981929308504260745e-03 -1.400900966809489299e-03 -7.840765589244599702e-04 3.635049620823742247e-03 6.574978967783985532e-04 1.398565668236594235e-02 1.180131780584697289e-02
1.520833333000000039e+03 6.040716319908800633e-03 -1.349300002588023654e-03 -7.510884050199523798e-04 3.543548313938048831e-03 6.532072720443190877e-04 1.394084940516201326e-02 1.176255701950443093e-02
1.531250000000000000e+03 6.080454618967170814e-03 -1.290110056257953502e-03 -7.172482222942849501e-04 3.436857925017559271e-03 6.466299480838113472e-04 1.388154096914110194e-02 1.169942675656291536e-02
1.541666666999999961e+03 6.078691854315945893e-03 -1.225475023956962674e-03 -6.832733735586751789e-04 3.320421595875619296e-03 6.366933363347730994e-04 1.381181156641007012e-02 1.160546250830081852e-02
1.552083333000000039e+03 6.018990418908930218e-03 -1.157595699193417985e-03 -6.496064360527638304e-04 3.204022546540858957e-03 6.236457345985171440e-04 1.372758454810082789e-02 1.147529875677530745e-02
1.562500000000000000e+03 5.895037448194214921e-03 -1.087813210128386887e-03 -6.166286112705767234e-04 3.097813464310644228e-03 6.064788620997147795e-04 1.363314323827343778e-02 1.131299707538914803e-02
1.572916666999999961e+03 5.716027001416637901e-03 -1.016074700244294030e-03 -5.850192965941689201e-04 3.011733490374850913e-03 5.869068014701403577e-04 1.352217777249964566e-02 1.112496913214556724e-02
1.583333333000000039e+03 5.508549332374618884e-03 -9.416911488937697436e-04 -5.545928973851527513e-04 2.951796007097038689e-03 5.639802517261326186e-04 1.339958363836741585e-02 1.092996448891953715e-02
1.593750000000000000e+03 5.314402925651307528e-03 -8.641156227134563642e-04 -5.262047913613343781e-04 2.921705843209170157e-03 5.405698218289147839e-04 1.325648038292334338e-02 1.074629457589191053e-02
1.604166666999999961e+03 5.177922756712746016e-03 -7.844755828468485568e-04 -4.991836252284694150e-04 2.920560801250742401e-03 5.148471579750077756e-04 1.309965779426299631e-02 1.059907067611324215e-02
1.614583333000000039e+03 5.134171138596764147e-03 -7.064830818929382231e-04 -4.743681562538254936e-04 2.946521730343020559e-03 4.902994681730868083e-04 1.291827196606796548e-02 1.049948241750387617e-02
1.625000000000000000e+03 5.195499637198454715e-03 -6.360432887825857168e-04 -4.502195055538789456e-04 2.996215066941396860e-03 4.636327119940544350e-04 1.272337998998533670e-02 1.045754734706259501e-02
1.635416666999999961e+03 5.349999901505677648e-03 -5.789720581090933554e-04 -4.270910686252652952e-04 3.070265926035430602e-03 4.391353182041687463e-04 1.250290971748323730e-02 1.046158777251217364e-02
1.645833333000000039e+03 5.566027490465126279e-03 -5.381633084629585491e-04 -4.025863027909671286e-04 3.171050063595652960e-03 4.120590376591921097e-04 1.227323944300014354e-02 1.050515849853046052e-02
1.656250000000000000e+03 5.801884466432281028e-03 -5.127587868090936665e-04 -3.774323632985955536e-04 3.303967481021205174e-03 3.876952167303935270e-04 1.201994285616106439e-02 1.056289740180727486e-02
1.666666666999999961e+03 6.020772501081956933e-03 -4.986122595409005469e-04 -3.490583377106366543e-04 3.472875663671036797e-03 3.599342657906584846e-04 1.176395059223300441e-02 1.062879937849299863e-02
1.677083333000000039e+03 6.193613703152130862e-03 -4.914959874784510015e-04 -3.198228623514890877e-04 3.680195524075747029e-03 3.353482051511484717e-04 1.148670145016472861e-02 1.068025533869630325e-02
1.687500000000000000e+03 6.311710459528868840e-03 -4.893429784618880422e-04 -2.870022904378630104e-04 3.925435076629852325e-03 3.068296068189733244e-04 1.121247332283977459e-02 1.072480942949924701e-02
1.697916666999999961e+03 6.375130510830723761e-03 -4.942356580643653564e-04 -2.551930075041186044e-04 4.204366016930929061e-03 2.820922041072767704e-04 1.091756795060819935e-02 1.074853223918492695e-02
1.708333333000000039e+03 6.401805763038512578e-03 -5.098431606161853407e-04 -2.209743557130140323e-04 4.511625329151282629e-03 2.529072075719312920e-04 1.062907832985940729e-02 1.077125471102460125e-02
1.718750000000000000e+03 6.404731005696015153e-03 -5.401345438556027535e-04 -1.907992583697284852e-04 4.837111008766293088e-03 2.280076822482213108e-04 1.031835184514202225e-02 1.078009692980216525e-02
1.729166666999999961e+03 6.401049877151263751e-03 -5.861648052990841651e-04 -1.597678804379970617e-04 5.174305621502736131e-03 1.984033036759387156e-04 1.001509282210662037e-02 1.079522416038030883e-02
1.739583333000000039e+03 6.384280161630239564e-03 -6.476577830749302538e-04 -1.345466949752646018e-04 5.513550517255237648e-03 1.742787433662950475e-04 9.686603010805075811e-03 1.079221684484527738e-02
1.750000000000000000e+03 6.346930659939607929e-03 -7.206299405628388511e-04 -1.083394984277369165e-04 5.854468043147203517e-03 1.460625205777729176e-04 9.365333718600833343e-03 1.078336621084382239e-02
1.760416666999999961e+03 6.261946102846850833e-03 -8.013503757377801262e-04 -8.668999791580452485e-05 6.192441658525628910e-03 1.249996843853468293e-04 9.016115411199916024e-03 1.073525158628619788e-02
1.770833333000000039e+03 6.122129485864625034e-03 -8.848012064226806533e-04 -6.199151893240191524e-05 6.531331993012302189e-03 1.010495143826418963e-04 8.674049172073828792e-03 1.066375532547537801e-02
1.781250000000000000e+03 5.916538995283421483e-03 -9.698663874347472624e-04 -3.902653658465941806e-05 6.868067116697663087e-03 8.567534927256678309e-05 8.302928333827903906e-03 1.054376722290449424e-02
1.791666666999999961e+03 5.665617982924218976e-03 -1.053828411726710160e-03 -1.145172252453153853e-05 7.206534434374333060e-03 6.880469358874671251e-05 7.939038591206058759e-03 1.040559550425230496e-02
1.802083333000000039e+03 5.383670340768238402e-03 -1.137701721056042859e-03 1.592051859182722981e-05 7.546190333571042679e-03 6.078590478338834966e-05 7.545889224429560942e-03 1.023787494938442101e-02
1.812500000000000000e+03 5.108172615362378474e-03 -1.219343203039510238e-03 4.628265062455979087e-05 7.892770990690177804e-03 5.194728100855776820e-05 7.158699693239243059e-03 1.007982164964589880e-02
1.822916666999999961e+03 4.864042748982037694e-03 -1.304134305084755831e-03 7.489156247114916380e-05 8.250824902262450869e-03 5.047987718254702631e-05 6.742256150277604020e-03 9.928561900761046291e-03
1.833333333000000039e+03 4.690297840147559551e-03 -1.393750226055866107e-03 1.002180963193506023e-04 8.626986640871445872e-03 4.783084922149896347e-05 6.329365259061245537e-03 9.823324870040124612e-03
1.843750000000000000e+03 4.610032101723129938e-03 -1.494426652602183752e-03 1.213698205340010383e-04 9.023044701450756017e-03 4.974002312618125578e-05 5.888859601180165305e-03 9.760968202177025196e-03
1.854166666999999961e+03 4.645585116337189700e-03 -1.603525973969456477e-03 1.323482744911696899e-04 9.434585033877312954e-03 4.961182463451062970e-05 5.450163608281066198e-03 9.765166879247784426e-03
1.864583333000000039e+03 4.810797645052130971e-03 -1.722472048822258368e-03 1.411614979899304873e-04 9.848922381061362558e-03 5.093542411027221674e-05 4.988663575163233832e-03 9.824191800638364114e-03
1.875000000000000000e+03 5.116404632258630611e-03 -1.844470126144981143e-03 1.364995018106960462e-04 1.025223570533299010e-02 5.044658582406855396e-05 4.528455463214915884e-03 9.948547900403267863e-03
1.885416666999999961e+03 5.567690279844998875e-03 -1.967300087772836260e-03 1.350485675955125000e-04 1.062988785741474790e-02 4.960644149027828789e-05 4.052998339958620647e-03 1.012528823860918414e-02
1.895833333000000039e+03 6.156054658428007642e-03 -2.080775493600185017e-03 1.192121076807632147e-04 1.097812332611473353e-02 4.919129134520193491e-05 3.578560827862286263e-03 1.035636940620251328e-02
1.906250000000000000e+03 6.862321727131442950e-03 -2.184093236112171713e-03 1.117127396344545168e-04 1.129441800458025336e-02 4.731201455232728992e-05 3.098937638678826798e-03 1.062783868519526220e-02
1.916666666999999961e+03 7.664181181202016011e-03 -2.271623969404708374e-03 9.051313901312210480e-05 1.159384036361066697e-02 4.837845001167986701e-05 2.620973662464273941e-03 1.093949760363847716e-02
1.927083333000000039e+03 8.539536255073948423e-03 -2.346576113349674222e-03 8.113751453865561229e-05 1.188489433047995938e-02 4.602951527428504147e-05 2.152658033096149955e-03 1.128854430932502845e-02
1.937500000000000000e+03 9.481017304750049418e-03 -2.401172472544846163e-03 5.965039538440024849e-05 1.219061321013827776e-02 4.833960904904149842e-05 1.691188535292666682e-03 1.168140952509049736e-02
1.947916666999999961e+03 1.050218518419046565e-02 -2.431902193561784331e-03 5.138032218037702156e-05 1.251559452922296894e-02 4.330743141345031670e-05 1.262439468219308993e-03 1.214010959081637114e-02
1.958333333000000039e+03 1.159105392537486227e-02 -2.431356311987673512e-03 3.272222839536444573e-05 1.286901105889400911e-02 4.496875588913049055e-05 8.567921851817902499e-04 1.265842858472533000e-02
1.968750000000000000e+03 1.274420007445352214e-02 -2.408088879837879271e-03 2.815516286745979097e-05 1.323486571411213418e-02 3.291837500182276551e-05 5.179971383218364821e-04 1.324853146344374608e-02
1.979166666999999961e+03 1.379818921011059796e-02 -2.375507058153080667e-03 1.238832729935642772e-05 1.357924237585060416e-02 3.150454190387286463e-05 2.379502903197523527e-04 1.380769093814047770e-02
1.989583333000000039e+03 1.463212858972142566e-02 -2.354868827943860151e-03 1.274834047961737729e-05 1.384127451648572635e-02 9.557962907731595937e-06 6.535478563952350098e-05 1.426937894592333715e-02
2.000000000000000000e+03 1.498650140975312135e-02 -2.353723413253745733e-03 -3.061320607298673688e-06 1.396379063592304362e-02 4.985541483035754723e-06 1.304416500586702545e-06 1.447579823108837739e-02
