# z, uu, uv, uw, vv, vw, ww, tke
0.000000000000000000e+00 9.923121557528052916e-01 1.490772140020690251e-01 -9.779154542691799457e-02 4.683136314548256851e-01 -1.947132056808024633e-02 9.455366422648681102e-02 7.775897257170588661e-01
1.041666700000000034e+01 1.103307442113872217e+00 1.749384774938395892e-01 -9.861475547871428882e-02 4.717705107538182063e-01 -1.826342883560407721e-02 7.477493201867156658e-02 8.249264424431809184e-01
2.083333299999999966e+01 1.080927435840435491e+00 1.635008444325797283e-01 -1.513236996367463283e-01 4.774608664121473001e-01 -2.721531464037290488e-02 1.436760038032816322e-01 8.510321530279322255e-01
3.125000000000000000e+01 9.287497523360990215e-01 1.364815355111870521e-01 -1.442875750153833070e-01 4.382581620519792054e-01 -2.415354950877268703e-02 1.686867310362603067e-01 7.678473227121692668e-01
4.166666699999999679e+01 8.596190694956558076e-01 1.179998428599678545e-01 -1.504104609967290285e-01 4.090751287836826844e-01 -2.359525924918267140e-02 1.723256535975354331e-01 7.205099259384369903e-01
5.208333300000000321e+01 8.019996730596999912e-01 1.033557253358763778e-01 -1.436164366990983488e-01 3.780532583817685643e-01 -2.129878389406033440e-02 1.708078391247692951e-01 6.754303852831189392e-01
6.250000000000000000e+01 7.599804169530969267e-01 9.239168894994291559e-02 -1.449990553777377178e-01 3.539697002988254626e-01 -1.974647830093896259e-02 1.672221695550051568e-01 6.405861434034637591e-01
7.291666700000000390e+01 7.233908711899632582e-01 8.504424374535042574e-02 -1.390888587945523225e-01 3.307181733023440984e-01 -1.803544877805427632e-02 1.612404920292125343e-01 6.076747682607599454e-01
8.333333299999999610e+01 6.913972338066636247e-01 7.855240458661548464e-02 -1.391046895862910193e-01 3.118448448453541855e-01 -1.662128019701438267e-02 1.571034929285363146e-01 5.801727857902769792e-01
9.375000000000000000e+01 6.664441356786788839e-01 7.390554072078921177e-02 -1.337082637330344603e-01 2.909252168478869693e-01 -1.515238924128096965e-02 1.502151743673195983e-01 5.537922634469427674e-01
1.041666670000000039e+02 6.442345200948439432e-01 6.670747962098384776e-02 -1.331162754804713078e-01 2.707886025770460670e-01 -1.390706657895862328e-02 1.472804456413375207e-01 5.311517841566137932e-01
1.145833329999999961e+02 6.256093212011653026e-01 6.143990288775529052e-02 -1.283159961338176946e-01 2.544949802213081758e-01 -1.259396010062147769e-02 1.415128632458113045e-01 5.108085823341423914e-01
1.250000000000000000e+02 6.058647297354101680e-01 5.581824400528481028e-02 -1.271206312409958739e-01 2.379396795402476117e-01 -1.136883936135730903e-02 1.393888117700428086e-01 4.915966105228503080e-01
1.354166669999999897e+02 5.904875634743353974e-01 4.991751066029145867e-02 -1.228721748990471846e-01 2.229601904932285161e-01 -1.023699388249909269e-02 1.346673744124978200e-01 4.740575641900308668e-01
1.458333330000000103e+02 5.755247317972729260e-01 4.449621870626831177e-02 -1.213441628924025600e-01 2.111117791992059012e-01 -9.123619710628538132e-03 1.326515056496033740e-01 4.596440083230410867e-01
1.562500000000000000e+02 5.621895694929239795e-01 3.924507788441280315e-02 -1.171935674468763955e-01 1.990091359648522296e-01 -8.166004837264704760e-03 1.279940598909014293e-01 4.445963826743388192e-01
1.666666669999999897e+02 5.472056776293617864e-01 3.420121239079049191e-02 -1.156029611150219266e-01 1.864936873742034096e-01 -7.157533580259746279e-03 1.269041680410356587e-01 4.303017665223004551e-01
1.770833330000000103e+02 5.365795203858513274e-01 2.917193049447843259e-02 -1.118400878081331762e-01 1.761177225547691794e-01 -6.420055283527011797e-03 1.235032798380031882e-01 4.181002613893118891e-01
1.875000000000000000e+02 5.254800092759589480e-01 2.564848115553990116e-02 -1.100044355497315357e-01 1.662277788901683206e-01 -5.513489377929110639e-03 1.226253650348393537e-01 4.071665766004833320e-01
1.979166669999999897e+02 5.170567854386456386e-01 2.310378278538161370e-02 -1.065561976090009938e-01 1.574872091785365635e-01 -4.693175405008483299e-03 1.197691791850274134e-01 3.971565869011047800e-01
2.083333330000000103e+02 5.054506443170525554e-01 2.067870860782231729e-02 -1.046266709614676882e-01 1.499823665367245040e-01 -3.900708887056477010e-03 1.189173473992507640e-01 3.871751791265138909e-01
2.187500000000000000e+02 4.967685448646795288e-01 1.677537476753491325e-02 -1.013798740937253695e-01 1.428604219503246398e-01 -3.236957555775760425e-03 1.166707413350035472e-01 3.781498540750038440e-01
2.291666669999999897e+02 4.887948175631378622e-01 1.424687663452913616e-02 -9.938557112096726986e-02 1.360448903326447467e-01 -2.516768558606793157e-03 1.157419513866215222e-01 3.702908296412020794e-01
2.395833330000000103e+02 4.797588645841097676e-01 1.082225769057813293e-02 -9.621257383312931122e-02 1.300872476544099321e-01 -1.841324784141860037e-03 1.138325317772446860e-01 3.618393220078822137e-01
2.500000000000000000e+02 4.739485628151565710e-01 8.081227701434162344e-03 -9.417265555970744106e-02 1.246675186447517153e-01 -1.175767867968952659e-03 1.129349188506909157e-01 3.557755001552996288e-01
2.604166670000000181e+02 4.677708803043367225e-01 4.169451437601502143e-03 -9.110743250068364940e-02 1.196606919669401248e-01 -7.047674729314208283e-04 1.112503761914415551e-01 3.493409742313591804e-01
2.708333329999999819e+02 4.632516346958379105e-01 1.024257601221825135e-03 -8.902027243206321605e-02 1.165083661802000792e-01 -2.108362960615056526e-05 1.101290660759164930e-01 3.449445334759771997e-01
2.812500000000000000e+02 4.587545226711524649e-01 -2.179000865350299611e-03 -8.609823951905311301e-02 1.135308585765396616e-01 3.544069213876770738e-04 1.080465911330323603e-01 3.401659861903622573e-01
2.916666670000000181e+02 4.544214943089616154e-01 -5.573367708785270137e-03 -8.414243603024527951e-02 1.111379568074243041e-01 9.997931156597427566e-04 1.064008350162608113e-01 3.359801430663234001e-01
3.020833329999999819e+02 4.494012910130736338e-01 -7.988726006101011870e-03 -8.131929060897463701e-02 1.084801794135718950e-01 1.210305830806922452e-03 1.041112458889177778e-01 3.309963581577816116e-01
3.125000000000000000e+02 4.437590651168896172e-01 -1.041844176993122519e-02 -7.936721892164334824e-02 1.066274970488830520e-01 1.729970809403430726e-03 1.024029226394365805e-01 3.263947424026046318e-01
3.229166670000000181e+02 4.373450638573730398e-01 -1.236857611615544382e-02 -7.663881453027764079e-02 1.056348440761935847e-01 2.009999428749539938e-03 1.000781373068608537e-01 3.215290226202137669e-01
3.333333329999999819e+02 4.324918112210480170e-01 -1.374642723961758302e-02 -7.475375718449911444e-02 1.057723073872775532e-01 2.484611928491512259e-03 9.844502935588425596e-02 3.183545739821049270e-01
3.437500000000000000e+02 4.254227368903429896e-01 -1.541341392955827144e-02 -7.218144821988770055e-02 1.054826046253799360e-01 2.831470924080294049e-03 9.634228918817153153e-02 3.136238153519472216e-01
3.541666670000000181e+02 4.200319020064197661e-01 -1.580213192740851855e-02 -7.026278018733035646e-02 1.059792652560532650e-01 3.280736593917324417e-03 9.489089381748412599e-02 3.104510305399785786e-01
3.645833329999999819e+02 4.151402969798373976e-01 -1.671749274174427410e-02 -6.777411427919123599e-02 1.070973016337715827e-01 3.600472524051605457e-03 9.290845239637786357e-02 3.075730255049934359e-01
3.750000000000000000e+02 4.109994329580639039e-01 -1.606588605154649074e-02 -6.594377576941308494e-02 1.086884096248793979e-01 4.021082683708160008e-03 9.144927537853317356e-02 3.055685589807382585e-01
3.854166670000000181e+02 4.065427253752636472e-01 -1.541973226808052155e-02 -6.356723779597808766e-02 1.107983887788133170e-01 4.363561844727000330e-03 8.928537914743329973e-02 3.033132466507550973e-01
3.958333329999999819e+02 4.013607110657617660e-01 -1.482948482313407694e-02 -6.182552888868513702e-02 1.127349007898176131e-01 4.741537387919704701e-03 8.768429145632490596e-02 3.008899516559521703e-01
4.062500000000000000e+02 3.973837795667941597e-01 -1.409482443150861242e-02 -5.945871980303182175e-02 1.140931590408708618e-01 4.949539730394747483e-03 8.579569235196649046e-02 2.986363154798157282e-01
4.166666670000000181e+02 3.923301286659501286e-01 -1.273830808957806746e-02 -5.782842752629979016e-02 1.156490448394848769e-01 5.306403370200139108e-03 8.399899001758925898e-02 2.959890817615121184e-01
4.270833329999999819e+02 3.881184396127749792e-01 -1.193813637894479765e-02 -5.555821450100253966e-02 1.169090439502298157e-01 5.460382818690903001e-03 8.202296843336701060e-02 2.935252259981858680e-01
4.375000000000000000e+02 3.840125380739199956e-01 -9.368663667806925374e-03 -5.393761272827375663e-02 1.182250749166154080e-01 5.748001348696519554e-03 8.018931216407079732e-02 2.912134625773030727e-01
4.479166670000000181e+02 3.804179020842029524e-01 -6.923790355192967899e-03 -5.175461520715691349e-02 1.190611752689316877e-01 5.824064706043205995e-03 7.792810865513713492e-02 2.887035930041358944e-01
4.583333329999999819e+02 3.766293606008092598e-01 -4.540097615974000855e-03 -5.017431733979244718e-02 1.196520684217728114e-01 6.067087778068521592e-03 7.604192409161121546e-02 2.861616765570966781e-01
4.687500000000000000e+02 3.726161893790986834e-01 -1.691380042781902293e-03 -4.811547800515968143e-02 1.205522403482345156e-01 6.225442957963035588e-03 7.376230239224573770e-02 2.834653660597894476e-01
4.791666670000000181e+02 3.688002062141110260e-01 9.280208199789408618e-04 -4.656979597939609611e-02 1.203028202834615090e-01 6.410818719887157249e-03 7.174007022915671050e-02 2.804215483633646366e-01
4.895833329999999819e+02 3.642109461899384892e-01 3.651764787396876485e-03 -4.456988191865910581e-02 1.200028032117833460e-01 6.579070433413474611e-03 6.951494353211738753e-02 2.768643464669195975e-01
5.000000000000000000e+02 3.609815373123230753e-01 6.220887169362719626e-03 -4.306543489432366340e-02 1.196929059944382284e-01 6.703669597289487608e-03 6.757511540505037329e-02 2.741247793559058454e-01
5.104166670000000181e+02 3.581994302837948063e-01 9.054356257385995713e-03 -4.111177602024782690e-02 1.189319584558598958e-01 6.841462328621234802e-03 6.548960912660145572e-02 2.713104989331280859e-01
5.208333330000000387e+02 3.542335777856086554e-01 1.122775278370700611e-02 -3.958478719367630738e-02 1.177229160022195548e-01 6.957569912578264945e-03 6.354300221401834592e-02 2.677497480009232711e-01
5.312500000000000000e+02 3.498103330689327217e-01 1.336428919360288167e-02 -3.767436557325058721e-02 1.167507938104638127e-01 7.038746299497396740e-03 6.143786632614749166e-02 2.639994966027719991e-01
5.416666669999999613e+02 3.455668845075158813e-01 1.629800052162656138e-02 -3.608103655157438722e-02 1.153042545187680096e-01 7.136322921205736323e-03 5.943336503251214764e-02 2.601522520293980123e-01
5.520833330000000387e+02 3.392659034399181373e-01 1.920444488183596990e-02 -3.420488825246303932e-02 1.138246327159957993e-01 7.189164231206536179e-03 5.733228937597004138e-02 2.552114127659420029e-01
5.625000000000000000e+02 3.323898899362054404e-01 2.165996130517914078e-02 -3.264343834549674611e-02 1.127616765500077251e-01 7.284986300905722453e-03 5.553019704164513515e-02 2.503408817639291573e-01
5.729166669999999613e+02 3.262468039752438598e-01 2.356340419760584795e-02 -3.077602844590190956e-02 1.108141252054631182e-01 7.340469116678610857e-03 5.340032720796190902e-02 2.452306281943344435e-01
5.833333330000000387e+02 3.177481178204766277e-01 2.543099935487128788e-02 -2.929249134653601552e-02 1.087870602499943079e-01 7.422731064019606577e-03 5.141319087613736849e-02 2.389741844733041520e-01
5.937500000000000000e+02 3.084862576352024321e-01 2.717490112146571032e-02 -2.741609345967389519e-02 1.059919656035926833e-01 7.459490018203458750e-03 4.941294209556305189e-02 2.319455826671791010e-01
6.041666669999999613e+02 2.974034221914866327e-01 2.812163866002172219e-02 -2.590757331022432858e-02 1.040572887159319226e-01 7.582187891677923119e-03 4.742470692402181442e-02 2.244427089157201571e-01
6.145833330000000387e+02 2.852695745753021650e-01 2.834631097080779830e-02 -2.403064543801487069e-02 1.014206390292191479e-01 7.495327288105535501e-03 4.543683355671052082e-02 2.160635235806159238e-01
6.250000000000000000e+02 2.715419434269673027e-01 2.823966861229748257e-02 -2.243106238998074722e-02 9.872365457611617656e-02 7.553055676388299895e-03 4.369214760872328768e-02 2.069788728059033800e-01
6.354166669999999613e+02 2.553208775956901100e-01 2.870264716135455599e-02 -2.052195537170899142e-02 9.676788731260600740e-02 7.400901907514055751e-03 4.193868987994908010e-02 1.970137273941225953e-01
6.458333330000000387e+02 2.384182807461318332e-01 2.787134376620849230e-02 -1.888491901275786422e-02 9.409450793183664341e-02 7.344309524420642582e-03 4.053214920580665293e-02 1.865224689418875648e-01
6.562500000000000000e+02 2.172414876444428988e-01 2.688584110891921800e-02 -1.709551277740439107e-02 9.183549188248481265e-02 7.151943423432832216e-03 3.901526905524459882e-02 1.740461242910861517e-01
6.666666669999999613e+02 1.952531207398657542e-01 2.379545710616318491e-02 -1.538611956500426578e-02 8.909252820565229103e-02 6.970693941205263061e-03 3.755955708849666869e-02 1.609526030170073674e-01
6.770833330000000387e+02 1.726386312320277450e-01 2.125666338151149456e-02 -1.359528621320170438e-02 8.792082992065572422e-02 6.715842304577112308e-03 3.638646142800235073e-02 1.484729612903429030e-01
6.875000000000000000e+02 1.488322565654505714e-01 1.825700185076301052e-02 -1.200226080667830646e-02 8.640871176137146503e-02 6.370407904910196928e-03 3.516175987531450220e-02 1.352013641010682554e-01
6.979166669999999613e+02 1.258820802091539237e-01 1.589344562890520826e-02 -1.031682266326322366e-02 8.580170338515677453e-02 6.065055116991156098e-03 3.429888574255081368e-02 1.229913346684307629e-01
7.083333330000000387e+02 1.049817687957339124e-01 1.374808811477206544e-02 -8.809965969055803814e-03 8.691635301573874539e-02 5.598186794034666798e-03 3.356709776888528590e-02 1.127326097901789614e-01
7.187500000000000000e+02 8.711612205473642789e-02 1.209471455942047469e-02 -7.272499087894564000e-03 9.034786055673771354e-02 5.127071744030831275e-03 3.307109534674177592e-02 1.052675389791079552e-01
7.291666669999999613e+02 7.213416634165055463e-02 1.183225814957819880e-02 -5.946094989363577901e-03 9.605684161415012356e-02 4.530940394227104748e-03 3.271106933258972893e-02 1.004510386441951897e-01
7.395833330000000387e+02 5.844966530540707250e-02 1.284551819922651050e-02 -4.643349200586064859e-03 1.038211733225068295e-01 3.961897080238288051e-03 3.259357051236481950e-02 9.743220457013937463e-02
7.500000000000000000e+02 4.733133816582196784e-02 1.557546332855017611e-02 -3.575231262749457503e-03 1.135668171948741312e-01 3.278255172335780079e-03 3.261944160272231552e-02 9.675879848170920727e-02
7.604166669999999613e+02 3.900607024810740647e-02 1.906105407743852523e-02 -2.602678891040018441e-03 1.192167955868210227e-01 2.612382391831972149e-03 3.295043179431836333e-02 9.558664881462339280e-02
7.708333330000000387e+02 3.333255265764234476e-02 2.085547011016910396e-02 -1.818997360266665824e-03 1.121061875884700604e-01 2.025747432185373911e-03 3.336983749172232200e-02 8.940428886891736704e-02
7.812500000000000000e+02 2.831982889739242254e-02 1.864289769883195960e-02 -1.168083500986587383e-03 9.107938086908472231e-02 1.471744244654662722e-03 3.367687471864747734e-02 7.653804224256230415e-02
7.916666669999999613e+02 2.417966635509178480e-02 1.294424793596475262e-02 -6.991265730604902294e-04 6.362985997526196535e-02 1.067350739848426993e-03 3.347645527043387192e-02 6.064299080039380757e-02
8.020833330000000387e+02 2.101684339395607296e-02 6.313154483932348696e-03 -3.503211583121012846e-04 3.915347130941174841e-02 7.081565656610101529e-04 3.254825897557449277e-02 4.635928683947115880e-02
8.125000000000000000e+02 1.868930875611895387e-02 1.370624440111661716e-03 -1.105902147574006479e-04 2.287389161073128882e-02 4.729597897750966221e-04 3.093483045273399956e-02 3.624901540979211939e-02
8.229166669999999613e+02 1.700122186079244466e-02 -1.370297110526459000e-03 3.894856557816774847e-05 1.505201395028562747e-02 3.236105041503280926e-04 2.879214702797823489e-02 3.042269141952815351e-02
8.333333330000000387e+02 1.568796352955813614e-02 -2.483162197311186183e-03 1.486460047700492910e-04 1.305983090793279636e-02 2.540346623987599622e-04 2.634626451534302291e-02 2.754702947641697597e-02
8.437500000000000000e+02 1.454393526635592432e-02 -2.846806762231169144e-03 2.034486525561731405e-04 1.354254087296627440e-02 2.182693205399254877e-04 2.386392263045371623e-02 2.597519938488795921e-02
8.541666669999999613e+02 1.346138500972164642e-02 -3.045002887687579905e-03 2.393280938939009242e-04 1.420472812585350103e-02 2.041429860856322411e-04 2.151843344840037586e-02 2.459227329198776166e-02
8.645833330000000387e+02 1.242836718853582330e-02 -3.263223429217972354e-03 2.562528983807289113e-04 1.424955129770702836e-02 1.972850865235947727e-04 1.942904029136848301e-02 2.305347938880566994e-02
8.750000000000000000e+02 1.148371996401543332e-02 -3.467908358850938563e-03 2.715770388360804074e-04 1.375350387136802140e-02 1.940448758783107580e-04 1.762067230249898808e-02 2.142894806894122053e-02
8.854166669999999613e+02 1.063981531162259964e-02 -3.591113530708525247e-03 2.822822634132627381e-04 1.306004392393678680e-02 1.932609178665325653e-04 1.609404959423045220e-02 1.989695441489491845e-02
8.958333330000000387e+02 9.882709261638903189e-03 -3.597449922965147845e-03 2.929070634301002220e-04 1.242338170396422616e-02 1.933071237462693191e-04 1.481328618547125484e-02 1.855968857553719209e-02
9.062500000000000000e+02 9.208183894191229735e-03 -3.491664735063578374e-03 3.014571292289937548e-04 1.193988841524122081e-02 1.945169415295197330e-04 1.375155187815819795e-02 1.744981209379532425e-02
9.166666669999999613e+02 8.630048150757293340e-03 -3.307662805866432021e-03 3.092471531013739881e-04 1.160327918027988583e-02 1.963853944985882944e-04 1.287041155781586815e-02 1.655186944442652366e-02
9.270833330000000387e+02 8.161922913159973259e-03 -3.084942407820999433e-03 3.151600507880663368e-04 1.137046187968739075e-02 1.995506239697203464e-04 1.214449366670692851e-02 1.583843922977714452e-02
9.375000000000000000e+02 7.803802076075988699e-03 -2.857062515958124372e-03 3.192533734977835106e-04 1.119136695849611528e-02 2.029063880026825395e-04 1.154360815598174522e-02 1.526938859527692503e-02
9.479166669999999613e+02 7.538444687509747964e-03 -2.646389087821802641e-03 3.212434608587732632e-04 1.103120354534643625e-02 2.062518420080966162e-04 1.104904073271237817e-02 1.480934448278427989e-02
9.583333330000000387e+02 7.341704237137434801e-03 -2.464800010083716911e-03 3.209767306277883569e-04 1.087248539371387518e-02 2.084243144603717727e-04 1.063994650621127511e-02 1.442706806853129298e-02
9.687500000000000000e+02 7.187684174146126946e-03 -2.316860644783375577e-03 3.180873502777123180e-04 1.071416826476652255e-02 2.094295802349040593e-04 1.030419497066150172e-02 1.410302370478707518e-02
9.791666669999999613e+02 7.056181328903688051e-03 -2.199715733653502189e-03 3.126387595820517276e-04 1.055786129484488807e-02 2.092102711916335055e-04 1.002843638960155236e-02 1.382123950667506554e-02
9.895833330000000387e+02 6.932475452856878308e-03 -2.106736610589775901e-03 3.048200671776894895e-04 1.040551097220730054e-02 2.084587286530163849e-04 9.805375261968835368e-03 1.357168084351650580e-02
1.000000000000000000e+03 6.812749832957211774e-03 -2.027216604570090692e-03 2.959234588072756655e-04 1.025396573723423577e-02 2.079970368832320042e-04 9.626648915895593545e-03 1.334668224304351968e-02
1.010416666999999961e+03 6.701704733883721322e-03 -1.951880150661466830e-03 2.869244815950649672e-04 1.010135179465808386e-02 2.084820762390890306e-04 9.487631438868122241e-03 1.314534398370496328e-02
1.020833333000000039e+03 6.612176770227643809e-03 -1.873020588815802736e-03 2.790599357915060381e-04 9.946398274579135862e-03 2.103844085249034236e-04 9.382592885180665240e-03 1.297058396499372115e-02
1.031250000000000000e+03 6.555293674973595476e-03 -1.787512832416038007e-03 2.726125566414451615e-04 9.792987240717055189e-03 2.136129235017929012e-04 9.308195687725121653e-03 1.282823830170788659e-02
1.041666666999999961e+03 6.534439365549609205e-03 -1.694478571248756111e-03 2.676795110186955089e-04 9.645683182881309436e-03 2.179231194221967075e-04 9.260340171698345363e-03 1.272023136006463113e-02
1.052083333000000039e+03 6.542764399787531597e-03 -1.596186692706417273e-03 2.638639762949208066e-04 9.509575706918326973e-03 2.228809133530345145e-04 9.236836788706142068e-03 1.264458844770599902e-02
1.062500000000000000e+03 6.569095828485103060e-03 -1.495658758416485183e-03 2.609668429317838433e-04 9.385943271417594019e-03 2.282255672325990306e-04 9.235090512966710394e-03 1.259506480643470330e-02
1.072916666999999961e+03 6.603314094866408017e-03 -1.396802773054146895e-03 2.587771213928714148e-04 9.273687739320739254e-03 2.338032045705509398e-04 9.253882788521312214e-03 1.256544231135423018e-02
1.083333333000000039e+03 6.638006058206760707e-03 -1.302395632102695518e-03 2.572176259272579554e-04 9.169430829707914468e-03 2.393513820712871306e-04 9.291562467838987774e-03 1.254949967787682974e-02
1.093750000000000000e+03 6.667943500810424341e-03 -1.214200156669949281e-03 2.561325649929276668e-04 9.070574690643004243e-03 2.444653346564148013e-04 9.347377600249430485e-03 1.254294789585142997e-02
1.104166666999999961e+03 6.688810250680759031e-03 -1.131719781751774640e-03 2.552714566529387728e-04 8.974575429909687971e-03 2.486241912586161732e-04 9.420407078421804206e-03 1.254189637950612474e-02
1.114583333000000039e+03 6.696274142766267014e-03 -1.054056041981775958e-03 2.543371119616494661e-04 8.878259720097288546e-03 2.514734532821908579e-04 9.510526436229451916e-03 1.254253014954650330e-02
1.125000000000000000e+03 6.683177571573104166e-03 -9.812944729133497163e-04 2.526993874747753563e-04 8.777211605618248300e-03 2.529783694002381571e-04 9.617514682063716888e-03 1.253895192962753424e-02
1.135416666999999961e+03 6.642402406614553168e-03 -9.151850769040257910e-04 2.497743070778942788e-04 8.667891362168526556e-03 2.534857831638726369e-04 9.741268822569551511e-03 1.252578129567631648e-02
1.145833333000000039e+03 6.571727957823045134e-03 -8.577011419149488608e-04 2.449847757259183533e-04 8.548351080001329386e-03 2.536245679098968263e-04 9.880976468965105980e-03 1.250052775339473982e-02
1.156250000000000000e+03 6.478010924127824803e-03 -8.111941081782249492e-04 2.383148664706084743e-04 8.417960664681884558e-03 2.539987153222257317e-04 1.003529734515675072e-02 1.246563446698322961e-02
1.166666666999999961e+03 6.373076999734799374e-03 -7.785402721587387793e-04 2.300850277472469001e-04 8.276888768703263843e-03 2.549857851350453017e-04 1.020219173616006801e-02 1.242607875229906692e-02
1.177083333000000039e+03 6.267898678172974421e-03 -7.627764799970516030e-04 2.210287528044438485e-04 8.127209474152725585e-03 2.566011083358590741e-04 1.037945083585223652e-02 1.238727949408896870e-02
1.187500000000000000e+03 6.168013568018533219e-03 -7.653633309909380240e-04 2.119604706176972614e-04 7.972512017587102956e-03 2.587515056885390471e-04 1.056482140691887908e-02 1.235267349626225850e-02
1.197916666999999961e+03 6.075362722480777411e-03 -7.848489053710539431e-04 2.035858493990601174e-04 7.816861739836571815e-03 2.613973476646965291e-04 1.075620748919224948e-02 1.232421597575479935e-02
1.208333333000000039e+03 5.990573930561081221e-03 -8.166822506626567535e-04 1.962158371888546359e-04 7.663562366479027312e-03 2.645970268118080782e-04 1.095153546299955892e-02 1.230283588001983286e-02
1.218750000000000000e+03 5.914314267386421541e-03 -8.542474947759267538e-04 1.895897935418463728e-04 7.514494649310302608e-03 2.683770050598530176e-04 1.114869146524722666e-02 1.228875019097197541e-02
1.229166666999999961e+03 5.848387406364805551e-03 -8.905844627151954067e-04 1.830793053085345303e-04 7.368492331232815405e-03 2.725967647299778595e-04 1.134556760011083340e-02 1.228122366885422631e-02
1.239583333000000039e+03 5.797718445521808997e-03 -9.202339775360144931e-04 1.759728323334217915e-04 7.220985056855696443e-03 2.769799192536840293e-04 1.154001887102596748e-02 1.227936118670173646e-02
1.250000000000000000e+03 5.769408048587676592e-03 -9.405713402841684280e-04 1.678088185804237444e-04 7.065959326267941612e-03 2.811552760081972554e-04 1.173007595179529836e-02 1.228272166332545871e-02
1.260416666999999961e+03 5.770113079559144320e-03 -9.513987093995027915e-04 1.586338131411314247e-04 6.898734225264471255e-03 2.848868418561474386e-04 1.191372325302649318e-02 1.229128527892505394e-02
1.270833333000000039e+03 5.803934177221919608e-03 -9.538820725391673533e-04 1.489570991138934066e-04 6.717017629216344432e-03 2.879769530702226319e-04 1.208918286612202693e-02 1.230506733628014548e-02
1.281250000000000000e+03 5.871575228148684378e-03 -9.496226277369842561e-04 1.397115479144450342e-04 6.520887233772828737e-03 2.903257190085515595e-04 1.225450394674409450e-02 1.232348320433280381e-02
1.291666666999999961e+03 5.968569530408371696e-03 -9.406006986401408429e-04 1.317663935173898828e-04 6.312654938879130699e-03 2.916287085588719968e-04 1.240819018261075414e-02 1.234470732594912870e-02
1.302083333000000039e+03 6.084174475789794201e-03 -9.291090604727399995e-04 1.257203871596046236e-04 6.096613932138953557e-03 2.915456827834610513e-04 1.254886968726918149e-02 1.236482904759896376e-02
1.312500000000000000e+03 6.202445518515053817e-03 -9.177811973648845271e-04 1.214834847235976475e-04 5.877845692470079139e-03 2.895923256330776600e-04 1.267629496099049145e-02 1.237829308598781264e-02
1.322916666999999961e+03 6.305788720579580918e-03 -9.094322237337899070e-04 1.185029895787073872e-04 5.660620495971758342e-03 2.855475038162869571e-04 1.279071931912954645e-02 1.237856426784044242e-02
1.333333333000000039e+03 6.378891400488857603e-03 -9.067175137952050842e-04 1.157920115952694006e-04 5.446951479415205674e-03 2.794283796804609217e-04 1.289388523065797612e-02 1.235986405528101927e-02
1.343750000000000000e+03 6.413572879857153478e-03 -9.116327720646369426e-04 1.126150470424501678e-04 5.236399421640777069e-03 2.717636906109195867e-04 1.298767943218721681e-02 1.231882586684257368e-02
1.354166666999999961e+03 6.411056137757191117e-03 -9.251529756994972655e-04 1.084166877074275851e-04 5.026559169454166733e-03 2.633200125378836473e-04 1.307501123630278733e-02 1.225631327175707302e-02
1.364583333000000039e+03 6.380787355152147018e-03 -9.474630019674420024e-04 1.033100597419297313e-04 4.814290632019500686e-03 2.550934430120270924e-04 1.315785895717395959e-02 1.217646847217280365e-02
1.375000000000000000e+03 6.336340743665197332e-03 -9.781968489636194263e-04 9.750655183842681312e-05 4.597454542195976435e-03 2.478935443411709404e-04 1.323847638316344964e-02 1.208613583451231127e-02
1.385416666999999961e+03 6.292548713825263026e-03 -1.016550739574697453e-03 9.165322029842912807e-05 4.377001875724836552e-03 2.421635675006882527e-04 1.331712144969098011e-02 1.199333601962053984e-02
1.395833333000000039e+03 6.263813577476288162e-03 -1.060445807385250374e-03 8.608295725939984686e-05 4.157700120727533290e-03 2.377746446269650383e-04 1.339404941219562301e-02 1.190778155519972223e-02
1.406250000000000000e+03 6.263999022535825766e-03 -1.105450239579910173e-03 8.125562190551766442e-05 3.947108401006204324e-03 2.342043434031954019e-04 1.346720527885571575e-02 1.183915635119887205e-02
1.416666666999999961e+03 6.305204928432041334e-03 -1.144487200201176622e-03 7.727853660364796451e-05 3.752889968386717307e-03 2.307221083646917496e-04 1.353529580665078190e-02 1.179669535173476919e-02
1.427083333000000039e+03 6.395218180605694719e-03 -1.169843402085815652e-03 7.439206994717029089e-05 3.580334725527667145e-03 2.265688755815393367e-04 1.359530619123646561e-02 1.178542954868491352e-02
1.437500000000000000e+03 6.533490520162865342e-03 -1.176121167042121912e-03 7.280482975985997274e-05 3.431432080646864939e-03 2.210295131294033350e-04 1.364639358175179923e-02 1.180565809128076432e-02
1.447916666999999961e+03 6.709210289823403298e-03 -1.162104088805105372e-03 7.275859423613483727e-05 3.305384382169381831e-03 2.135135399753901667e-04 1.368645004305486974e-02 1.185052235752382874e-02
1.458333333000000039e+03 6.903295193117092894e-03 -1.130564669885273038e-03 7.445415546295049874e-05 3.199073755345196741e-03 2.035406668841227595e-04 1.371626469844995817e-02 1.190931682345612412e-02
1.468750000000000000e+03 7.092829131208780100e-03 -1.086159056048920449e-03 7.767646787078933183e-05 3.107514042929839394e-03 1.909356640229014301e-04 1.373472486954369597e-02 1.196753402184115751e-02
1.479166666999999961e+03 7.254427707795169621e-03 -1.033395187341305766e-03 8.192539838445115946e-05 3.024344301629917214e-03 1.755640788182290582e-04 1.374360229995242114e-02 1.201118715468875442e-02
1.489583333000000039e+03 7.366971738210686092e-03 -9.754147965617641089e-04 8.609054351383373614e-05 2.943144733528258502e-03 1.577608068903533416e-04 1.374168216009535523e-02 1.202589931591714970e-02
1.500000000000000000e+03 7.413589364034386779e-03 -9.143797425648894552e-04 8.897691577821317322e-05 2.858754520356609173e-03 1.376180057859901183e-04 1.373084706922371966e-02 1.200159547680735780e-02
1.510416666999999961e+03 7.385184638776288307e-03 -8.522609762716009708e-04 8.938749983868487668e-05 2.769856781819983113e-03 1.158897042217388264e-04 1.370898063382430983e-02 1.193201102721029062e-02
1.520833333000000039e+03 7.280427264610541717e-03 -7.909760072220681964e-04 8.660908458303412296e-05 2.679489036332086821e-03 9.285453827653665428e-05 1.367775874975494209e-02 1.181883752534878401e-02
1.531250000000000000e+03 7.106471724874680734e-03 -7.321216557421288563e-04 8.067258876228227077e-05 2.595137918361892573e-03 6.975853421952352249e-05 1.363378805028664202e-02 1.166769884676160766e-02
1.541666666999999961e+03 6.876149452259242012e-03 -6.771508379223272877e-04 7.209535294036553883e-05 2.526234582877459004e-03 4.686722022944579468e-05 1.357865087793415707e-02 1.149051745653542969e-02
1.552083333000000039e+03 6.608975749431817391e-03 -6.275478229875989687e-04 6.223572629671825934e-05 2.483911217370986767e-03 2.565814759351551800e-05 1.350744574355527625e-02 1.130016635517903933e-02
1.562500000000000000e+03 6.326992518423342482e-03 -5.844002650408526567e-04 5.229275731090992567e-05 2.477068694160282011e-03 5.915844944342224763e-06 1.342211404921174987e-02 1.111308763089768718e-02
1.572916666999999961e+03 6.052588140247797122e-03 -5.486228249532583943e-04 4.385204175884176576e-05 2.510611085146836462e-03 -1.100597093188153245e-05 1.331682620494793398e-02 1.094001271517128400e-02
1.583333333000000039e+03 5.801999986255159530e-03 -5.216812319922854843e-04 3.766133325160008659e-05 2.581979188510005654e-03 -2.619197915167630793e-05 1.319561954205749135e-02 1.078979935841132762e-02
1.593750000000000000e+03 5.585716020661731993e-03 -5.058141394337189577e-04 3.407915398489325354e-05 2.683083905428963745e-03 -3.832573535852879952e-05 1.305287702568343373e-02 1.066083847588706474e-02
1.604166666999999961e+03 5.406635323402781031e-03 -5.032372848994309984e-04 3.279722111342596084e-05 2.801293339194758057e-03 -4.914305729071551365e-05 1.289578981512098585e-02 1.055185923885926247e-02
1.614583333000000039e+03 5.262845495246102311e-03 -5.140410870157911859e-04 3.271737875431667952e-05 2.924445182725698197e-03 -5.694484377188707252e-05 1.271828892257266704e-02 1.045278980027223442e-02
1.625000000000000000e+03 5.148143080742111771e-03 -5.355141679786110109e-04 3.328346724662638583e-05 3.043823691663088537e-03 -6.392122810280823476e-05 1.252996191483770998e-02 1.036096434362145449e-02
1.635416666999999961e+03 5.054351089002306723e-03 -5.617990404738855068e-04 3.269523029969861400e-05 3.157690793899720592e-03 -6.784067708662559152e-05 1.232256099647571768e-02 1.026730143968887163e-02
1.645833333000000039e+03 4.975960316603886095e-03 -5.862122861282617267e-04 3.106883943832721378e-05 3.271646248162037376e-03 -7.115130445584287133e-05 1.210730706440642582e-02 1.017745681458617421e-02
1.656250000000000000e+03 4.908862306386070108e-03 -6.024106660756428297e-04 2.662631455262715906e-05 3.395667917400260142e-03 -7.136714514050631274e-05 1.187302062182811133e-02 1.008877542280722100e-02
1.666666666999999961e+03 4.852315015769803272e-03 -6.073461150220752338e-04 2.089482999975064771e-05 3.541738038868007341e-03 -7.105293089102563699e-05 1.163301839238222064e-02 1.001353572351001628e-02
1.677083333000000039e+03 4.803121141294070667e-03 -5.997660785476056520e-04 1.251830861024780940e-05 3.718075939641970508e-03 -6.834708165655147634e-05 1.137365752624390491e-02 9.947427303589972611e-03
1.687500000000000000e+03 4.763999521950248311e-03 -5.817203200586557738e-04 4.730760523778285777e-06 3.931988940282508081e-03 -6.557111336241385662e-05 1.111103879802038431e-02 9.903513630126571654e-03
1.697916666999999961e+03 4.738199334832425905e-03 -5.553169804474434278e-04 -4.080388326354812083e-06 4.183193279362666661e-03 -6.169006446186663128e-05 1.082906719470475704e-02 9.875229904449923934e-03
1.708333333000000039e+03 4.736889942071784501e-03 -5.249369995919123252e-04 -9.781547887054440536e-06 4.471705318117399908e-03 -5.770002339642502884e-05 1.054608810862579966e-02 9.877341684407492037e-03
1.718750000000000000e+03 4.767276350051718493e-03 -4.929108216732022924e-04 -1.564296071737730881e-05 4.788565199906825304e-03 -5.344146677700846942e-05 1.024257762847164896e-02 9.899209589215095945e-03
1.729166666999999961e+03 4.835677263542961790e-03 -4.625893330303355801e-04 -1.747829034141571913e-05 5.128990107677946358e-03 -4.874934816320813339e-05 9.938124799600472209e-03 9.951396085410690179e-03
1.739583333000000039e+03 4.934049416497433144e-03 -4.360519774462307961e-04 -2.032335410355702173e-05 5.480607884761266174e-03 -4.483502471376181247e-05 9.609590736941332062e-03 1.001212401910001569e-02
1.750000000000000000e+03 5.047455228819750644e-03 -4.186093150677131468e-04 -2.012215651091138650e-05 5.840353728479064782e-03 -4.031365749450687650e-05 9.278917074193406000e-03 1.008336301574611071e-02
1.760416666999999961e+03 5.154973196895018712e-03 -4.164641711408210946e-04 -2.243717666975013412e-05 6.199304071081631999e-03 -3.769645665193803756e-05 8.920780764490153156e-03 1.013752901623340280e-02
1.770833333000000039e+03 5.241786271575242344e-03 -4.367208526683587504e-04 -2.417764812051264429e-05 6.560114254996896564e-03 -3.416289751422115563e-05 8.562006085818018100e-03 1.018195330619507850e-02
1.781250000000000000e+03 5.299961354199043961e-03 -4.820501216837150054e-04 -2.982939969454083664e-05 6.918299427691132659e-03 -3.369642113553231438e-05 8.175379779859975188e-03 1.019682028087507547e-02
1.791666666999999961e+03 5.325203463732687374e-03 -5.516718599230471549e-04 -3.772616931148429099e-05 7.278575692729151621e-03 -3.142771005109284239e-05 7.794241692914712950e-03 1.019901042468827554e-02
1.802083333000000039e+03 5.318589901881690292e-03 -6.394610914111222922e-04 -4.909457108900136676e-05 7.637746129458327683e-03 -3.293125793860597394e-05 7.387142853069308956e-03 1.017173944220466433e-02
1.812500000000000000e+03 5.276634266026876408e-03 -7.393578785067421270e-04 -6.288714079961196942e-05 8.002056325491323577e-03 -3.033482288059616007e-05 6.994040182379216743e-03 1.013636538694870880e-02
1.822916666999999961e+03 5.205597374737184167e-03 -8.441258081314456999e-04 -7.634343342443278898e-05 8.368778057398164674e-03 -3.198230987035489324e-05 6.575566461959817324e-03 1.007497094704758178e-02
1.833333333000000039e+03 5.112264100680505644e-03 -9.506745676823776534e-04 -8.855980423601203218e-05 8.741483750956484042e-03 -2.606710331975734118e-05 6.177631267643732098e-03 1.001568955964036133e-02
1.843750000000000000e+03 5.021704037362625245e-03 -1.056156689701434571e-03 -9.528151056345942835e-05 9.108731692009810685e-03 -2.587930725041365655e-05 5.750793588388812203e-03 9.940614658880624066e-03
1.854166666999999961e+03 4.959242281561918736e-03 -1.161122721813629809e-03 -9.725233628691135946e-05 9.470287342805283268e-03 -1.520528720917269012e-05 5.346279437948667571e-03 9.887904531157934787e-03
1.864583333000000039e+03 4.950396122754220987e-03 -1.264255091169069842e-03 -9.270410264229670620e-05 9.813824682205173067e-03 -1.308366419897253160e-05 4.906965523874384089e-03 9.835593164416889939e-03
1.875000000000000000e+03 5.012088100576252668e-03 -1.366988116339435668e-03 -8.315618137083547953e-05 1.014624795242344626e-02 9.063550882412039015e-07 4.488122508531617628e-03 9.823229280765658281e-03
1.885416666999999961e+03 5.147668793784958112e-03 -1.466592547334884733e-03 -7.116047676247493406e-05 1.045468392907793025e-02 3.307492163614439543e-06 4.031849946141885868e-03 9.817101334502385812e-03
1.895833333000000039e+03 5.365188384339267778e-03 -1.566204392504941386e-03 -5.454994176685157157e-05 1.074659192934829602e-02 1.751529492905129501e-05 3.593716854620507446e-03 9.852748584154035622e-03
1.906250000000000000e+03 5.662164484179867119e-03 -1.664757796533938633e-03 -4.200718502287114882e-05 1.101355865322060576e-02 1.806278835718256196e-05 3.123024925697737066e-03 9.899374031549104322e-03
1.916666666999999961e+03 6.054893102065993238e-03 -1.761692165870531535e-03 -2.407107286951550633e-05 1.127766473829297511e-02 3.007171966064887400e-05 2.669063054003766467e-03 1.000081044718136719e-02
1.927083333000000039e+03 6.548110414911031095e-03 -1.851788800083874848e-03 -1.644772823761746661e-05 1.154583978796972811e-02 2.725962491296268642e-05 2.196258017808047983e-03 1.014510411034440229e-02
1.937500000000000000e+03 7.153747742349780836e-03 -1.928440627757480128e-03 -1.306749076579635930e-06 1.184691640893791378e-02 3.608685012711703799e-05 1.743527240455330267e-03 1.037209569587151277e-02
1.947916666999999961e+03 7.864807824392663210e-03 -1.990688466194980629e-03 5.489010753260377319e-07 1.218512128517756747e-02 2.871203186673752588e-05 1.298865729377491306e-03 1.067439741947386056e-02
1.958333333000000039e+03 8.648647891365468174e-03 -2.031407117864768991e-03 1.055663898047630041e-05 1.257007957687119280e-02 3.447415625687303000e-05 8.906438452561901177e-04 1.105468565674642620e-02
1.968750000000000000e+03 9.465075110053030802e-03 -2.057902905086313097e-03 8.392391310126303972e-06 1.297639140167627589e-02 2.161645430561407453e-05 5.335212912397379638e-04 1.148749390148452211e-02
1.979166666999999961e+03 1.020531228295366161e-02 -2.067757749203472193e-03 1.025546929277865483e-05 1.335740268660261069e-02 2.410364956803417370e-05 2.486550943105668670e-04 1.190568503193342037e-02
1.989583333000000039e+03 1.077627125317677514e-02 -2.077037339272615971e-03 6.624248671099351973e-06 1.364342217566539076e-02 4.907428861048560606e-06 6.631345461462341236e-05 1.224300344172839401e-02
2.000000000000000000e+03 1.105950904944349653e-02 -2.083244856370727524e-03 -1.756906749303814029e-08 1.377647354415544381e-02 5.078318814871594362e-06 1.283637864872977149e-06 1.241863311573190680e-02
