Siegfried Raasch  model version: PALM 2.6b  resolution: 6.25 m   Set E
         540
  6.0017500E+01   1.2001690E+02   1.8008850E+02   2.4007650E+02   3.0020250E+02   3.6006550E+02   4.2025650E+02   4.8029650E+02   5.4007450E+02   6.0000150E+02
  6.6004150E+02   7.2047050E+02   7.8049850E+02   8.4044650E+02   9.0002650E+02   9.6046650E+02   1.0203300E+03   1.0804200E+03   1.1405960E+03   1.2005820E+03
  1.2602460E+03   1.3200650E+03   1.3804140E+03   1.4406010E+03   1.5002050E+03   1.5600390E+03   1.6201590E+03   1.6805990E+03   1.7405270E+03   1.8001570E+03
  1.8606220E+03   1.9205370E+03   1.9800930E+03   2.0402790E+03   2.1002880E+03   2.1606330E+03   2.2203300E+03   2.2800270E+03   2.3400220E+03   2.4001820E+03
  2.4603270E+03   2.5200240E+03   2.5800710E+03   2.6404960E+03   2.7006540E+03   2.7603290E+03   2.8202140E+03   2.8803520E+03   2.9400630E+03   3.0000380E+03
  3.0601340E+03   3.1203640E+03   3.1803070E+03   3.2405400E+03   3.3005460E+03   3.3605540E+03   3.4202750E+03   3.4804660E+03   3.5402980E+03   3.6002590E+03
  3.6601470E+03   3.7202630E+03   3.7804970E+03   3.8403220E+03   3.9001090E+03   3.9603380E+03   4.0204580E+03   4.0800790E+03   4.1404020E+03   4.2000460E+03
  4.2604320E+03   4.3202490E+03   4.3803390E+03   4.4403990E+03   4.5001530E+03   4.5604020E+03   4.6203450E+03   4.6802850E+03   4.7401920E+03   4.8002220E+03
  4.8600840E+03   4.9201500E+03   4.9800390E+03   5.0400870E+03   5.1001600E+03   5.1602830E+03   5.2200220E+03   5.2801720E+03   5.3400580E+03   5.4001870E+03
  5.4603160E+03   5.5200230E+03   5.5800830E+03   5.6401370E+03   5.7000800E+03   5.7602640E+03   5.8200420E+03   5.8801890E+03   5.9402150E+03   6.0003070E+03
  6.0600370E+03   6.1201300E+03   6.1801250E+03   6.2401530E+03   6.3000090E+03   6.3602130E+03   6.4202330E+03   6.4802490E+03   6.5402650E+03   6.6001180E+03
  6.6602380E+03   6.7200240E+03   6.7802610E+03   6.8401020E+03   6.9002700E+03   6.9601110E+03   7.0200300E+03   7.0801900E+03   7.1400300E+03   7.2001900E+03
  7.2602420E+03   7.3202160E+03   7.3801900E+03   7.4402760E+03   7.5000280E+03   7.5600880E+03   7.6202100E+03   7.6800060E+03   7.7401040E+03   7.8002020E+03
  7.8601080E+03   7.9201960E+03   7.9802840E+03   8.0400660E+03   8.1000960E+03   8.1601260E+03   8.2201560E+03   8.2801600E+03   8.3400840E+03   8.4000080E+03
  8.4602160E+03   8.5201320E+03   8.5801800E+03   8.6402280E+03   8.7002760E+03   8.7600160E+03   8.8201280E+03   8.8802400E+03   8.9400800E+03   9.0001920E+03
  9.0601910E+03   9.1202660E+03   9.1800740E+03   9.2401490E+03   9.3001360E+03   9.3601340E+03   9.4201320E+03   9.4801300E+03   9.5402350E+03   9.6001160E+03
  9.6602540E+03   9.7201350E+03   9.7800160E+03   9.8401520E+03   9.9001280E+03   9.9601040E+03   1.0020080E+04   1.0080230E+04   1.0140010E+04   1.0200030E+04
  1.0260050E+04   1.0320040E+04   1.0380050E+04   1.0440070E+04   1.0500080E+04   1.0560100E+04   1.0620060E+04   1.0680020E+04   1.0740100E+04   1.0800190E+04
  1.0860050E+04   1.0920140E+04   1.0980070E+04   1.1040220E+04   1.1100150E+04   1.1160080E+04   1.1220010E+04   1.1280170E+04   1.1340110E+04   1.1400060E+04
  1.1460140E+04   1.1520150E+04   1.1580140E+04   1.1640070E+04   1.1700070E+04   1.1760180E+04   1.1820030E+04   1.1880080E+04   1.1940090E+04   1.2000010E+04
  1.2060070E+04   1.2120110E+04   1.2180020E+04   1.2240130E+04   1.2300010E+04   1.2360120E+04   1.2420100E+04   1.2480090E+04   1.2540100E+04   1.2600140E+04
  1.2660090E+04   1.2720020E+04   1.2780120E+04   1.2840130E+04   1.2900050E+04   1.2960040E+04   1.3020120E+04   1.3080130E+04   1.3140190E+04   1.3200140E+04
  1.3260070E+04   1.3320050E+04   1.3380160E+04   1.3440080E+04   1.3500110E+04   1.3560180E+04   1.3620000E+04   1.3680170E+04   1.3740010E+04   1.3800020E+04
  1.3860200E+04   1.3920180E+04   1.3980070E+04   1.4040130E+04   1.4100140E+04   1.4160120E+04   1.4220110E+04   1.4280100E+04   1.4340130E+04   1.4400060E+04
  1.4460120E+04   1.4520150E+04   1.4580110E+04   1.4640120E+04   1.4700110E+04   1.4760190E+04   1.4820050E+04   1.4880150E+04   1.4940020E+04   1.5000110E+04
  1.5060080E+04   1.5120130E+04   1.5180170E+04   1.5240040E+04   1.5300040E+04   1.5360050E+04   1.5420160E+04   1.5480020E+04   1.5540140E+04   1.5600030E+04
  1.5660120E+04   1.5720130E+04   1.5780090E+04   1.5840180E+04   1.5900060E+04   1.5960120E+04   1.6020120E+04   1.6080180E+04   1.6140130E+04   1.6200020E+04
  1.6260060E+04   1.6320150E+04   1.6380170E+04   1.6440010E+04   1.6500110E+04   1.6560120E+04   1.6620180E+04   1.6680160E+04   1.6740090E+04   1.6800080E+04
  1.6860130E+04   1.6920170E+04   1.6980170E+04   1.7040080E+04   1.7100040E+04   1.7160130E+04   1.7220040E+04   1.7280070E+04   1.7340080E+04   1.7400070E+04
  1.7460040E+04   1.7520030E+04   1.7580050E+04   1.7640100E+04   1.7700070E+04   1.7760120E+04   1.7820170E+04   1.7880160E+04   1.7940060E+04   1.8000050E+04
  1.8060070E+04   1.8120060E+04   1.8180050E+04   1.8240060E+04   1.8300090E+04   1.8360120E+04   1.8420150E+04   1.8480060E+04   1.8540150E+04   1.8600130E+04
  1.8660100E+04   1.8720110E+04   1.8780010E+04   1.8840070E+04   1.8900060E+04   1.8960120E+04   1.9020130E+04   1.9080090E+04   1.9140140E+04   1.9200080E+04
  1.9260160E+04   1.9320140E+04   1.9380150E+04   1.9440150E+04   1.9500150E+04   1.9560160E+04   1.9620100E+04   1.9680040E+04   1.9740140E+04   1.9800150E+04
  1.9860010E+04   1.9920050E+04   1.9980160E+04   2.0040130E+04   2.0100020E+04   2.0160110E+04   2.0220100E+04   2.0280090E+04   2.0340030E+04   2.0400070E+04
  2.0460150E+04   2.0520130E+04   2.0580120E+04   2.0640110E+04   2.0700150E+04   2.0760120E+04   2.0820040E+04   2.0880110E+04   2.0940090E+04   2.1000130E+04
  2.1060060E+04   2.1120010E+04   2.1180070E+04   2.1240000E+04   2.1300050E+04   2.1360100E+04   2.1420140E+04   2.1480060E+04   2.1540020E+04   2.1600110E+04
  2.1660000E+04   2.1720080E+04   2.1780030E+04   2.1840110E+04   2.1900110E+04   2.1960050E+04   2.2020150E+04   2.2080140E+04   2.2140050E+04   2.2200100E+04
  2.2260130E+04   2.2320070E+04   2.2380060E+04   2.2440020E+04   2.2500110E+04   2.2560090E+04   2.2620130E+04   2.2680080E+04   2.2740140E+04   2.2800000E+04
  2.2860080E+04   2.2920090E+04   2.2980130E+04   2.3040100E+04   2.3100140E+04   2.3160110E+04   2.3220090E+04   2.3280070E+04   2.3340100E+04   2.3400050E+04
  2.3460110E+04   2.3520000E+04   2.3580050E+04   2.3640110E+04   2.3700030E+04   2.3760010E+04   2.3820130E+04   2.3880110E+04   2.3940080E+04   2.4000140E+04
  2.4060120E+04   2.4120000E+04   2.4180050E+04   2.4240130E+04   2.4300090E+04   2.4360090E+04   2.4420090E+04   2.4480140E+04   2.4540080E+04   2.4600010E+04
  2.4660140E+04   2.4720030E+04   2.4780010E+04   2.4840120E+04   2.4900100E+04   2.4960100E+04   2.5020100E+04   2.5080100E+04   2.5140100E+04   2.5200060E+04
  2.5260110E+04   2.5320030E+04   2.5380100E+04   2.5440050E+04   2.5500050E+04   2.5560030E+04   2.5620030E+04   2.5680020E+04   2.5740070E+04   2.5800070E+04
  2.5860140E+04   2.5920130E+04   2.5980130E+04   2.6040030E+04   2.6100070E+04   2.6160020E+04   2.6220040E+04   2.6280000E+04   2.6340080E+04   2.6400000E+04
  2.6460020E+04   2.6520030E+04   2.6580120E+04   2.6640060E+04   2.6700050E+04   2.6760060E+04   2.6820010E+04   2.6880030E+04   2.6940100E+04   2.7000140E+04
  2.7060130E+04   2.7120050E+04   2.7180020E+04   2.7240010E+04   2.7300120E+04   2.7360050E+04   2.7420030E+04   2.7480020E+04   2.7540050E+04   2.7600080E+04
  2.7660060E+04   2.7720100E+04   2.7780080E+04   2.7840090E+04   2.7900010E+04   2.7960020E+04   2.8020070E+04   2.8080140E+04   2.8140100E+04   2.8200060E+04
  2.8260140E+04   2.8320080E+04   2.8380000E+04   2.8440130E+04   2.8500020E+04   2.8560070E+04   2.8620020E+04   2.8680080E+04   2.8740000E+04   2.8800060E+04
  2.8860000E+04   2.8920060E+04   2.8980090E+04   2.9040040E+04   2.9100040E+04   2.9160040E+04   2.9220070E+04   2.9280110E+04   2.9340010E+04   2.9400020E+04
  2.9460050E+04   2.9520040E+04   2.9580120E+04   2.9640120E+04   2.9700020E+04   2.9760060E+04   2.9820040E+04   2.9880070E+04   2.9940070E+04   3.0000080E+04
  3.0060060E+04   3.0120140E+04   3.0180060E+04   3.0240110E+04   3.0300070E+04   3.0360080E+04   3.0420120E+04   3.0480110E+04   3.0540110E+04   3.0600120E+04
  3.0660130E+04   3.0720110E+04   3.0780010E+04   3.0840120E+04   3.0900060E+04   3.0960040E+04   3.1020070E+04   3.1080080E+04   3.1140130E+04   3.1200080E+04
  3.1260050E+04   3.1320040E+04   3.1380040E+04   3.1440130E+04   3.1500030E+04   3.1560020E+04   3.1620080E+04   3.1680140E+04   3.1740060E+04   3.1800000E+04
  3.1860150E+04   3.1920130E+04   3.1980090E+04   3.2040140E+04   3.2100030E+04   3.2160030E+04   3.2220080E+04   3.2280060E+04   3.2340110E+04   3.2400090E+04
  1.6447370E+01   1.6447370E+01   2.3026320E+01   2.3026320E+01   2.9605260E+01   2.9605260E+01   2.9605260E+01   3.6184210E+01   3.6184210E+01   3.6184210E+01
  3.6184210E+01   3.6184210E+01   4.2763160E+01   4.2763160E+01   4.2763160E+01   4.2763160E+01   4.2763160E+01   4.2763160E+01   4.9342110E+01   4.9342110E+01
  4.9342110E+01   4.9342110E+01   4.9342110E+01   4.9342110E+01   4.9342110E+01   4.9342110E+01   5.5921050E+01   5.5921050E+01   5.5921050E+01   5.5921050E+01
  5.5921050E+01   5.5921050E+01   5.5921050E+01   5.5921050E+01   5.5921050E+01   5.5921050E+01   5.5921050E+01   6.2500000E+01   6.2500000E+01   6.2500000E+01
  6.2500000E+01   6.2500000E+01   6.2500000E+01   6.2500000E+01   6.2500000E+01   6.2500000E+01   6.2500000E+01   6.2500000E+01   6.2500000E+01   6.2500000E+01
  6.9078950E+01   6.9078950E+01   6.9078950E+01   6.9078950E+01   6.9078950E+01   6.9078950E+01   6.9078950E+01   6.9078950E+01   6.9078950E+01   6.9078950E+01
  6.9078950E+01   6.9078950E+01   6.9078950E+01   6.9078950E+01   6.9078950E+01   6.9078950E+01   6.9078950E+01   6.9078950E+01   6.9078950E+01   7.5657890E+01
  7.5657890E+01   7.5657890E+01   7.5657890E+01   7.5657890E+01   7.5657890E+01   7.5657890E+01   7.5657890E+01   7.5657890E+01   7.5657890E+01   7.5657890E+01
  7.5657890E+01   7.5657890E+01   7.5657890E+01   7.5657890E+01   7.5657890E+01   7.5657890E+01   7.5657890E+01   7.5657890E+01   7.5657890E+01   7.5657890E+01
  7.5657890E+01   7.5657890E+01   7.5657890E+01   7.5657890E+01   7.5657890E+01   7.5657890E+01   8.2236840E+01   8.2236840E+01   8.2236840E+01   8.2236840E+01
  8.2236840E+01   8.2236840E+01   8.2236840E+01   8.2236840E+01   8.2236840E+01   8.2236840E+01   8.2236840E+01   8.2236840E+01   8.2236840E+01   8.2236840E+01
  8.2236840E+01   8.2236840E+01   8.2236840E+01   8.2236840E+01   8.2236840E+01   8.2236840E+01   8.2236840E+01   8.2236840E+01   8.2236840E+01   8.2236840E+01
  8.2236840E+01   8.2236840E+01   8.2236840E+01   8.2236840E+01   8.2236840E+01   8.2236840E+01   8.2236840E+01   8.2236840E+01   8.2236840E+01   8.2236840E+01
  8.2236840E+01   8.2236840E+01   8.2236840E+01   8.2236840E+01   8.2236840E+01   8.2236840E+01   8.2236840E+01   8.2236840E+01   8.2236840E+01   8.2236840E+01
  8.8815790E+01   8.8815790E+01   8.8815790E+01   8.8815790E+01   8.8815790E+01   8.8815790E+01   8.8815790E+01   8.8815790E+01   8.8815790E+01   8.8815790E+01
  8.8815790E+01   8.8815790E+01   8.8815790E+01   8.8815790E+01   8.8815790E+01   8.8815790E+01   8.8815790E+01   8.8815790E+01   8.8815790E+01   8.8815790E+01
  8.8815790E+01   8.8815790E+01   8.8815790E+01   8.8815790E+01   8.8815790E+01   8.8815790E+01   8.8815790E+01   8.8815790E+01   8.8815790E+01   8.8815790E+01
  9.5394740E+01   9.5394740E+01   9.5394740E+01   9.5394740E+01   9.5394740E+01   1.0197370E+02   1.0197370E+02   1.0197370E+02   1.0197370E+02   1.0855260E+02
  1.0855260E+02   1.1513160E+02   1.2171050E+02   1.2828950E+02   1.4144740E+02   1.4802630E+02   1.6118420E+02   1.6776320E+02   1.8092110E+02   1.8750000E+02
  1.9407890E+02   2.0065790E+02   2.0065790E+02   1.7434210E+02   2.0065790E+02   2.1381580E+02   2.2697370E+02   2.2697370E+02   1.5460530E+02   1.8750000E+02
  1.8750000E+02   1.1513160E+02   1.2171050E+02   1.2828950E+02   1.4802630E+02   1.6118420E+02   1.6118420E+02   1.3486840E+02   1.3486840E+02   1.4802630E+02
  1.5460530E+02   1.4802630E+02   1.5460530E+02   1.4144740E+02   1.4802630E+02   1.5460530E+02   1.5460530E+02   1.1513160E+02   1.0855260E+02   1.0855260E+02
  1.3486840E+02   1.4144740E+02   1.4144740E+02   1.4802630E+02   1.2828950E+02   1.2828950E+02   1.2171050E+02   1.4144740E+02   1.4144740E+02   1.4144740E+02
  1.4144740E+02   1.1513160E+02   1.1513160E+02   1.1513160E+02   1.1513160E+02   1.2171050E+02   1.0197370E+02   1.3486840E+02   1.2828950E+02   1.1513160E+02
  1.0197370E+02   1.2828950E+02   1.2171050E+02   1.1513160E+02   1.2171050E+02   1.3486840E+02   1.3486840E+02   1.2171050E+02   1.4144740E+02   1.2828950E+02
  1.2828950E+02   1.3486840E+02   1.3486840E+02   1.4144740E+02   1.2828950E+02   1.2828950E+02   1.2171050E+02   1.2171050E+02   1.2828950E+02   1.3486840E+02
  1.3486840E+02   1.3486840E+02   1.2828950E+02   1.3486840E+02   1.3486840E+02   1.3486840E+02   1.4144740E+02   1.3486840E+02   1.4144740E+02   1.2828950E+02
  1.3486840E+02   1.3486840E+02   1.3486840E+02   1.3486840E+02   1.4144740E+02   1.4144740E+02   1.4144740E+02   1.3486840E+02   1.4144740E+02   1.4144740E+02
  1.4144740E+02   1.4144740E+02   1.3486840E+02   1.3486840E+02   1.4144740E+02   1.3486840E+02   1.4144740E+02   1.4144740E+02   1.4144740E+02   1.3486840E+02
  1.4802630E+02   1.4802630E+02   1.4144740E+02   1.4144740E+02   1.2828950E+02   1.4144740E+02   1.3486840E+02   1.4144740E+02   1.4144740E+02   1.4802630E+02
  1.4802630E+02   1.4802630E+02   1.4144740E+02   1.4802630E+02   1.4802630E+02   1.4144740E+02   1.3486840E+02   1.4144740E+02   1.4144740E+02   1.4802630E+02
  1.4802630E+02   1.4144740E+02   1.4144740E+02   1.2828950E+02   1.2828950E+02   1.3486840E+02   1.3486840E+02   1.2828950E+02   1.4144740E+02   1.4802630E+02
  1.4144740E+02   1.2828950E+02   1.3486840E+02   1.2828950E+02   1.3486840E+02   1.4144740E+02   1.5460530E+02   1.4144740E+02   1.4144740E+02   1.4802630E+02
  1.4802630E+02   1.4802630E+02   1.4802630E+02   1.4802630E+02   1.4802630E+02   1.4144740E+02   1.4802630E+02   1.4144740E+02   1.4144740E+02   1.4144740E+02
  1.4144740E+02   1.3486840E+02   1.4144740E+02   1.4144740E+02   1.4802630E+02   1.4144740E+02   1.3486840E+02   1.4802630E+02   1.4802630E+02   1.4802630E+02
  1.3486840E+02   1.4144740E+02   1.4144740E+02   1.4144740E+02   1.3486840E+02   1.2828950E+02   1.4144740E+02   1.3486840E+02   1.4802630E+02   1.3486840E+02
  1.4144740E+02   1.4802630E+02   1.3486840E+02   1.4802630E+02   1.3486840E+02   1.3486840E+02   1.4144740E+02   1.4144740E+02   1.4144740E+02   1.4802630E+02
  1.4802630E+02   1.4144740E+02   1.2828950E+02   1.3486840E+02   1.4144740E+02   1.4802630E+02   1.4144740E+02   1.4802630E+02   1.4144740E+02   1.4802630E+02
  1.4802630E+02   1.1513160E+02   1.2171050E+02   1.2828950E+02   1.4144740E+02   1.2828950E+02   1.1513160E+02   1.4144740E+02   1.4802630E+02   1.4802630E+02
  1.2828950E+02   1.4802630E+02   1.4144740E+02   1.5460530E+02   1.4144740E+02   1.4802630E+02   1.4144740E+02   1.3486840E+02   1.2828950E+02   1.4144740E+02
  1.4144740E+02   1.4144740E+02   1.5460530E+02   1.5460530E+02   1.4144740E+02   1.3486840E+02   1.4144740E+02   1.4144740E+02   1.4802630E+02   1.4802630E+02
  1.4802630E+02   1.4802630E+02   1.2171050E+02   1.4802630E+02   1.4802630E+02   1.2828950E+02   1.3486840E+02   1.5460530E+02   1.4802630E+02   1.3486840E+02
  1.2828950E+02   1.4802630E+02   1.4802630E+02   1.5460530E+02   1.5460530E+02   1.4144740E+02   1.3486840E+02   1.4144740E+02   1.3486840E+02   1.4144740E+02
  1.5460530E+02   1.4144740E+02   1.5460530E+02   1.4144740E+02   1.4144740E+02   1.3486840E+02   1.4144740E+02   1.4802630E+02   1.2171050E+02   1.3486840E+02
  1.4802630E+02   1.3486840E+02   1.3486840E+02   1.3486840E+02   1.4144740E+02   1.4144740E+02   1.2828950E+02   1.3486840E+02   1.2828950E+02   1.3486840E+02
  1.4144740E+02   1.3486840E+02   1.4802630E+02   1.4802630E+02   1.4802630E+02   1.3486840E+02   1.3486840E+02   1.4802630E+02   1.5460530E+02   1.4144740E+02
  1.4802630E+02   1.4144740E+02   1.4144740E+02   1.4802630E+02   1.4144740E+02   1.4144740E+02   1.5460530E+02   1.4802630E+02   1.5460530E+02   1.5460530E+02
  1.4802630E+02   1.4802630E+02   1.3486840E+02   1.5460530E+02   1.4802630E+02   1.6118420E+02   1.5460530E+02   1.4802630E+02   1.5460530E+02   1.4802630E+02
  1.4802630E+02   1.5460530E+02   1.4802630E+02   1.4802630E+02   1.4802630E+02   1.4802630E+02   1.4802630E+02   1.4802630E+02   1.5460530E+02   1.3486840E+02
  1.4144740E+02   1.5460530E+02   1.4802630E+02   1.4144740E+02   1.5460530E+02   1.3486840E+02   1.5460530E+02   1.5460530E+02   1.5460530E+02   1.6118420E+02
  1.3486840E+02   1.4802630E+02   1.4144740E+02   1.3486840E+02   1.4802630E+02   1.4802630E+02   1.4802630E+02   1.5460530E+02   1.5460530E+02   1.4802630E+02
  1.4802630E+02   1.4144740E+02   1.5460530E+02   1.4144740E+02   1.4802630E+02   1.5460530E+02   1.4144740E+02   1.4144740E+02   1.4144740E+02   1.4802630E+02
  1.4802630E+02   1.5460530E+02   1.5460530E+02   1.5460530E+02   1.6776320E+02   1.7434210E+02   1.4144740E+02   1.4802630E+02   1.3486840E+02   1.2828950E+02
  1.6118420E+02   1.5460530E+02   1.6118420E+02   1.6118420E+02   1.4144740E+02   1.3486840E+02   1.5460530E+02   1.5460530E+02   1.6118420E+02   1.4802630E+02
 -8.7077890E-05  -1.2529310E-04  -1.7253230E-04  -2.2587190E-04  -2.8735870E-04  -3.5315260E-04  -4.1980530E-04  -4.8454350E-04  -5.4606280E-04  -6.0459280E-04
 -6.6000440E-04  -7.1280450E-04  -7.6249140E-04  -8.0997240E-04  -8.5515050E-04  -8.9898420E-04  -9.4062600E-04  -9.8082890E-04  -1.0196590E-03  -1.0570740E-03
 -1.0931320E-03  -1.1283170E-03  -1.1628230E-03  -1.1962350E-03  -1.2287010E-03  -1.2603380E-03  -1.2916050E-03  -1.3221840E-03  -1.3520710E-03  -1.3810440E-03
 -1.4100810E-03  -1.4381490E-03  -1.4657770E-03  -1.4930470E-03  -1.5200120E-03  -1.5465330E-03  -1.5725700E-03  -1.5982500E-03  -1.6235210E-03  -1.6487390E-03
 -1.6736680E-03  -1.6982210E-03  -1.7226550E-03  -1.7469600E-03  -1.7708820E-03  -1.7943610E-03  -1.8176840E-03  -1.8408590E-03  -1.8636480E-03  -1.8862790E-03
 -1.9087150E-03  -1.9311030E-03  -1.9531900E-03  -1.9752040E-03  -1.9965440E-03  -2.0161530E-03  -2.0349020E-03  -2.0535420E-03  -2.0719090E-03  -2.0904640E-03
 -2.1090180E-03  -2.1275120E-03  -2.1461800E-03  -2.1646630E-03  -2.1830740E-03  -2.2016900E-03  -2.2201200E-03  -2.2384940E-03  -2.2570040E-03  -2.2752490E-03
 -2.2937550E-03  -2.3119360E-03  -2.3302650E-03  -2.3484430E-03  -2.3665960E-03  -2.3847410E-03  -2.4028690E-03  -2.4208390E-03  -2.4388740E-03  -2.4567910E-03
 -2.4747360E-03  -2.4925870E-03  -2.5104660E-03  -2.5282400E-03  -2.5460910E-03  -2.5638160E-03  -2.5814960E-03  -2.5991570E-03  -2.6168100E-03  -2.6343950E-03
 -2.6519500E-03  -2.6694370E-03  -2.6868970E-03  -2.7044150E-03  -2.7217610E-03  -2.7392300E-03  -2.7564620E-03  -2.7737540E-03  -2.7910550E-03  -2.8082430E-03
 -2.8252950E-03  -2.8424890E-03  -2.8595290E-03  -2.8766260E-03  -2.8935400E-03  -2.9105160E-03  -2.9274820E-03  -2.9443130E-03  -2.9611100E-03  -2.9779090E-03
 -2.9946470E-03  -3.0112600E-03  -3.0280470E-03  -3.0445940E-03  -3.0611990E-03  -3.0776830E-03  -3.0942350E-03  -3.1107300E-03  -3.1271110E-03  -3.1435490E-03
 -3.1599910E-03  -3.1763040E-03  -3.1925860E-03  -3.2089380E-03  -3.2250810E-03  -3.2412720E-03  -3.2575160E-03  -3.2735470E-03  -3.2896180E-03  -3.3056480E-03
 -3.3216500E-03  -3.3375780E-03  -3.3534620E-03  -3.3692980E-03  -3.3850710E-03  -3.4008040E-03  -3.4164950E-03  -3.4322060E-03  -3.4477710E-03  -3.4632970E-03
 -3.4788550E-03  -3.4943650E-03  -3.5097810E-03  -3.5251570E-03  -3.5404930E-03  -3.5557450E-03  -3.5710460E-03  -3.5862700E-03  -3.6013880E-03  -3.6165380E-03
 -3.6316880E-03  -3.6467560E-03  -3.6617300E-03  -3.6767450E-03  -3.6917680E-03  -3.7066880E-03  -3.7215840E-03  -3.7364680E-03  -3.7514440E-03  -3.7662990E-03
 -3.7812160E-03  -3.7960730E-03  -3.8109610E-03  -3.8260380E-03  -3.8411030E-03  -3.8562610E-03  -3.8715230E-03  -3.8870330E-03  -3.9025720E-03  -3.9184120E-03
 -3.9345300E-03  -3.9510730E-03  -3.9680600E-03  -3.9856530E-03  -4.0039080E-03  -4.0229760E-03  -4.0429350E-03  -4.0641690E-03  -4.0870380E-03  -4.1115420E-03
 -4.1378670E-03  -4.1666830E-03  -4.1984990E-03  -4.2340450E-03  -4.2738100E-03  -4.3187820E-03  -4.3702900E-03  -4.4301830E-03  -4.5001410E-03  -4.5823120E-03
 -4.6778810E-03  -4.7859620E-03  -4.9056580E-03  -5.0372430E-03  -5.1799760E-03  -5.3247760E-03  -5.4722560E-03  -5.6286780E-03  -5.8285930E-03  -6.8541440E-03
 -9.5845010E-03  -1.2594290E-02  -1.2956380E-02  -1.3140590E-02  -1.3091940E-02  -1.2827120E-02  -1.2288540E-02  -1.1568410E-02  -1.1004350E-02  -1.0822700E-02
 -1.0814090E-02  -1.0791330E-02  -1.0813100E-02  -1.0449840E-02  -1.0090340E-02  -9.8260530E-03  -9.6070650E-03  -9.2955410E-03  -9.0929900E-03  -9.1894230E-03
 -9.3641220E-03  -9.3197860E-03  -9.1768270E-03  -8.9308200E-03  -8.7783580E-03  -8.6672640E-03  -8.5773800E-03  -8.3810430E-03  -8.1429080E-03  -8.0513260E-03
 -7.8699970E-03  -7.8307220E-03  -7.8136850E-03  -7.7858370E-03  -7.8201180E-03  -7.8836400E-03  -7.8966130E-03  -7.9101360E-03  -7.8588990E-03  -7.8097320E-03
 -7.8397510E-03  -7.9948030E-03  -8.0662340E-03  -8.0606790E-03  -7.9938530E-03  -8.0749880E-03  -8.0032220E-03  -7.8595100E-03  -7.7297380E-03  -7.6708010E-03
 -7.5457920E-03  -7.5131070E-03  -7.4496810E-03  -7.3650540E-03  -7.3601930E-03  -7.4626720E-03  -7.5993480E-03  -7.4827510E-03  -7.3979430E-03  -7.4167790E-03
 -7.3679740E-03  -7.2787250E-03  -7.2049430E-03  -7.1748810E-03  -7.1981420E-03  -7.1467300E-03  -7.1792110E-03  -7.0740280E-03  -6.9297810E-03  -6.8066030E-03
 -6.6634400E-03  -6.6227560E-03  -6.5762390E-03  -6.5528940E-03  -6.5985810E-03  -6.6353150E-03  -6.6911750E-03  -6.7400260E-03  -6.9207910E-03  -7.1255710E-03
 -7.3763200E-03  -7.5228890E-03  -7.4903990E-03  -7.4164800E-03  -7.3915390E-03  -7.2832970E-03  -7.2984130E-03  -7.2677100E-03  -7.2877340E-03  -7.4388800E-03
 -7.4967130E-03  -7.6299500E-03  -7.8460990E-03  -7.9592040E-03  -8.0165480E-03  -7.9987600E-03  -7.9327440E-03  -7.8727600E-03  -7.6409600E-03  -7.4080060E-03
 -7.1909240E-03  -7.0712790E-03  -6.9733670E-03  -6.8498270E-03  -6.8175690E-03  -6.8640060E-03  -6.9032690E-03  -6.9216780E-03  -6.9069460E-03  -6.9909630E-03
 -7.1402000E-03  -7.2676310E-03  -7.3895330E-03  -7.6318860E-03  -7.8401330E-03  -7.9854490E-03  -8.0631610E-03  -8.1240460E-03  -8.0198230E-03  -7.9545600E-03
 -7.8617950E-03  -7.7768030E-03  -7.6298500E-03  -7.4815560E-03  -7.3403990E-03  -7.2077310E-03  -7.2304320E-03  -7.3330270E-03  -7.4300680E-03  -7.5790120E-03
 -7.7597030E-03  -7.8693900E-03  -7.8782080E-03  -7.9375250E-03  -7.9347180E-03  -7.9672960E-03  -8.0476050E-03  -8.1020240E-03  -8.2792690E-03  -8.3100670E-03
 -8.4719640E-03  -8.5762860E-03  -8.4468980E-03  -8.3745000E-03  -8.2885280E-03  -8.3020450E-03  -8.4377740E-03  -8.6654000E-03  -8.8199130E-03  -8.9237640E-03
 -9.0793880E-03  -9.1685140E-03  -9.2361430E-03  -9.2888220E-03  -9.4369890E-03  -9.5051990E-03  -9.4246120E-03  -9.2861830E-03  -9.1845320E-03  -8.9726540E-03
 -8.9226550E-03  -8.8508670E-03  -8.8099770E-03  -8.8582130E-03  -8.9052670E-03  -8.8424810E-03  -8.8553680E-03  -8.8946280E-03  -8.8506120E-03  -8.7739580E-03
 -8.7757600E-03  -8.8245820E-03  -8.9839450E-03  -9.2603730E-03  -9.4376200E-03  -9.6309840E-03  -9.6336330E-03  -9.8791440E-03  -1.0040570E-02  -9.9247550E-03
 -9.7280520E-03  -9.5301580E-03  -9.3986110E-03  -9.4942060E-03  -9.6163270E-03  -9.6380150E-03  -9.5727680E-03  -9.5151390E-03  -9.5612540E-03  -9.6228190E-03
 -9.8686870E-03  -9.9179460E-03  -9.9804860E-03  -9.8511380E-03  -9.6839950E-03  -9.6950760E-03  -9.6846840E-03  -9.6155780E-03  -9.6662730E-03  -9.7972070E-03
 -9.7563250E-03  -9.8830160E-03  -9.8424420E-03  -9.8882040E-03  -9.7914040E-03  -9.7505930E-03  -9.5350860E-03  -9.4058630E-03  -9.4441200E-03  -9.6201340E-03
 -9.4308850E-03  -9.2456290E-03  -9.1616420E-03  -9.1393420E-03  -9.2433680E-03  -9.3385850E-03  -9.4391390E-03  -9.2957260E-03  -9.3675070E-03  -9.5270850E-03
 -9.5815600E-03  -9.6529430E-03  -9.6120030E-03  -9.3179040E-03  -9.0674720E-03  -8.8652080E-03  -8.7687190E-03  -8.7051850E-03  -8.6136010E-03  -8.4788380E-03
 -8.4864350E-03  -8.6237150E-03  -8.8937260E-03  -9.1639150E-03  -9.2804360E-03  -9.5178780E-03  -9.5992550E-03  -9.8143450E-03  -9.8422030E-03  -9.6714630E-03
 -9.6839520E-03  -9.8153550E-03  -9.9028930E-03  -9.7834310E-03  -9.7941750E-03  -9.8371570E-03  -9.8110840E-03  -9.7530770E-03  -9.7483750E-03  -9.9825950E-03
 -1.0349970E-02  -1.0509600E-02  -1.0755320E-02  -1.0672820E-02  -1.0507040E-02  -1.0469080E-02  -1.0703900E-02  -1.0851020E-02  -1.0882600E-02  -1.1007200E-02
 -1.1117820E-02  -1.1132840E-02  -1.1003380E-02  -1.0862120E-02  -1.0744150E-02  -1.0878310E-02  -1.1281880E-02  -1.1505570E-02  -1.1294660E-02  -1.1089540E-02
 -1.0839470E-02  -1.0651040E-02  -1.0675470E-02  -1.0573850E-02  -1.0697200E-02  -1.0793320E-02  -1.0882440E-02  -1.0741510E-02  -1.0741780E-02  -1.0815030E-02
 -1.0953870E-02  -1.1176970E-02  -1.1107590E-02  -1.1021060E-02  -1.1218480E-02  -1.1214250E-02  -1.1001080E-02  -1.0783420E-02  -1.0679460E-02  -1.0770530E-02
 -1.0931570E-02  -1.0871180E-02  -1.0892630E-02  -1.0710990E-02  -1.0420540E-02  -1.0261680E-02  -1.0322740E-02  -1.0224920E-02  -1.0204830E-02  -1.0114970E-02
 -1.0056470E-02  -1.0126410E-02  -1.0230070E-02  -1.0377970E-02  -1.0243370E-02  -1.0272690E-02  -1.0631380E-02  -1.0749400E-02  -1.0933810E-02  -1.1222120E-02
 -1.1395450E-02  -1.1597430E-02  -1.1602450E-02  -1.1482910E-02  -1.1375410E-02  -1.1204220E-02  -1.1252100E-02  -1.1338370E-02  -1.1540520E-02  -1.1589030E-02
 -1.1702310E-02  -1.1859970E-02  -1.1497580E-02  -1.1158360E-02  -1.0898050E-02  -1.0797390E-02  -1.0834900E-02  -1.0831640E-02  -1.0962630E-02  -1.1158810E-02
 -1.1399060E-02  -1.1669080E-02  -1.1419940E-02  -1.1227820E-02  -1.1104210E-02  -1.0980630E-02  -1.1094770E-02  -1.1123160E-02  -1.1066710E-02  -1.0885400E-02
  4.9366000E-01   4.1529090E-01   3.7920010E-01   3.5275400E-01   3.3211250E-01   3.1564240E-01   3.0203480E-01   2.9064060E-01   2.8094500E-01   2.7252360E-01
  2.6513540E-01   2.5857380E-01   2.5278410E-01   2.4761660E-01   2.4300060E-01   2.3877440E-01   2.3498270E-01   2.3152120E-01   2.2835930E-01   2.2547560E-01
  2.2284370E-01   2.2041570E-01   2.1815870E-01   2.1608040E-01   2.1417570E-01   2.1240240E-01   2.1074770E-01   2.0920080E-01   2.0777220E-01   2.0644600E-01
  2.0518990E-01   2.0402660E-01   2.0294390E-01   2.0191910E-01   2.0096130E-01   2.0005820E-01   1.9921940E-01   1.9843130E-01   1.9768690E-01   1.9698500E-01
  1.9632520E-01   1.9570900E-01   1.9512590E-01   1.9457410E-01   1.9405760E-01   1.9357580E-01   1.9312090E-01   1.9269160E-01   1.9229090E-01   1.9191300E-01
  1.9155760E-01   1.9122360E-01   1.9091210E-01   1.9061900E-01   1.9033440E-01   1.9000800E-01   1.8966660E-01   1.8933170E-01   1.8901820E-01   1.8872600E-01
  1.8845620E-01   1.8820680E-01   1.8797680E-01   1.8776730E-01   1.8757560E-01   1.8739910E-01   1.8723910E-01   1.8709500E-01   1.8696360E-01   1.8684700E-01
  1.8674160E-01   1.8664950E-01   1.8656830E-01   1.8649820E-01   1.8643870E-01   1.8638880E-01   1.8634840E-01   1.8631740E-01   1.8629500E-01   1.8628110E-01
  1.8627510E-01   1.8627710E-01   1.8628610E-01   1.8630250E-01   1.8632550E-01   1.8635520E-01   1.8639070E-01   1.8643270E-01   1.8648010E-01   1.8653340E-01
  1.8659210E-01   1.8665540E-01   1.8672420E-01   1.8679760E-01   1.8687560E-01   1.8695830E-01   1.8704480E-01   1.8713590E-01   1.8723050E-01   1.8732920E-01
  1.8743110E-01   1.8753680E-01   1.8764590E-01   1.8775810E-01   1.8787330E-01   1.8799210E-01   1.8811310E-01   1.8823700E-01   1.8836360E-01   1.8849210E-01
  1.8862380E-01   1.8875700E-01   1.8889340E-01   1.8903110E-01   1.8917170E-01   1.8931350E-01   1.8945740E-01   1.8960390E-01   1.8975150E-01   1.8990170E-01
  1.9005320E-01   1.9020620E-01   1.9036090E-01   1.9051730E-01   1.9067430E-01   1.9083350E-01   1.9099390E-01   1.9115470E-01   1.9131740E-01   1.9148100E-01
  1.9164490E-01   1.9181020E-01   1.9197620E-01   1.9214210E-01   1.9230960E-01   1.9247770E-01   1.9264650E-01   1.9281570E-01   1.9298540E-01   1.9315580E-01
  1.9332740E-01   1.9349860E-01   1.9367070E-01   1.9384330E-01   1.9401630E-01   1.9418870E-01   1.9436270E-01   1.9453700E-01   1.9471090E-01   1.9488590E-01
  1.9506080E-01   1.9523640E-01   1.9541160E-01   1.9558790E-01   1.9576390E-01   1.9594000E-01   1.9611620E-01   1.9629280E-01   1.9647030E-01   1.9664770E-01
  1.9682610E-01   1.9700410E-01   1.9718290E-01   1.9736400E-01   1.9754640E-01   1.9773030E-01   1.9791560E-01   1.9810350E-01   1.9829320E-01   1.9848680E-01
  1.9868400E-01   1.9888600E-01   1.9909540E-01   1.9931290E-01   1.9953830E-01   1.9977250E-01   2.0001890E-01   2.0028230E-01   2.0056610E-01   2.0087090E-01
  2.0119800E-01   2.0155780E-01   2.0195900E-01   2.0241660E-01   2.0294050E-01   2.0355210E-01   2.0428050E-01   2.0516770E-01   2.0625020E-01   2.0756430E-01
  2.0911710E-01   2.1085600E-01   2.1270150E-01   2.1456760E-01   2.1634180E-01   2.1777840E-01   2.1909700E-01   2.2044940E-01   2.2230060E-01   2.3858470E-01
  2.8406160E-01   3.3739480E-01   3.4767560E-01   3.4952460E-01   3.5014160E-01   3.4830220E-01   3.4045940E-01   3.2910060E-01   3.1727580E-01   3.1258350E-01
  3.0990800E-01   3.0779210E-01   3.0900360E-01   3.0445800E-01   2.9865590E-01   2.9351450E-01   2.8925980E-01   2.8283750E-01   2.7891400E-01   2.8051340E-01
  2.8246060E-01   2.8155490E-01   2.7949430E-01   2.7544070E-01   2.7188500E-01   2.6995330E-01   2.6751740E-01   2.6482000E-01   2.6066790E-01   2.5891650E-01
  2.5490010E-01   2.5358030E-01   2.5269840E-01   2.5228970E-01   2.5329660E-01   2.5440550E-01   2.5447770E-01   2.5511690E-01   2.5503260E-01   2.5399630E-01
  2.5494590E-01   2.5803090E-01   2.5956460E-01   2.5878220E-01   2.5694930E-01   2.5717920E-01   2.5566100E-01   2.5314370E-01   2.5015240E-01   2.4954200E-01
  2.4703150E-01   2.4640040E-01   2.4549440E-01   2.4350200E-01   2.4248250E-01   2.4396900E-01   2.4668760E-01   2.4505340E-01   2.4303470E-01   2.4304710E-01
  2.4224120E-01   2.4093110E-01   2.3936250E-01   2.3875230E-01   2.3902540E-01   2.3772940E-01   2.3804830E-01   2.3610000E-01   2.3347940E-01   2.3123140E-01
  2.2862300E-01   2.2781980E-01   2.2653210E-01   2.2554800E-01   2.2617010E-01   2.2673510E-01   2.2764830E-01   2.2885150E-01   2.3241690E-01   2.3624220E-01
  2.4231510E-01   2.4547760E-01   2.4521660E-01   2.4419990E-01   2.4340030E-01   2.4154510E-01   2.4168570E-01   2.4033570E-01   2.4053250E-01   2.4338200E-01
  2.4397150E-01   2.4624800E-01   2.5002380E-01   2.5137020E-01   2.5213780E-01   2.5303490E-01   2.5170060E-01   2.4989580E-01   2.4544710E-01   2.4104030E-01
  2.3704610E-01   2.3433790E-01   2.3227670E-01   2.3007010E-01   2.2921150E-01   2.2995340E-01   2.3096710E-01   2.3114760E-01   2.3065990E-01   2.3230510E-01
  2.3529250E-01   2.3809880E-01   2.4049030E-01   2.4405850E-01   2.4818560E-01   2.5113880E-01   2.5271860E-01   2.5437100E-01   2.5396780E-01   2.5247160E-01
  2.5069010E-01   2.4909640E-01   2.4628500E-01   2.4355790E-01   2.4036290E-01   2.3733860E-01   2.3690080E-01   2.3825130E-01   2.3944890E-01   2.4175390E-01
  2.4431690E-01   2.4563320E-01   2.4621660E-01   2.4774870E-01   2.4748330E-01   2.4834100E-01   2.4950880E-01   2.5068830E-01   2.5387660E-01   2.5499320E-01
  2.5806180E-01   2.6049360E-01   2.5866810E-01   2.5777540E-01   2.5580260E-01   2.5495570E-01   2.5638130E-01   2.5961150E-01   2.6174670E-01   2.6257350E-01
  2.6430390E-01   2.6583390E-01   2.6667800E-01   2.6851710E-01   2.6997520E-01   2.7190650E-01   2.7140950E-01   2.6909940E-01   2.6706490E-01   2.6400550E-01
  2.6308940E-01   2.6221470E-01   2.6169200E-01   2.6296480E-01   2.6372510E-01   2.6294410E-01   2.6351370E-01   2.6382990E-01   2.6395790E-01   2.6317100E-01
  2.6255110E-01   2.6284370E-01   2.6468010E-01   2.6867490E-01   2.7233910E-01   2.7531280E-01   2.7476010E-01   2.7831530E-01   2.8161170E-01   2.8061940E-01
  2.7792890E-01   2.7406990E-01   2.7162760E-01   2.7238680E-01   2.7491270E-01   2.7545730E-01   2.7418480E-01   2.7327350E-01   2.7407100E-01   2.7511000E-01
  2.7786440E-01   2.7865770E-01   2.7891120E-01   2.7801500E-01   2.7602770E-01   2.7576280E-01   2.7608450E-01   2.7513980E-01   2.7517220E-01   2.7632180E-01
  2.7669260E-01   2.7792320E-01   2.7794680E-01   2.7926590E-01   2.7779380E-01   2.7730390E-01   2.7435190E-01   2.7164410E-01   2.7204340E-01   2.7432890E-01
  2.7169780E-01   2.6744190E-01   2.6558790E-01   2.6504780E-01   2.6698590E-01   2.6938100E-01   2.7070260E-01   2.6980250E-01   2.7127830E-01   2.7351330E-01
  2.7456210E-01   2.7648290E-01   2.7657800E-01   2.7183980E-01   2.6737120E-01   2.6435590E-01   2.6262060E-01   2.6120360E-01   2.5934520E-01   2.5707050E-01
  2.5595050E-01   2.5795180E-01   2.6140690E-01   2.6577730E-01   2.6797580E-01   2.7114110E-01   2.7309060E-01   2.7633320E-01   2.7782730E-01   2.7555260E-01
  2.7538560E-01   2.7661490E-01   2.7762980E-01   2.7648520E-01   2.7698490E-01   2.7737070E-01   2.7752030E-01   2.7648150E-01   2.7579110E-01   2.7745500E-01
  2.8197150E-01   2.8521630E-01   2.8953570E-01   2.8861900E-01   2.8501720E-01   2.8473290E-01   2.8759900E-01   2.8915500E-01   2.8916890E-01   2.9213280E-01
  2.9320110E-01   2.9370440E-01   2.9104180E-01   2.8822750E-01   2.8519140E-01   2.8588590E-01   2.9198200E-01   2.9699750E-01   2.9411210E-01   2.9075000E-01
  2.8643470E-01   2.8258370E-01   2.8342190E-01   2.8184910E-01   2.8213110E-01   2.8352180E-01   2.8388630E-01   2.8148130E-01   2.8191370E-01   2.8316550E-01
  2.8549730E-01   2.8883460E-01   2.8798330E-01   2.8643520E-01   2.8959690E-01   2.9095330E-01   2.8860440E-01   2.8511760E-01   2.8339220E-01   2.8497040E-01
  2.8554750E-01   2.8468070E-01   2.8573860E-01   2.8340380E-01   2.7924100E-01   2.7656900E-01   2.7661630E-01   2.7469560E-01   2.7460460E-01   2.7333550E-01
  2.7165770E-01   2.7252810E-01   2.7421070E-01   2.7622420E-01   2.7424240E-01   2.7433260E-01   2.7921420E-01   2.8090590E-01   2.8289270E-01   2.8753320E-01
  2.8983580E-01   2.9232640E-01   2.9274220E-01   2.9256900E-01   2.9053790E-01   2.8956700E-01   2.8951490E-01   2.9114120E-01   2.9301940E-01   2.9316240E-01
  2.9515900E-01   2.9821870E-01   2.9320530E-01   2.8882490E-01   2.8603590E-01   2.8330820E-01   2.8360690E-01   2.8253190E-01   2.8339060E-01   2.8469930E-01
  2.8863200E-01   2.9215330E-01   2.9013690E-01   2.8683350E-01   2.8416990E-01   2.8165130E-01   2.8238460E-01   2.8258670E-01   2.8270640E-01   2.8071590E-01
  9.2790890E+04   3.8492130E+04   2.1306910E+04   1.3107640E+04   8.6009920E+03   6.0096190E+03   4.4301690E+03   3.4204660E+03   2.7416110E+03   2.2602510E+03
  1.9066770E+03   1.6376170E+03   1.4303700E+03   1.2656310E+03   1.1329750E+03   1.0224780E+03   9.3139400E+02   8.5432160E+02   7.8857240E+02   7.3220270E+02
  6.8354010E+02   6.4081000E+02   6.0288370E+02   5.6945030E+02   5.3986690E+02   5.1334640E+02   4.8929880E+02   4.6753090E+02   4.4789050E+02   4.3014700E+02
  4.1364310E+02   3.9870750E+02   3.8499460E+02   3.7226260E+02   3.6047610E+02   3.4953620E+02   3.3943990E+02   3.3003460E+02   3.2125160E+02   3.1297700E+02
  3.0522470E+02   2.9798460E+02   2.9113720E+02   2.8465500E+02   2.7857650E+02   2.7288520E+02   2.6748650E+02   2.6235840E+02   2.5753420E+02   2.5294430E+02
  2.4858230E+02   2.4441430E+02   2.4046880E+02   2.3669280E+02   2.3311290E+02   2.2965750E+02   2.2631490E+02   2.2307220E+02   2.1999580E+02   2.1703070E+02
  2.1419770E+02   2.1149150E+02   2.0888180E+02   2.0640410E+02   2.0403460E+02   2.0173660E+02   1.9954740E+02   1.9745060E+02   1.9541650E+02   1.9348470E+02
  1.9159680E+02   1.8980660E+02   1.8806570E+02   1.8639760E+02   1.8478850E+02   1.8323310E+02   1.8173060E+02   1.8028930E+02   1.7888920E+02   1.7754290E+02
  1.7623640E+02   1.7497740E+02   1.7375460E+02   1.7257660E+02   1.7142810E+02   1.7032230E+02   1.6925040E+02   1.6821190E+02   1.6720270E+02   1.6622710E+02
  1.6528070E+02   1.6436300E+02   1.6347370E+02   1.6260440E+02   1.6176870E+02   1.6094850E+02   1.6016250E+02   1.5939490E+02   1.5864530E+02   1.5792200E+02
  1.5722310E+02   1.5653490E+02   1.5587190E+02   1.5522180E+02   1.5459680E+02   1.5398500E+02   1.5338660E+02   1.5280940E+02   1.5224740E+02   1.5169680E+02
  1.5116320E+02   1.5064610E+02   1.5013370E+02   1.4964250E+02   1.4916100E+02   1.4869400E+02   1.4823370E+02   1.4778780E+02   1.4735510E+02   1.4693090E+02
  1.4651430E+02   1.4611230E+02   1.4572000E+02   1.4533310E+02   1.4496160E+02   1.4459700E+02   1.4423720E+02   1.4389190E+02   1.4355280E+02   1.4322170E+02
  1.4289620E+02   1.4258050E+02   1.4227200E+02   1.4196880E+02   1.4167500E+02   1.4138790E+02   1.4110720E+02   1.4082980E+02   1.4056260E+02   1.4030130E+02
  1.4004480E+02   1.3979200E+02   1.3954780E+02   1.3930890E+02   1.3907530E+02   1.3884660E+02   1.3862170E+02   1.3840330E+02   1.3819050E+02   1.3798140E+02
  1.3777450E+02   1.3757480E+02   1.3738010E+02   1.3718850E+02   1.3699840E+02   1.3681460E+02   1.3663410E+02   1.3645720E+02   1.3628120E+02   1.3611210E+02
  1.3594510E+02   1.3578160E+02   1.3562130E+02   1.3546180E+02   1.3530870E+02   1.3515860E+02   1.3501100E+02   1.3486370E+02   1.3472300E+02   1.3458430E+02
  1.3444820E+02   1.3431310E+02   1.3418470E+02   1.3406020E+02   1.3393800E+02   1.3381530E+02   1.3369810E+02   1.3358630E+02   1.3347740E+02   1.3337410E+02
  1.3327350E+02   1.3317830E+02   1.3309330E+02   1.3302990E+02   1.3299520E+02   1.3300320E+02   1.3307280E+02   1.3323400E+02   1.3350540E+02   1.3388730E+02
  1.3433960E+02   1.3475980E+02   1.3502370E+02   1.3502870E+02   1.3465930E+02   1.3365860E+02   1.3233570E+02   1.3088320E+02   1.2951910E+02   1.3697360E+02
  1.6600210E+02   2.1013460E+02   2.2148230E+02   2.2257640E+02   2.2478570E+02   2.2560120E+02   2.1963360E+02   2.1048050E+02   1.9789460E+02   1.9236100E+02
  1.8760440E+02   1.8433610E+02   1.8635180E+02   1.8408840E+02   1.7960500E+02   1.7526470E+02   1.7157300E+02   1.6553370E+02   1.6277150E+02   1.6362940E+02
  1.6411160E+02   1.6306250E+02   1.6204430E+02   1.5919830E+02   1.5585040E+02   1.5441030E+02   1.5172960E+02   1.5055620E+02   1.4785750E+02   1.4675040E+02
  1.4293340E+02   1.4174910E+02   1.4039470E+02   1.4007780E+02   1.4135540E+02   1.4222220E+02   1.4198760E+02   1.4280450E+02   1.4358810E+02   1.4263110E+02
  1.4377600E+02   1.4646100E+02   1.4761280E+02   1.4628620E+02   1.4443230E+02   1.4382450E+02   1.4221500E+02   1.4028790E+02   1.3771560E+02   1.3778390E+02
  1.3565330E+02   1.3538410E+02   1.3502750E+02   1.3305490E+02   1.3151690E+02   1.3248570E+02   1.3440170E+02   1.3339910E+02   1.3177510E+02   1.3166130E+02
  1.3105840E+02   1.3047590E+02   1.2929870E+02   1.2884850E+02   1.2884360E+02   1.2761270E+02   1.2773880E+02   1.2627950E+02   1.2450710E+02   1.2303770E+02
  1.2156640E+02   1.2112790E+02   1.1982340E+02   1.1873460E+02   1.1896740E+02   1.1920890E+02   1.1952490E+02   1.2068300E+02   1.2314920E+02   1.2574320E+02
  1.3138750E+02   1.3381680E+02   1.3379280E+02   1.3353510E+02   1.3264490E+02   1.3162220E+02   1.3141970E+02   1.2962070E+02   1.2987610E+02   1.3219270E+02
  1.3203880E+02   1.3333310E+02   1.3570060E+02   1.3578260E+02   1.3609560E+02   1.3778400E+02   1.3675410E+02   1.3462620E+02   1.3110650E+02   1.2800330E+02
  1.2541900E+02   1.2311570E+02   1.2141890E+02   1.2012390E+02   1.1956160E+02   1.2027200E+02   1.2116140E+02   1.2109550E+02   1.2052250E+02   1.2172310E+02
  1.2384660E+02   1.2609370E+02   1.2784630E+02   1.2948690E+02   1.3269320E+02   1.3492250E+02   1.3612610E+02   1.3748280E+02   1.3856680E+02   1.3711810E+02
  1.3586400E+02   1.3485930E+02   1.3287380E+02   1.3080370E+02   1.2800390E+02   1.2540540E+02   1.2444610E+02   1.2500730E+02   1.2520340E+02   1.2624560E+02
  1.2738130E+02   1.2790790E+02   1.2871630E+02   1.2990980E+02   1.2942330E+02   1.3038430E+02   1.3101100E+02   1.3188300E+02   1.3420370E+02   1.3526560E+02
  1.3771590E+02   1.3999340E+02   1.3904640E+02   1.3876370E+02   1.3683490E+02   1.3542990E+02   1.3557910E+02   1.3703000E+02   1.3799590E+02   1.3774040E+02
  1.3837330E+02   1.3922870E+02   1.3967030E+02   1.4171850E+02   1.4152420E+02   1.4366180E+02   1.4388540E+02   1.4235520E+02   1.4089790E+02   1.3906360E+02
  1.3834920E+02   1.3803540E+02   1.3799400E+02   1.3952430E+02   1.3980290E+02   1.3958220E+02   1.4042900E+02   1.4010690E+02   1.4111890E+02   1.4066420E+02
  1.3970520E+02   1.3955650E+02   1.4042290E+02   1.4259230E+02   1.4526040E+02   1.4724970E+02   1.4613720E+02   1.4844900E+02   1.5129620E+02   1.5118070E+02
  1.4976330E+02   1.4651780E+02   1.4474550E+02   1.4459100E+02   1.4679830E+02   1.4713990E+02   1.4627790E+02   1.4599800E+02   1.4655810E+02   1.4694680E+02
  1.4791060E+02   1.4815140E+02   1.4753910E+02   1.4781560E+02   1.4725920E+02   1.4695360E+02   1.4759280E+02   1.4685440E+02   1.4642310E+02   1.4615240E+02
  1.4719570E+02   1.4750400E+02   1.4794880E+02   1.4965150E+02   1.4857250E+02   1.4858640E+02   1.4694970E+02   1.4457480E+02   1.4468330E+02   1.4591730E+02
  1.4394810E+02   1.4014370E+02   1.3871690E+02   1.3807770E+02   1.3977180E+02   1.4200350E+02   1.4278160E+02   1.4321440E+02   1.4454500E+02   1.4597410E+02
  1.4691790E+02   1.4872880E+02   1.4944420E+02   1.4584710E+02   1.4276520E+02   1.4118810E+02   1.3996260E+02   1.3874920E+02   1.3706740E+02   1.3571310E+02
  1.3385560E+02   1.3485100E+02   1.3631480E+02   1.3913610E+02   1.4071740E+02   1.4243980E+02   1.4396580E+02   1.4621980E+02   1.4787890E+02   1.4671090E+02
  1.4633800E+02   1.4655190E+02   1.4682050E+02   1.4660900E+02   1.4702350E+02   1.4730380E+02   1.4792280E+02   1.4684050E+02   1.4570750E+02   1.4571580E+02
  1.4776070E+02   1.5026040E+02   1.5351160E+02   1.5292990E+02   1.4955220E+02   1.4974300E+02   1.5093080E+02   1.5137020E+02   1.5126850E+02   1.5362570E+02
  1.5384540E+02   1.5432640E+02   1.5181020E+02   1.4958080E+02   1.4660670E+02   1.4583780E+02   1.4990310E+02   1.5477550E+02   1.5284590E+02   1.5021380E+02
  1.4692450E+02   1.4386030E+02   1.4485140E+02   1.4351470E+02   1.4222060E+02   1.4316760E+02   1.4257260E+02   1.4073260E+02   1.4155530E+02   1.4239680E+02
  1.4420370E+02   1.4637010E+02   1.4571490E+02   1.4444410E+02   1.4707940E+02   1.4912910E+02   1.4827270E+02   1.4576670E+02   1.4470120E+02   1.4620670E+02
  1.4503680E+02   1.4386810E+02   1.4535900E+02   1.4396810E+02   1.4145050E+02   1.3949890E+02   1.3919850E+02   1.3740560E+02   1.3757930E+02   1.3685990E+02
  1.3514870E+02   1.3574110E+02   1.3657240E+02   1.3759550E+02   1.3620320E+02   1.3630530E+02   1.3930140E+02   1.3969300E+02   1.4063180E+02   1.4378240E+02
  1.4477550E+02   1.4609550E+02   1.4667440E+02   1.4798560E+02   1.4637960E+02   1.4697040E+02   1.4628060E+02   1.4814000E+02   1.4810270E+02   1.4745910E+02
  1.4922730E+02   1.5213490E+02   1.4875530E+02   1.4656350E+02   1.4539110E+02   1.4264000E+02   1.4280640E+02   1.4138000E+02   1.4097530E+02   1.4049250E+02
  1.4341580E+02   1.4526800E+02   1.4468610E+02   1.4219870E+02   1.3995520E+02   1.3764560E+02   1.3742220E+02   1.3739950E+02   1.3839360E+02   1.3766590E+02
  2.1421810E-01   3.9585350E-01   3.9722410E-01   4.1582530E-01   4.3089390E-01   4.1547630E-01   3.8814210E-01   3.3702150E-01   3.0116170E-01   2.8635140E-01
  2.4370820E-01   2.3640630E-01   2.4719150E-01   2.1833170E-01   1.8262950E-01   1.6269640E-01   1.8060560E-01   1.5135980E-01   1.4913060E-01   1.4144970E-01
  1.5589250E-01   1.5023870E-01   1.5005990E-01   1.4114970E-01   1.2581220E-01   1.2312440E-01   1.0629330E-01   1.2652030E-01   1.3728570E-01   1.5750480E-01
  1.5084450E-01   1.4662820E-01   1.4240220E-01   1.2464830E-01   1.1266490E-01   1.1314200E-01   1.2677970E-01   1.2044470E-01   1.1119440E-01   1.1510670E-01
  1.0535710E-01   1.0978000E-01   9.3504600E-02   8.3921680E-02   8.2960200E-02   8.5193100E-02   8.2930240E-02   7.7036980E-02   7.9396890E-02   8.2092680E-02
  7.5108840E-02   7.4395060E-02   8.7353850E-02   7.6544080E-02   7.1428290E-02   7.5857400E-02   7.7571380E-02   8.0436200E-02   8.6222700E-02   6.3367810E-02
  6.3638500E-02   7.0528390E-02   7.8910810E-02   8.6254250E-02   7.0831770E-02   6.2426500E-02   6.5799360E-02   6.2801650E-02   6.8408380E-02   6.2952440E-02
  5.5378480E-02   6.6481680E-02   7.0262740E-02   6.7493830E-02   6.6916150E-02   7.0554510E-02   6.5142190E-02   6.7478100E-02   6.6536300E-02   7.3495850E-02
  6.4074180E-02   6.7388310E-02   6.6476170E-02   6.1643980E-02   6.4016400E-02   6.6347850E-02   5.8490500E-02   5.9940710E-02   6.0950930E-02   7.3918160E-02
  7.6891000E-02   6.8981100E-02   6.1468600E-02   5.0466980E-02   4.9568970E-02   6.2957640E-02   6.0015410E-02   5.3237060E-02   4.8038130E-02   5.0314050E-02
  5.7326660E-02   5.6196470E-02   5.2975670E-02   5.6967920E-02   4.9677330E-02   4.8415680E-02   4.8204570E-02   4.2956920E-02   4.8335990E-02   4.8753580E-02
  5.2205780E-02   5.1406990E-02   4.0598510E-02   3.6157170E-02   3.1435620E-02   3.1021790E-02   3.5197910E-02   3.2054300E-02   2.6687250E-02   2.5670850E-02
  2.6586400E-02   2.2763040E-02   2.5834590E-02   2.5457700E-02   2.2546670E-02   2.5011170E-02   2.3190350E-02   2.2226000E-02   2.5583640E-02   2.4639780E-02
  2.2861500E-02   2.4927730E-02   2.0219100E-02   2.2266650E-02   2.3819890E-02   2.1869430E-02   2.3439500E-02   2.4746340E-02   2.2696770E-02   2.2820060E-02
  2.2437160E-02   2.1124680E-02   2.4411530E-02   2.4025470E-02   1.9518120E-02   2.4567270E-02   1.9390620E-02   2.2266490E-02   2.2555060E-02   2.5518510E-02
  2.4247530E-02   2.4352580E-02   2.6644090E-02   2.7637220E-02   2.9784390E-02   2.7910810E-02   3.1712890E-02   3.2013320E-02   2.9575110E-02   3.9544200E-02
  3.5242560E-02   4.1118180E-02   3.9774500E-02   4.2515690E-02   4.8534410E-02   5.0363840E-02   5.4064390E-02   5.7434920E-02   6.5982860E-02   7.0903320E-02
  7.6812470E-02   8.2346700E-02   9.0067250E-02   1.0037170E-01   1.0766210E-01   1.1891420E-01   1.3202320E-01   1.4565130E-01   1.6003940E-01   1.7423980E-01
  1.9330000E-01   2.1600150E-01   2.4007230E-01   2.6073420E-01   2.9126930E-01   3.2116170E-01   3.5893100E-01   3.9420050E-01   4.4693690E-01   4.9778680E-01
  5.5900710E-01   7.0980030E-01   1.0124010E+00   1.0507170E+00   1.1688110E+00   1.2469040E+00   1.1092410E+00   1.1519420E+00   2.0336850E+00   2.6800980E+00
  2.7675560E+00   1.9664910E+00   1.6709790E+00   1.4725420E+00   1.5070480E+00   1.4334530E+00   1.4568520E+00   1.5106740E+00   1.2609990E+00   1.2975340E+00
  1.1639190E+00   1.1545500E+00   1.2243320E+00   1.2340450E+00   1.0344690E+00   1.3489840E+00   9.6285630E-01   8.5085040E-01   1.0388410E+00   8.9620130E-01
  1.1432710E+00   1.2048060E+00   9.3486640E-01   8.9808700E-01   8.9744140E-01   7.9081920E-01   8.1878580E-01   6.5556930E-01   9.9461360E-01   7.3592280E-01
  8.4242370E-01   7.3535140E-01   8.8357710E-01   7.8193290E-01   7.1412140E-01   7.0260080E-01   7.9871750E-01   8.9459600E-01   7.1687950E-01   7.4448930E-01
  8.7825990E-01   7.4645800E-01   9.4618430E-01   1.0282830E+00   8.9469140E-01   7.2242850E-01   7.4620270E-01   7.6921920E-01   7.0962430E-01   7.5857110E-01
  7.6519350E-01   7.3523220E-01   7.8751420E-01   7.7722820E-01   6.2994370E-01   6.8137550E-01   6.0779610E-01   6.6552210E-01   7.0800240E-01   7.1582350E-01
  7.3182140E-01   8.2364370E-01   6.9177640E-01   5.8932870E-01   8.2444500E-01   6.3580520E-01   7.0941030E-01   6.2953030E-01   6.3616620E-01   5.8870230E-01
  6.2912710E-01   5.5401950E-01   7.1715910E-01   7.9708570E-01   5.6660820E-01   5.4779590E-01   6.4233310E-01   5.9572240E-01   7.0849160E-01   6.9406120E-01
  9.1028270E-01   7.0171710E-01   6.5160620E-01   6.7749230E-01   6.5713170E-01   7.3948110E-01   6.4995650E-01   7.1902550E-01   6.7269430E-01   6.9455230E-01
  8.3710470E-01   9.3096930E-01   8.7971160E-01   8.4066230E-01   8.2609600E-01   7.3125760E-01   7.2066300E-01   7.1866630E-01   7.2195200E-01   6.3274110E-01
  6.0880920E-01   5.3175730E-01   5.5283850E-01   6.8982570E-01   6.1255910E-01   6.2371340E-01   6.7348840E-01   6.7472260E-01   5.4584160E-01   5.7139780E-01
  7.3140930E-01   8.7213090E-01   7.4969650E-01   9.0383930E-01   9.5818220E-01   8.2231480E-01   7.3644600E-01   7.6282570E-01   7.5465080E-01   6.5613790E-01
  6.9003710E-01   6.8340540E-01   6.8035020E-01   6.8027420E-01   7.5583550E-01   6.9211350E-01   7.2704220E-01   8.0801020E-01   7.4745260E-01   7.6466120E-01
  6.2879780E-01   6.7389410E-01   6.6127110E-01   6.6802490E-01   6.8116420E-01   6.6946950E-01   8.5411880E-01   7.9058020E-01   8.0733470E-01   9.8168990E-01
  1.2106140E+00   7.4430660E-01   7.7837790E-01   7.7526070E-01   8.5456720E-01   7.8463330E-01   9.6636350E-01   8.3748340E-01   8.1588640E-01   9.2429540E-01
  8.9542550E-01   8.0808080E-01   1.0023970E+00   1.0310850E+00   9.4061420E-01   8.6003490E-01   8.6136180E-01   7.6819660E-01   6.5030180E-01   6.9909380E-01
  7.6789770E-01   7.5836540E-01   7.6525270E-01   1.0987430E+00   7.1093750E-01   9.4671990E-01   8.9239600E-01   8.2953000E-01   7.4055940E-01   8.7498870E-01
  6.7112470E-01   8.1104280E-01   9.1651340E-01   7.5688240E-01   8.7526450E-01   8.0721610E-01   9.0657020E-01   9.3117270E-01   8.6838590E-01   8.4375750E-01
  7.8855160E-01   7.6993920E-01   8.8172040E-01   8.4947040E-01   7.7029100E-01   1.0064540E+00   9.0227200E-01   7.7604370E-01   8.1686790E-01   1.0770470E+00
  1.1577870E+00   9.0394270E-01   8.5292090E-01   9.2149850E-01   8.1476400E-01   7.7446400E-01   8.2626080E-01   1.0596600E+00   8.4055090E-01   8.7976510E-01
  1.1045160E+00   7.8337140E-01   7.8602820E-01   7.8900550E-01   7.5450680E-01   1.1468970E+00   6.5639930E-01   7.2232290E-01   8.1344680E-01   8.3100890E-01
  9.4623560E-01   8.0109340E-01   7.9412520E-01   8.5708500E-01   7.6305860E-01   7.3798330E-01   8.4874760E-01   7.6182790E-01   8.5491400E-01   7.6989130E-01
  7.8334920E-01   7.7403220E-01   6.9678880E-01   8.1699340E-01   7.1756630E-01   7.6727670E-01   8.1387400E-01   6.1264980E-01   7.1228760E-01   7.4983490E-01
  9.5827150E-01   9.4156070E-01   7.9499940E-01   8.4769830E-01   7.9408710E-01   8.5546580E-01   8.9295510E-01   1.1341230E+00   8.6765330E-01   8.2633110E-01
  9.4361910E-01   8.8461550E-01   1.0080580E+00   9.0613590E-01   9.4774320E-01   9.0834380E-01   8.1967560E-01   1.1264570E+00   1.0578900E+00   1.1617130E+00
  1.1979580E+00   1.0354500E+00   9.0562460E-01   1.0509440E+00   8.4068240E-01   8.9121410E-01   9.7442350E-01   1.1837710E+00   1.0509270E+00   9.2522550E-01
  1.0239600E+00   1.0526110E+00   1.0636470E+00   8.9607120E-01   9.6759000E-01   1.0404730E+00   1.1185060E+00   9.8425760E-01   1.0052980E+00   1.0309950E+00
  9.5002190E-01   8.8628090E-01   7.8788860E-01   8.4447080E-01   9.5625370E-01   9.6666730E-01   8.2713160E-01   9.4229280E-01   8.1134300E-01   1.1695260E+00
  9.9749130E-01   8.3683600E-01   9.5168750E-01   9.4069900E-01   9.9317210E-01   8.9056730E-01   1.0880750E+00   1.0354050E+00   1.0353520E+00   8.6954090E-01
  8.6335010E-01   8.6545630E-01   8.2592320E-01   7.7564300E-01   8.1092300E-01   8.2507770E-01   8.4302480E-01   9.5918370E-01   8.2460120E-01   8.3009440E-01
  9.3081350E-01   9.7678880E-01   8.9727170E-01   8.7205400E-01   8.5294670E-01   1.0838410E+00   9.5034300E-01   1.0152240E+00   9.1032310E-01   1.1932770E+00
  9.4562030E-01   1.0619380E+00   7.4931620E-01   8.3315860E-01   1.0537050E+00   1.2349130E+00   8.9976080E-01   8.3702860E-01   9.7887320E-01   9.2887310E-01
  8.7284920E-01   1.0399200E+00   9.9118330E-01   9.9742100E-01   8.7928170E-01   9.9572860E-01   1.0949090E+00   1.0627870E+00   1.1130350E+00   1.1052940E+00
  1.2338620E+00   1.0145600E+00   1.0062540E+00   9.6235030E-01   8.9807470E-01   1.0036910E+00   9.6863470E-01   9.6407940E-01   8.2355750E-01   7.4440370E-01
