D9 MACVEAN 053/14 Met Office 6.25m run, backscatter and TVD on.
          81
 -3.1250000E+00   3.1250000E+00   9.3750000E+00   1.5625000E+01   2.1875000E+01   2.8125000E+01   3.4375000E+01   4.0625000E+01   4.6875000E+01   5.3125000E+01
  5.9375000E+01   6.5625000E+01   7.1875000E+01   7.8125000E+01   8.4375000E+01   9.0625000E+01   9.6875000E+01   1.0312500E+02   1.0937500E+02   1.1562500E+02
  1.2187500E+02   1.2812500E+02   1.3437500E+02   1.4062500E+02   1.4687500E+02   1.5312500E+02   1.5937500E+02   1.6562500E+02   1.7187500E+02   1.7812500E+02
  1.8437500E+02   1.9062500E+02   1.9687500E+02   2.0312500E+02   2.0937500E+02   2.1562500E+02   2.2187500E+02   2.2812500E+02   2.3437500E+02   2.4062500E+02
  2.4687500E+02   2.5312500E+02   2.5937500E+02   2.6562500E+02   2.7187500E+02   2.7812500E+02   2.8437500E+02   2.9062500E+02   2.9687500E+02   3.0312500E+02
  3.0937500E+02   3.1562500E+02   3.2187500E+02   3.2812500E+02   3.3437500E+02   3.4062500E+02   3.4687500E+02   3.5312500E+02   3.5937500E+02   3.6562500E+02
  3.7187500E+02   3.7812500E+02   3.8437500E+02   3.9062500E+02   3.9687500E+02   4.0312500E+02   4.0937500E+02   4.1562500E+02   4.2187500E+02   4.2812500E+02
  4.3437500E+02   4.4062500E+02   4.4687500E+02   4.5312500E+02   4.5937500E+02   4.6562500E+02   4.7187500E+02   4.7812500E+02   4.8437500E+02   4.9062500E+02
  4.9687500E+02
  0.0000000E+00   2.0628539E-03   4.5592780E-03   2.9864761E-03   2.6333858E-03   2.2996094E-03   2.0455515E-03   1.8211405E-03   1.6266383E-03   1.4678888E-03
  1.3296555E-03   1.1988160E-03   1.0799436E-03   9.8222471E-04   8.9365058E-04   8.0583547E-04   7.2538084E-04   6.5217039E-04   5.8250740E-04   5.1543501E-04
  4.5511470E-04   4.0092910E-04   3.5329341E-04   3.1166145E-04   2.7093518E-04   2.3717346E-04   2.0473686E-04   1.7491665E-04   1.4633223E-04   1.2345267E-04
  9.6959862E-05   7.9148704E-05   6.2461433E-05   5.1532174E-05   4.1644831E-05   3.4429675E-05   2.8776407E-05   2.3723876E-05   2.0449561E-05   1.6335252E-05
  1.3200838E-05   1.1647791E-05   9.6377453E-06   7.7565928E-06   5.8036894E-06   4.6686091E-06   3.4642601E-06   3.2993310E-06   3.0508966E-06   1.1227768E-06
  8.6126505E-08  -1.8036051E-08  -2.5245204E-09  -1.4219251E-09  -9.1360841E-10  -6.2990080E-10  -4.2890924E-10  -2.1316808E-11   1.1295972E-09   3.0164367E-09
  7.8692404E-09   1.4791507E-08   1.6877383E-08   1.4030021E-08   1.0376413E-08   6.8982717E-09   3.7645713E-09   1.2799677E-09  -4.5011245E-10  -1.4721471E-09
 -1.9219093E-09  -1.9554487E-09  -1.7219073E-09  -1.3517450E-09  -9.5130814E-10  -5.9592270E-10  -3.2558664E-10  -1.4893939E-10  -5.2313320E-11  -1.1091066E-11
  0.0000000E+00
  0.0000000E+00   2.9636726E-02   3.3820702E-03   1.5242726E-03   1.1683555E-03   9.2064182E-04   7.6146540E-04   6.4348232E-04   5.5950531E-04   4.9807579E-04
  4.4792215E-04   4.0546694E-04   3.7201290E-04   3.4826284E-04   3.2869171E-04   3.1064960E-04   2.9020433E-04   2.6858971E-04   2.4703733E-04   2.2452466E-04
  2.0173621E-04   1.7796400E-04   1.5503692E-04   1.3345543E-04   1.1233597E-04   9.2420705E-05   7.3557996E-05   5.6782963E-05   4.0479132E-05   2.7211769E-05
  1.7840026E-05   1.0359102E-05   6.3927964E-06   4.1981807E-06   2.7879782E-06   2.0539164E-06   1.4808169E-06   1.1848795E-06   1.0084807E-06   7.8403002E-07
  6.9045399E-07   6.3147388E-07   5.4082096E-07   3.7576126E-07   2.0909926E-07   1.4463873E-07   8.4931777E-08   9.0779359E-08   7.8675633E-08   2.0708482E-08
  1.1758666E-09   0.0000000E+00   0.0000000E+00   0.0000000E+00   0.0000000E+00   0.0000000E+00   0.0000000E+00   0.0000000E+00   0.0000000E+00   0.0000000E+00
  0.0000000E+00   0.0000000E+00   0.0000000E+00   0.0000000E+00   0.0000000E+00   0.0000000E+00   0.0000000E+00   0.0000000E+00   0.0000000E+00   0.0000000E+00
  0.0000000E+00   0.0000000E+00   0.0000000E+00   0.0000000E+00   0.0000000E+00   0.0000000E+00   0.0000000E+00   0.0000000E+00   0.0000000E+00   0.0000000E+00
  0.0000000E+00
  0.0000000E+00  -1.0749194E-04  -2.2265683E-04  -2.2686298E-04  -2.2202698E-04  -2.1896622E-04  -2.1438597E-04  -2.0776820E-04  -1.9979160E-04  -1.9062623E-04
 -1.8063757E-04  -1.7034874E-04  -1.5956486E-04  -1.4800081E-04  -1.3605677E-04  -1.2445642E-04  -1.1351473E-04  -1.0312579E-04  -9.3248047E-05  -8.4048967E-05
 -7.5539196E-05  -6.7792884E-05  -6.0755709E-05  -5.4076063E-05  -4.7513393E-05  -4.1468633E-05  -3.6222595E-05  -3.1366297E-05  -2.7163704E-05  -2.3819244E-05
 -2.1048420E-05  -1.8623410E-05  -1.6309687E-05  -1.4183112E-05  -1.2178612E-05  -1.0249685E-05  -8.4878657E-06  -6.9441867E-06  -5.7733082E-06  -4.9212535E-06
 -4.1182593E-06  -3.4552170E-06  -2.9476664E-06  -2.4791948E-06  -2.0336640E-06  -1.6592587E-06  -1.3927294E-06  -1.1282109E-06  -8.1432938E-07  -4.4341419E-07
 -1.5511515E-07  -3.5779227E-08  -8.1045952E-09  -4.9736379E-09  -1.5327142E-10   3.0737353E-09   2.0069630E-09  -1.4980255E-09  -3.3954450E-09  -1.4538576E-09
 -5.2469877E-09  -3.4103252E-08  -8.7989086E-08  -1.4505051E-07  -1.9167889E-07  -2.2571429E-07  -2.4679139E-07  -2.5581519E-07  -2.5451496E-07  -2.4462710E-07
 -2.2751890E-07  -2.0461509E-07  -1.7750132E-07  -1.4785758E-07  -1.1741054E-07  -8.7904120E-08  -6.0968141E-08  -3.7981923E-08  -2.0001032E-08  -7.7280538E-09
 -1.5421850E-09
  0.0000000E+00   9.2687935E-04  -8.8194141E-04  -7.9717109E-05  -9.0163994E-05  -5.5711149E-05  -4.4558052E-05  -1.5272755E-05  -5.8934029E-07  -8.3259947E-06
 -5.9416179E-06   3.4670770E-06   2.2644537E-05   2.0305497E-05   1.6259746E-05   1.9773957E-05   2.2901197E-05   1.6906481E-05   1.2763977E-05   1.0102729E-05
  1.1003474E-05   9.0887579E-06   7.8436096E-06   6.3404650E-06   6.8343979E-06   4.7945114E-06   3.2112903E-06   3.0747085E-06   3.5248752E-06   2.8937725E-06
  6.1662440E-06   3.5261723E-06   4.6882183E-06   4.2328957E-06   4.0056780E-06   3.8851181E-06   2.7081653E-06   2.1588635E-06   1.1407122E-06   1.4776836E-06
  1.5297828E-06   1.0814363E-06   1.1478882E-06   1.0212256E-06   8.9122273E-07   7.7113066E-07   8.0714500E-07   2.4715260E-07   2.0602394E-07   7.8407339E-07
  4.3751243E-07   6.1446016E-08  -8.9654337E-09  -6.4509935E-09  -1.0651921E-08  -1.4216667E-08  -1.0850524E-08  -5.5273235E-09  -5.8264651E-09  -1.4360586E-08
 -2.2079099E-08   3.1615134E-08   1.5276176E-07   2.7883809E-07   3.8675395E-07   4.7132031E-07   5.3157845E-07   5.6880032E-07   5.8678125E-07   5.8954549E-07
  5.8053962E-07   5.6276963E-07   5.3887072E-07   5.1121094E-07   4.8202583E-07   4.5352030E-07   4.2781176E-07   4.0686956E-07   3.9248891E-07   3.8629270E-07
  3.8978089E-07
  0.0000000E+00   3.4451455E-02   9.2969146E-03   7.1409815E-03   6.3051302E-03   5.4922448E-03   4.8037390E-03   4.2246515E-03   3.7297169E-03   3.2947152E-03
  2.9082699E-03   2.5861121E-03   2.3064697E-03   2.0688409E-03   1.8526326E-03   1.6525380E-03   1.4584818E-03   1.2733603E-03   1.1034766E-03   9.4976916E-04
  8.1566331E-04   6.9198885E-04   5.8544474E-04   4.9140671E-04   4.0798841E-04   3.3511838E-04   2.7014245E-04   2.1421335E-04   1.6435448E-04   1.2329368E-04
  8.9895970E-05   6.2866384E-05   4.5521680E-05   3.4534503E-05   2.6321253E-05   2.1171198E-05   1.6942347E-05   1.3752991E-05   1.1527822E-05   9.2324581E-06
  7.6835613E-06   6.7661204E-06   5.6668891E-06   4.2390284E-06   2.8921547E-06   2.0264488E-06   1.2924513E-06   1.0228620E-06   6.2630085E-07   1.2848558E-07
  4.7247886E-09   0.0000000E+00   0.0000000E+00   0.0000000E+00   0.0000000E+00   0.0000000E+00   0.0000000E+00   0.0000000E+00   0.0000000E+00   0.0000000E+00
  0.0000000E+00   0.0000000E+00   0.0000000E+00   0.0000000E+00   0.0000000E+00   0.0000000E+00   0.0000000E+00   0.0000000E+00   0.0000000E+00   0.0000000E+00
  0.0000000E+00   0.0000000E+00   0.0000000E+00   0.0000000E+00   0.0000000E+00   0.0000000E+00   0.0000000E+00   0.0000000E+00   0.0000000E+00   0.0000000E+00
  0.0000000E+00
  0.0000000E+00   1.9812039E-03   2.5502443E-03   3.0212081E-03   2.9162094E-03   2.6298265E-03   2.3071831E-03   1.9990965E-03   1.7355492E-03   1.5334167E-03
  1.3390761E-03   1.1477021E-03   1.0078602E-03   8.7864505E-04   7.6603837E-04   6.5518741E-04   5.5638369E-04   4.5644664E-04   3.7088030E-04   3.0384626E-04
  2.3930526E-04   1.8630069E-04   1.4908853E-04   1.1426178E-04   9.4338277E-05   7.1615934E-05   5.5374898E-05   4.3390370E-05   3.3355947E-05   2.8252967E-05
  2.3474835E-05   1.9590512E-05   1.6368589E-05   1.4077460E-05   1.1857045E-05   1.0192770E-05   8.6466007E-06   7.2153057E-06   5.8572537E-06   5.0043045E-06
  4.0644836E-06   3.4681057E-06   3.0139765E-06   2.6297378E-06   2.1183569E-06   1.9901095E-06   1.7171157E-06   1.5130246E-06   1.9013019E-06   1.3605433E-06
  3.6665116E-07   7.6184605E-09  -1.9594031E-08  -1.2846969E-08  -1.1718627E-08  -1.1772711E-08  -9.2724308E-09  -7.0465047E-09  -8.0926670E-09  -1.2797539E-08
 -1.9457403E-08  -2.2434618E-08  -1.9462856E-08  -1.2913680E-08  -5.5589364E-09   1.4200545E-09   6.7432877E-09   9.7906954E-09   1.1058209E-08   1.1150069E-08
  1.0565189E-08   9.6192752E-09   8.4998355E-09   7.3315252E-09   6.2099885E-09   5.2002980E-09   4.3377564E-09   3.6329140E-09   3.0781260E-09   2.6552438E-09
  2.3424946E-09
