# z uT vT wT
5.000000000000000000e+00 1.464165896866183010e-03 -5.916989394387303300e-03 3.500270003760399314e-03
1.500000000000000000e+01 3.003343411471745897e-03 -4.351733956301836862e-04 1.304880797202105473e-02
2.500000000000000000e+01 3.307883587458708158e-03 3.156779908161317597e-03 2.010300362781058947e-02
3.500000000000000000e+01 3.291449089101147144e-03 5.657571264278130757e-03 2.355742211337681635e-02
4.500000000000000000e+01 3.376805174977362978e-03 6.198848144242425154e-03 2.513833148495588435e-02
5.500000000000000000e+01 3.800285602702586658e-03 6.155958859806073130e-03 2.644031237211029797e-02
6.500000000000000000e+01 4.412810161307650914e-03 5.996826796423981691e-03 2.812524939932621593e-02
7.500000000000000000e+01 5.152053343107278020e-03 5.984888559707463376e-03 2.964914350409422403e-02
8.500000000000000000e+01 5.776147054747379946e-03 6.085010238017088749e-03 3.081206134209303615e-02
9.500000000000000000e+01 5.988854050049893969e-03 6.168842613175851142e-03 3.101363104258727035e-02
1.050000000000000000e+02 5.925078024353365100e-03 5.987192330940587989e-03 3.041325177978498537e-02
1.150000000000000000e+02 6.131074291623583167e-03 5.657611429626775018e-03 3.076281137656343076e-02
1.250000000000000000e+02 6.561477420859202977e-03 5.290796566797489539e-03 3.231821065484621197e-02
1.350000000000000000e+02 6.783499622284021313e-03 4.999697607693767698e-03 3.270021674524976191e-02
1.450000000000000000e+02 6.739339180426756441e-03 4.812087812193686052e-03 3.142899750342906251e-02
1.550000000000000000e+02 6.777179319411373581e-03 4.606050376599257409e-03 3.046488965482752401e-02
1.650000000000000000e+02 7.022587241282794365e-03 4.409071781471049847e-03 3.041714124798972074e-02
1.750000000000000000e+02 7.282115873554324825e-03 4.273772545607444975e-03 3.131225234330164281e-02
1.850000000000000000e+02 7.548828137183107370e-03 4.261133765430138824e-03 3.295584259890267653e-02
1.950000000000000000e+02 7.488251053167829970e-03 4.253165202312870173e-03 3.314674183773151650e-02
2.050000000000000000e+02 7.181260832273962495e-03 4.219794710709653257e-03 3.152583266751006474e-02
2.150000000000000000e+02 7.002477077665971751e-03 4.223991154906027966e-03 3.016048696691198822e-02
2.250000000000000000e+02 6.824118738124235022e-03 4.151390786611856842e-03 2.953672740100286159e-02
2.350000000000000000e+02 6.615347625646832673e-03 3.988363198270243951e-03 2.916820198394096467e-02
2.450000000000000000e+02 6.426203349814274893e-03 3.761580115754219189e-03 2.901037206695825793e-02
2.550000000000000000e+02 6.466022194938211495e-03 3.511485973155230832e-03 2.960887401586790799e-02
2.650000000000000000e+02 6.815976965106680836e-03 3.265897429842421450e-03 3.095946787011315954e-02
2.750000000000000000e+02 7.021993904890967524e-03 3.029814093257470788e-03 3.087704003015255896e-02
2.850000000000000000e+02 6.935493191045271656e-03 2.767790964384852798e-03 2.881709232581581778e-02
2.950000000000000000e+02 6.862100314896804262e-03 2.495487985156926315e-03 2.670211772807952813e-02
3.050000000000000000e+02 6.928944560660591119e-03 2.148588461759676823e-03 2.510360469823416305e-02
3.150000000000000000e+02 6.830585909243448023e-03 1.823740160089696400e-03 2.356206382259813659e-02
3.250000000000000000e+02 6.589890510657436633e-03 1.565425915767711508e-03 2.197956286448055421e-02
3.350000000000000000e+02 6.300743136220719742e-03 1.493013085835205112e-03 2.028167198280484904e-02
3.450000000000000000e+02 5.877010646681977285e-03 1.539447989339050131e-03 1.804503183676611777e-02
3.550000000000000000e+02 5.363162501111552738e-03 1.561948490476419748e-03 1.515004068466946179e-02
3.650000000000000000e+02 4.869545229418613744e-03 1.681030740707164465e-03 1.251146054577015679e-02
3.750000000000000000e+02 4.128030795130952814e-03 1.936938323733138848e-03 1.030325934111775595e-02
3.850000000000000000e+02 2.930048389957242913e-03 2.305438112072258523e-03 8.239612618569688851e-03
3.950000000000000000e+02 1.126487879812151753e-03 2.792789536613706110e-03 5.213026162084896664e-03
4.050000000000000000e+02 -1.566579156612948540e-03 3.080772796404989983e-03 8.086826842915647304e-04
4.150000000000000000e+02 -4.339955799825998342e-03 3.342682320275659758e-03 -2.459090755672153038e-03
4.250000000000000000e+02 -6.754608673416284161e-03 4.037793590352858203e-03 -4.162139620735169458e-03
4.350000000000000000e+02 -8.791564365616561308e-03 4.945596861272119615e-03 -5.470807236294573592e-03
4.450000000000000000e+02 -1.167450619908718366e-02 6.321030453509480021e-03 -8.553781637725842504e-03
4.550000000000000000e+02 -1.700758840960301527e-02 8.348323199832943103e-03 -1.405866963807857715e-02
4.650000000000000000e+02 -2.271765025136306473e-02 1.260586115842120269e-02 -1.645909441834811360e-02
4.750000000000000000e+02 -2.746958797678690500e-02 1.983260822367532289e-02 -1.500542413465987684e-02
4.850000000000000000e+02 -3.276545629090293205e-02 3.128301622165862578e-02 -1.303425856824489380e-02
4.950000000000000000e+02 -4.088171334108273852e-02 5.024169957296489158e-02 -1.625433668755808109e-02
5.050000000000000000e+02 -5.852549072094200000e-02 8.206048921953727759e-02 -2.421241663436177541e-02
5.150000000000000000e+02 -7.773221239793748349e-02 1.158287481803836894e-01 -2.441804357521044216e-02
5.250000000000000000e+02 -8.968863123231356205e-02 1.422520884609392577e-01 -1.669367914087435331e-02
5.350000000000000000e+02 -9.770762123267276444e-02 1.612421405910876571e-01 -7.723030783378979393e-03
5.450000000000000000e+02 -1.014518565094109093e-01 1.725024810044571422e-01 -2.066209832155153220e-03
5.550000000000000000e+02 -1.016127011451970208e-01 1.759151951435151129e-01 -7.529111711542871288e-04
5.650000000000000000e+02 -9.865900037256708499e-02 1.658138003022568974e-01 3.443120578068405244e-04
5.750000000000000000e+02 -8.951533190576090038e-02 1.438112352757609791e-01 1.670213981507015239e-03
5.850000000000000000e+02 -7.698324710650204794e-02 1.183661792928219214e-01 2.013663135480460789e-03
5.950000000000000000e+02 -6.432701325287994154e-02 9.951698099054614999e-02 8.768675949921870627e-04
6.050000000000000000e+02 -5.293167985580639334e-02 8.847392797424875888e-02 -8.286682763634729745e-04
6.150000000000000000e+02 -4.836515741518777195e-02 8.396956465222357724e-02 -9.915166611207070196e-04
6.250000000000000000e+02 -4.718852957135715592e-02 8.408562324145635314e-02 -7.273253706552396483e-05
6.350000000000000000e+02 -4.492761183026843658e-02 8.402146118998819746e-02 4.949839916954564944e-04
6.450000000000000000e+02 -4.077080815592128843e-02 8.071539696769969296e-02 4.130138964590071224e-04
6.550000000000000000e+02 -3.487684707611685142e-02 7.496611718033438510e-02 1.846165968655757582e-04
6.650000000000000000e+02 -2.956380252962322389e-02 6.955983573951807220e-02 4.788530576903157450e-04
6.750000000000000000e+02 -2.554751337180532350e-02 6.631713585391364740e-02 1.035192591230571979e-03
6.850000000000000000e+02 -2.174452884290292362e-02 6.449170139898104115e-02 1.458406592020961750e-03
6.950000000000000000e+02 -1.597890403453063393e-02 6.109157092734807115e-02 1.259567536222855463e-03
7.050000000000000000e+02 -7.937684466818124493e-03 5.468794333237806532e-02 5.178275123529876194e-04
7.150000000000000000e+02 -1.314892474078933459e-03 4.857399044834767587e-02 4.918147758412215942e-04
7.250000000000000000e+02 2.278193578450854462e-03 4.549489475415378903e-02 9.064534421272096160e-04
7.350000000000000000e+02 4.457895830763106658e-03 4.476697894539510836e-02 1.101733705964083338e-03
7.450000000000000000e+02 7.074846359352718675e-03 4.366519899053041692e-02 1.353459404489656395e-03
7.550000000000000000e+02 1.030363865003362973e-02 4.076401706047245999e-02 1.556044646385301104e-03
7.650000000000000000e+02 1.318496119805534668e-02 3.788388193591708114e-02 1.389246961559283816e-03
7.750000000000000000e+02 1.537779153161670034e-02 3.579244518915588452e-02 8.493623734541167966e-04
7.850000000000000000e+02 1.713926046196290187e-02 3.317772294668312749e-02 2.577109701196207280e-04
7.950000000000000000e+02 1.835779780002911449e-02 2.898593238651315379e-02 -1.702286959135013557e-04
8.050000000000000000e+02 1.908159288387151903e-02 2.419350144884426998e-02 -4.285777043661966892e-04
8.150000000000000000e+02 1.914552132420236502e-02 2.090810591106675304e-02 -4.389440281060877466e-04
8.250000000000000000e+02 1.872549692881618141e-02 1.956195763523681935e-02 -2.045255262024472744e-05
8.350000000000000000e+02 1.816699777861026724e-02 1.857574809239535135e-02 6.228767199303087993e-04
8.450000000000000000e+02 1.725782558156364194e-02 1.666744626497407636e-02 9.078453275124692993e-04
8.550000000000000000e+02 1.621621477994053193e-02 1.444601431202416179e-02 5.869362033244664547e-04
8.650000000000000000e+02 1.535717540340772805e-02 1.267733227791163590e-02 1.788182555887855363e-04
8.750000000000000000e+02 1.344135638435658975e-02 1.139036767957808151e-02 1.625492288315399849e-04
8.850000000000000000e+02 1.164438798142955131e-02 1.119144798098395052e-02 1.640462868590819741e-04
8.950000000000000000e+02 1.092368622841270037e-02 1.011507718392000953e-02 2.158924501993544659e-04
9.050000000000000000e+02 8.372377953979957821e-03 7.072832279480196181e-03 3.043873063427433119e-04
9.150000000000000000e+02 3.605501148097172651e-03 5.141349055105415809e-03 -6.946117474976100380e-06
9.250000000000000000e+02 2.909012272790033283e-04 6.356445768466755138e-03 -4.146740905763728123e-04
9.350000000000000000e+02 1.636120868914852419e-03 8.784707546883289628e-03 -5.354491642927531377e-04
9.450000000000000000e+02 5.646858307824657516e-03 8.561319849161017070e-03 -3.483083470145622944e-04
9.550000000000000000e+02 4.828177057589770095e-03 2.525755782726755560e-03 -5.548437784667243375e-05
