# z uu uv uw vv vw ww TKE
5.000000000000000000e+00 5.410669993787606824e-01 -2.043091207269832552e-02 1.132823250347473470e-03 5.204747093736384889e-01 6.421546186490285218e-04 1.197144035194898024e-02 2.818953681492047392e-01
1.500000000000000000e+01 4.945686923973859894e-01 -3.000688994244867305e-02 6.518369344579304746e-03 5.354493790739385251e-01 5.278233026170231143e-03 7.639709711990981533e-02 2.685703727493377047e-01
2.500000000000000000e+01 4.453052664641621861e-01 -3.135398464079360015e-02 1.134023046161143113e-02 4.917404097724085710e-01 1.925550747792562425e-02 1.433621270565759442e-01 2.303290552090203058e-01
3.500000000000000000e+01 4.193015165487061213e-01 -3.022843308554934785e-02 1.700336116271701156e-02 4.709267880610080725e-01 3.324289851829881348e-02 1.997912336007817424e-01 2.187511692586123213e-01
4.500000000000000000e+01 4.013209454044608937e-01 -2.676979033500708968e-02 2.432197107712689640e-02 4.487125505482471022e-01 3.912138543826601533e-02 2.464324806634487497e-01 2.115652108828922628e-01
5.500000000000000000e+01 3.886775493473371146e-01 -2.382935710009506311e-02 3.255475018318552960e-02 4.292713385866155362e-01 4.234183875042593637e-02 2.858641121791261064e-01 2.085312050652781968e-01
6.500000000000000000e+01 3.765234894544139954e-01 -2.156905806065001832e-02 4.069863879575805199e-02 4.124261912288486043e-01 4.473794359853799918e-02 3.206064507474311598e-01 2.073268987916639938e-01
7.500000000000000000e+01 3.655400074539087996e-01 -1.871666784037961245e-02 4.895931319922399577e-02 3.973735004300070761e-01 4.777259092010644609e-02 3.518723355281653253e-01 2.076696682017231399e-01
8.500000000000000000e+01 3.571674539885626998e-01 -1.452475858190492054e-02 5.725244160169330049e-02 3.845474274309666485e-01 5.120205024995556214e-02 3.794969957728276944e-01 2.097316419665241349e-01
9.500000000000000000e+01 3.513454409019156066e-01 -9.647432423814451471e-03 6.447380027869784036e-02 3.755219096168722626e-01 5.367448602477078307e-02 4.036264422627495185e-01 2.136873141692742228e-01
1.050000000000000000e+02 3.460680199713421223e-01 -6.130407512606694115e-03 7.013423913551977695e-02 3.666132935524928360e-01 5.481893042440456887e-02 4.250343041202278571e-01 2.174112705676289337e-01
1.150000000000000000e+02 3.400647237943833501e-01 -4.335059337763163406e-03 7.481815558001074506e-02 3.576450778617601967e-01 5.380370755834206625e-02 4.440956456981892120e-01 2.203874803080931866e-01
1.250000000000000000e+02 3.346764977042107070e-01 -4.046325594874671146e-03 7.940478408589964066e-02 3.481470969314336972e-01 5.054878979554830454e-02 4.607983734091811723e-01 2.227749500769444224e-01
1.350000000000000000e+02 3.322660420346480459e-01 -3.199055893792601690e-03 8.428957508284312672e-02 3.399270641295202844e-01 4.892725045241181486e-02 4.751721865624348173e-01 2.258698692498054272e-01
1.450000000000000000e+02 3.305667947573185383e-01 -2.054561514376140093e-03 8.916029994294037697e-02 3.337344057681209120e-01 4.983189764188466347e-02 4.879965310928713884e-01 2.293968368741018671e-01
1.550000000000000000e+02 3.285342478552049639e-01 -2.199001198382526025e-03 9.372555626153071529e-02 3.294351532443700048e-01 4.931035381134063478e-02 4.999701379796875345e-01 2.332162055391772959e-01
1.650000000000000000e+02 3.259291297883631366e-01 -3.709578299054899601e-03 9.734258690792590984e-02 3.272342767754709558e-01 4.675132626268851260e-02 5.110217028659769234e-01 2.372276251707040040e-01
1.750000000000000000e+02 3.246738039538132892e-01 -4.330841029931079521e-03 9.967090847774780216e-02 3.236066939864966074e-01 4.486179968413701175e-02 5.208181350890177530e-01 2.406929506021558141e-01
1.850000000000000000e+02 3.238805960363158043e-01 -4.223991970743521014e-03 1.009420334964004629e-01 3.177682555883700743e-01 4.407491217281542251e-02 5.294604724304559085e-01 2.431018483073982273e-01
1.950000000000000000e+02 3.233076125690129143e-01 -3.313288065917268776e-03 1.016425497959877605e-01 3.132658509642356481e-01 4.313515875703175656e-02 5.369774712362476166e-01 2.455040551703484009e-01
2.050000000000000000e+02 3.251479039891606582e-01 -2.730831179524307283e-03 1.022151375575727078e-01 3.099468236425170775e-01 4.182734618524538289e-02 5.431871920013202626e-01 2.484202592544546007e-01
2.150000000000000000e+02 3.288530301474866802e-01 -3.763089388879299699e-03 1.020823264307831602e-01 3.065953500620450245e-01 4.030489040006083462e-02 5.480315720481296893e-01 2.512418140391980415e-01
2.250000000000000000e+02 3.336562361381377184e-01 -5.415226017329615588e-03 1.006022632161708286e-01 3.039674819068890477e-01 3.770520260359465359e-02 5.516586989223167814e-01 2.540250170336735280e-01
2.350000000000000000e+02 3.380127819360441155e-01 -7.215094803080671429e-03 9.827159747356928321e-02 3.015027847460451382e-01 3.439781388166467807e-02 5.540214275385464404e-01 2.560481560668063095e-01
2.450000000000000000e+02 3.419492634702121503e-01 -8.441033022489030299e-03 9.597141307101050844e-02 2.988915370109174185e-01 3.164702222447241670e-02 5.543509173037762805e-01 2.567851946000536678e-01
2.550000000000000000e+02 3.468665206686220581e-01 -9.233955576005771146e-03 9.424602656118605259e-02 2.963818980972601769e-01 2.919376541871920513e-02 5.518792238219175639e-01 2.563646451833863082e-01
2.650000000000000000e+02 3.521785410148093876e-01 -9.936126490400289807e-03 9.299990240086034032e-02 2.957634932741379230e-01 2.753602236056166414e-02 5.470890844331776082e-01 2.554061175054866961e-01
2.750000000000000000e+02 3.592624291126988445e-01 -1.113713848540373585e-02 9.191931157358987359e-02 2.976582629401396951e-01 2.649102393637068481e-02 5.405808610283822091e-01 2.549488008893426860e-01
2.850000000000000000e+02 3.693122735052985495e-01 -1.251830509967020479e-02 9.204315999815830540e-02 3.024766888726569958e-01 2.569436175342876619e-02 5.323031322049787128e-01 2.556151636141247852e-01
2.950000000000000000e+02 3.797412508744930637e-01 -1.289581466940319110e-02 9.452102353643332400e-02 3.079439034805545039e-01 2.489267160188481098e-02 5.223086196619024513e-01 2.559195797398438055e-01
3.050000000000000000e+02 3.896651093204833716e-01 -1.338630359279176923e-02 9.817016246009606373e-02 3.143280744252419101e-01 2.346038133567281483e-02 5.112522356999443796e-01 2.560099421509081097e-01
3.150000000000000000e+02 3.962070393713251759e-01 -1.434805619784988023e-02 9.991686492937949804e-02 3.204068605842511630e-01 2.211983582596021083e-02 5.001433887011254020e-01 2.548919918091457903e-01
3.250000000000000000e+02 4.009388870017790429e-01 -1.519469568864709880e-02 9.976685319420174058e-02 3.257285655790375101e-01 2.181916744558126328e-02 4.890071326119173056e-01 2.529895326448660109e-01
3.350000000000000000e+02 4.061308225962512175e-01 -1.639855334661353622e-02 9.910254986091307505e-02 3.325115619599220418e-01 2.291055872699060414e-02 4.770496818976290854e-01 2.515412914491819141e-01
3.450000000000000000e+02 4.112846503409844923e-01 -1.782704070762929083e-02 9.912818486591405687e-02 3.419199842131023792e-01 2.430800651048664954e-02 4.637439532210333448e-01 2.505613966797330394e-01
3.550000000000000000e+02 4.156234070618081144e-01 -1.924307172634730917e-02 1.001641416982719385e-01 3.536012210812455869e-01 2.549943144495377470e-02 4.483923247824647129e-01 2.494161584858183289e-01
3.650000000000000000e+02 4.213309364127988954e-01 -2.129864197495578634e-02 1.004830209170575472e-01 3.661141884026453686e-01 2.632621936218075553e-02 4.308990410973019825e-01 2.486166702733940137e-01
3.750000000000000000e+02 4.269587213169674933e-01 -2.229723651980033972e-02 9.923257706396000632e-02 3.799599836465468172e-01 2.654129989388995248e-02 4.118667483014639696e-01 2.481487786188627531e-01
3.850000000000000000e+02 4.324953834628729177e-01 -2.162839461833169705e-02 9.668063422942660412e-02 3.923919650467942999e-01 2.585462225894140723e-02 3.919014925826961315e-01 2.473052454192635752e-01
3.950000000000000000e+02 4.383166977728163438e-01 -2.047731923445819321e-02 9.427772917780966044e-02 4.024632301731047579e-01 2.381596864712886424e-02 3.714879215206787766e-01 2.460507275117949644e-01
4.050000000000000000e+02 4.432966586877689630e-01 -1.852110268524275252e-02 9.245389615758264901e-02 4.097292367587455075e-01 2.091941108041778588e-02 3.508346391630237093e-01 2.437374595476467509e-01
4.150000000000000000e+02 4.447842104758120141e-01 -1.533171970820579495e-02 8.960820386078091615e-02 4.144176528186782060e-01 1.840515687867562075e-02 3.297749147730489883e-01 2.391632396349528400e-01
4.250000000000000000e+02 4.433884934836452851e-01 -1.047308089056822600e-02 8.567351818484172932e-02 4.182894616032311053e-01 1.630446306142374277e-02 3.079217550634247291e-01 2.331876185416786318e-01
4.350000000000000000e+02 4.409671962820491675e-01 -5.927389325587283618e-03 8.061620136062026820e-02 4.219733330063459853e-01 1.447908972513403496e-02 2.849875938363086170e-01 2.268657453029723214e-01
4.450000000000000000e+02 4.377708872966508125e-01 -2.632127151224195223e-03 7.526472758734219226e-02 4.252468020973651508e-01 1.147020199841957550e-02 2.615065949109295351e-01 2.204319458202207982e-01
4.550000000000000000e+02 4.340982648243018049e-01 1.943502047002678172e-03 7.002499265626901948e-02 4.228958645183166221e-01 7.450942197434889946e-03 2.382547404662232748e-01 2.120237685523957416e-01
4.650000000000000000e+02 4.256331525172976638e-01 7.571599747608633024e-03 6.239342904424164532e-02 4.134111819673119137e-01 5.165272309716422913e-03 2.157227794790659570e-01 1.993043517417983912e-01
4.750000000000000000e+02 4.137162916866702345e-01 1.272686792461581035e-02 5.223692727998046487e-02 4.034310892756099998e-01 4.506787798819377779e-03 1.935964568656212970e-01 1.856987009559988022e-01
4.850000000000000000e+02 4.008861505871348929e-01 1.496788042948436759e-02 4.219163033278160169e-02 3.956335001571248955e-01 3.991029102235386927e-03 1.716738184226016539e-01 1.733537360554725515e-01
4.950000000000000000e+02 3.859926152001390554e-01 1.131848000113461900e-02 3.790135674392437065e-02 3.892817094647397225e-01 -4.476501539153446632e-03 1.504979247005219234e-01 1.615900868259983192e-01
5.050000000000000000e+02 3.766881439341629445e-01 -1.648782375960118184e-03 3.896537189647126392e-02 3.827685844161816120e-01 -2.022544490808782236e-02 1.313335947112910240e-01 1.528271300481609252e-01
5.150000000000000000e+02 3.653911466051935619e-01 -1.498537726602409623e-02 3.370984489548342622e-02 3.689757160213520959e-01 -2.521792740149151474e-02 1.159005377335671633e-01 1.415433518389287715e-01
5.250000000000000000e+02 3.497016968767160949e-01 -2.775634340787568738e-02 2.227730231118717902e-02 3.508930061125294930e-01 -1.775664970268902784e-02 1.051271972291238088e-01 1.282344530671966909e-01
5.350000000000000000e+02 3.360831154195043635e-01 -4.110523842839338554e-02 1.081655451984409044e-02 3.277741146678191941e-01 -7.279391665642403683e-03 9.841120600095215609e-02 1.150362480914572105e-01
5.450000000000000000e+02 3.188944941615682871e-01 -5.704458338812536805e-02 1.859758865076905493e-03 3.033002823303013740e-01 -8.650786208077782045e-05 9.406329666135898604e-02 1.012663317235029253e-01
5.550000000000000000e+02 2.989795235221831549e-01 -7.143185758877955427e-02 -3.455796624460889376e-03 2.788261782505604414e-01 2.407758411012106588e-03 9.062063774357045909e-02 8.767244657420820986e-02
5.650000000000000000e+02 2.778867666723129903e-01 -8.255877311686841968e-02 -5.921817955112426007e-03 2.477996553683419756e-01 4.463850621514719140e-03 8.766563277868798243e-02 7.315549373137467115e-02
5.750000000000000000e+02 2.484329508988628310e-01 -8.186979660025689443e-02 -5.294429278246575755e-03 2.079849781089432859e-01 6.023992812359633270e-03 8.481154621201023036e-02 5.608484029108318225e-02
5.850000000000000000e+02 2.118054491065519962e-01 -7.251395889752926260e-02 -1.726407217278350809e-03 1.680101231974182874e-01 5.148738655171501179e-03 8.229042886462317741e-02 3.993033222538173305e-02
5.950000000000000000e+02 1.720198424573602669e-01 -5.956691643533831154e-02 3.861710358571012369e-04 1.358705256615242718e-01 3.848903189902581380e-03 7.979251901019172866e-02 2.720923601629289187e-02
6.050000000000000000e+02 1.384346468127863328e-01 -4.472782662540843168e-02 -8.675405796243488210e-04 1.108331918852341613e-01 3.523904927436613196e-03 7.671841422300762492e-02 1.866693147127150218e-02
6.150000000000000000e+02 1.140176997402039538e-01 -3.418926863626828988e-02 -1.386125087464062889e-03 9.284864284221128194e-02 2.623994884535412950e-03 7.346466264623172093e-02 1.350898149470622714e-02
6.250000000000000000e+02 9.789369344483375701e-02 -3.057633422741139542e-02 -8.273395329412624793e-04 8.446192439961863752e-02 1.294455028760126787e-03 7.076086712583480598e-02 1.086204610297901614e-02
6.350000000000000000e+02 8.649013379536456270e-02 -2.928101370166271214e-02 -7.846368121868741927e-04 8.272846378333084671e-02 1.177312088102636968e-03 6.872003683624774983e-02 9.523492713332597573e-03
6.450000000000000000e+02 7.640045853771233741e-02 -2.665079360332611377e-02 -1.109706807890880297e-03 7.974724419095853556e-02 1.846503308340607160e-03 6.706836285027872879e-02 8.347409158120860234e-03
6.550000000000000000e+02 6.596479221795555070e-02 -2.120991093781640982e-02 -1.785119286488764728e-03 7.177122580249226114e-02 2.278019650236946369e-03 6.552431751325425713e-02 6.897949425564068801e-03
6.650000000000000000e+02 5.621807435291695243e-02 -1.568463201875296836e-02 -2.156705081205125170e-03 6.367522444737462595e-02 1.666649692967647539e-03 6.396439853432192568e-02 5.653225186115599932e-03
6.750000000000000000e+02 4.910881129161952935e-02 -1.198616167522756348e-02 -2.173867111365876490e-03 5.968133184052215601e-02 9.083045998214881291e-04 6.243728951112399034e-02 4.935975919115168087e-03
6.850000000000000000e+02 4.459591653685567730e-02 -9.224067868836036826e-03 -1.618850234079089682e-03 5.860173323736227874e-02 7.228831570729336636e-04 6.097762714265038408e-02 4.570614961066630545e-03
6.950000000000000000e+02 4.120249096284005902e-02 -5.492549707839649957e-03 -1.094778338223944105e-03 5.551499348453028948e-02 1.394564767547530571e-03 5.945875877331581461e-02 4.157451878996859182e-03
7.050000000000000000e+02 3.806996654215680925e-02 -3.462798387821438488e-04 -1.069768430140744441e-03 4.794421285904377356e-02 2.257381042001578575e-03 5.766331219248112955e-02 3.536513736100890121e-03
7.150000000000000000e+02 3.549688561236980650e-02 3.725520865945569984e-03 -6.645489759443734329e-04 4.037531121236825893e-02 1.734493861320963483e-03 5.554334641942041545e-02 2.987628987570499755e-03
7.250000000000000000e+02 3.369515372504541112e-02 5.571459366087674892e-03 -4.195611320956471818e-04 3.675335897564175475e-02 8.760500949338505651e-04 5.326427739586264698e-02 2.661628013525116007e-03
7.350000000000000000e+02 3.241506835684213744e-02 6.432041627213030098e-03 -7.915424828674585880e-04 3.632449170697347324e-02 8.274440632226417363e-04 5.096252461030708475e-02 2.483692134502443923e-03
7.450000000000000000e+02 3.143090140120458065e-02 7.435931677948591154e-03 -1.053566186395151622e-03 3.601324018214104722e-02 1.240830660709802248e-03 4.861769426043265757e-02 2.324267613254864511e-03
7.550000000000000000e+02 3.082300815211997183e-02 8.568310400582528075e-03 -7.179250536399946897e-04 3.396963085060437926e-02 1.569403923166886499e-03 4.613871124208412944e-02 2.116387163376204014e-03
7.650000000000000000e+02 3.049355393160895628e-02 9.426736118347912863e-03 -7.332248605171107323e-05 3.190177040575523787e-02 1.388682522578781921e-03 4.351191296710531925e-02 1.920433178229206169e-03
7.750000000000000000e+02 3.054375197554129104e-02 1.022751369247136728e-02 1.660148512983198688e-04 3.082486495472584395e-02 8.895719635966687364e-04 4.080062257778718088e-02 1.773891943477752618e-03
7.850000000000000000e+02 3.153536872244778327e-02 1.121636633242915036e-02 -5.325304036996762259e-05 2.964731851534050527e-02 3.203642468927449748e-04 3.803994870020559194e-02 1.660240336362531471e-03
7.950000000000000000e+02 3.327867928642771339e-02 1.184190017910409336e-02 -2.850660523399985440e-04 2.722277705625220090e-02 -1.118720601569335546e-04 3.522731963152649776e-02 1.544757067062528175e-03
8.050000000000000000e+02 3.484512527277917188e-02 1.200332804854656495e-02 -3.566623478210927231e-04 2.426162354724153980e-02 -3.131057391020822082e-04 3.238819493441511682e-02 1.425902151766706132e-03
8.150000000000000000e+02 3.623953829892022360e-02 1.217988023176082464e-02 -4.443154591388339173e-04 2.232286617195038819e-02 -4.167884983978426038e-04 2.959821636532912817e-02 1.343834451129274909e-03
8.250000000000000000e+02 3.828917833152659794e-02 1.250809786594842335e-02 -5.588245206074837464e-04 2.157513128789226645e-02 -2.067320118753161588e-04 2.692619498120723404e-02 1.328283721779611537e-03
8.350000000000000000e+02 4.111372372361965510e-02 1.259241528661962650e-02 -4.721418635354266281e-04 2.097873191714782343e-02 2.469460230125047201e-04 2.438579774433170463e-02 1.362556301450567860e-03
8.450000000000000000e+02 4.337859608217303070e-02 1.175361625011654351e-02 -9.259217672823938036e-05 1.963024273746869289e-02 5.239232695916513352e-04 2.194902005102806336e-02 1.374404254596345819e-03
8.550000000000000000e+02 4.337367594312425273e-02 1.016715281323329889e-02 2.835988532112663184e-04 1.801384908762176246e-02 4.541249853211491391e-04 1.955610023921478327e-02 1.294107790168491689e-03
8.650000000000000000e+02 4.269484007535606640e-02 9.091649623445264422e-03 4.487274875052710710e-04 1.689164645199004583e-02 2.606534415772778488e-04 1.717220107046790734e-02 1.201530789261918758e-03
8.750000000000000000e+02 4.248736293605158421e-02 7.978135304237559539e-03 4.320303455782336407e-04 1.590884012541187581e-02 2.502985343490875280e-04 1.483859265706292084e-02 1.139225517718963189e-03
8.850000000000000000e+02 4.149823644306536302e-02 6.676614801175138371e-03 3.791097019202709626e-04 1.554297678657489030e-02 2.845072725624975068e-04 1.258076586132957260e-02 1.060981712465079892e-03
8.950000000000000000e+02 4.224965049025170005e-02 7.105180135807358417e-03 3.698731629482401341e-04 1.593198428402781835e-02 2.666436434957677949e-04 1.037097718446675608e-02 1.073209128767832650e-03
9.050000000000000000e+02 4.713122118326862342e-02 8.526129608315486871e-03 5.787292952604082942e-04 1.591490408361449088e-02 3.233751352053591561e-04 8.269796048758331838e-03 1.271512854452448498e-03
9.150000000000000000e+02 5.207661838853055308e-02 7.759894066398505437e-03 1.014655727636747671e-03 1.499440206792893721e-02 3.433382136626468724e-04 6.407315077237691302e-03 1.488929981329173684e-03
9.250000000000000000e+02 5.156139992963577195e-02 4.820235041963488211e-03 1.219802200504317442e-03 1.479062426342068852e-02 1.339880272171090785e-04 4.731327388840431657e-03 1.449862993832962219e-03
9.350000000000000000e+02 4.801605587410767706e-02 3.946091592480065538e-03 8.969897236138857713e-04 1.646765169694628869e-02 -1.394952679502234024e-04 3.052096979318174533e-03 1.293020235044265928e-03
9.450000000000000000e+02 4.842496593469621663e-02 7.134406718575946396e-03 3.444483347186667031e-04 1.794745010461433476e-02 -2.322885088887355223e-04 1.389729004848946035e-03 1.334509818870514364e-03
9.550000000000000000e+02 5.838876636608335974e-02 9.075878626107277899e-03 2.247954133524350016e-05 1.357041943719891619e-02 -5.263471680341687265e-05 1.834899976625896714e-04 1.796718995016907943e-03
