# z uT vT wT
5.000000000000000000e+00 -1.251972536185230343e-04 1.184049648332149421e-03 1.092752526816366141e-03
1.500000000000000000e+01 -8.111780766455164223e-05 7.245551212367207401e-03 4.176126243362401902e-03
2.500000000000000000e+01 -1.032328225689251142e-04 9.586932226290883000e-03 5.991819566705894676e-03
3.500000000000000000e+01 -1.181198749801779506e-04 9.938917269832524617e-03 5.934627748620038834e-03
4.500000000000000000e+01 -1.623416614420965796e-04 9.128085422151177922e-03 4.962777340448545037e-03
5.500000000000000000e+01 -1.783245724097141059e-04 8.630528901465168296e-03 4.513894512390701115e-03
6.500000000000000000e+01 -1.870401677864822431e-04 8.780760032462416736e-03 4.851067569865970090e-03
7.500000000000000000e+01 -1.586243601620889864e-04 8.359338951562465120e-03 4.485037926980931129e-03
8.500000000000000000e+01 -1.243418868029754615e-04 6.951404373672510038e-03 3.202528575034840983e-03
9.500000000000000000e+01 -8.640998858920254360e-05 5.273558189236397624e-03 1.735614242477482661e-03
1.050000000000000000e+02 -7.217380142801171081e-05 3.703281302160755292e-03 3.480611616366288187e-04
1.150000000000000000e+02 -8.860689978770373496e-06 2.845101927008499530e-03 -1.791079370388605854e-04
1.250000000000000000e+02 6.092472547601917866e-05 2.807019148899887653e-03 1.892172629546068612e-04
1.350000000000000000e+02 9.706461475945070676e-05 2.781435646654500417e-03 4.190692935899203823e-04
1.450000000000000000e+02 1.091971280002796514e-04 2.430473163075772339e-03 2.711828231123862673e-04
1.550000000000000000e+02 8.298805385655352027e-05 1.755651534992059551e-03 -2.705598127149840926e-04
1.650000000000000000e+02 2.106766381668847340e-05 7.708596600118542384e-04 -1.127589754532440022e-03
1.750000000000000000e+02 -5.063540450759067767e-05 1.681608884497939752e-04 -1.399716673684898082e-03
1.850000000000000000e+02 -5.736091220516973110e-05 8.968482440879028874e-05 -1.024042851555098969e-03
1.950000000000000000e+02 -1.202378534896747216e-04 -2.898657996490279737e-04 -1.129881071732705394e-03
2.050000000000000000e+02 -3.156367222622099991e-04 -1.286203961059616090e-03 -1.892722409366201638e-03
2.150000000000000000e+02 -5.063934774948037352e-04 -2.378212845698972865e-03 -2.741168252348498858e-03
2.250000000000000000e+02 -6.998501749646474958e-04 -3.357453785492316416e-03 -3.535236892504247785e-03
2.350000000000000000e+02 -9.434484232770758757e-04 -4.132290849546297294e-03 -4.173779348051971649e-03
2.450000000000000000e+02 -1.230493985622535449e-03 -4.755330414526349331e-03 -4.595576860147867516e-03
2.550000000000000000e+02 -1.670579826928401783e-03 -5.610707330275844368e-03 -4.585904688229758795e-03
2.650000000000000000e+02 -2.356207734819210607e-03 -6.596832779026148667e-03 -4.214815093887675640e-03
2.750000000000000000e+02 -3.370185183547960619e-03 -7.782481156846317999e-03 -4.302299517972718416e-03
2.850000000000000000e+02 -4.958683262562251642e-03 -9.659271959538416261e-03 -4.780624245268642880e-03
2.950000000000000000e+02 -7.131405509557561459e-03 -1.178599552964703333e-02 -4.942667837555705761e-03
3.050000000000000000e+02 -9.887151931851740141e-03 -1.385245527619423725e-02 -4.750807473966160710e-03
3.150000000000000000e+02 -1.260764361986665624e-02 -1.499155270365872157e-02 -3.710715235218749707e-03
3.250000000000000000e+02 -1.432502925061839190e-02 -1.482909249199004451e-02 -2.109962116665380430e-03
3.350000000000000000e+02 -1.535432571086895598e-02 -1.364965122852613601e-02 -7.747644507136317244e-04
3.450000000000000000e+02 -1.633967384549284835e-02 -1.185729036445130370e-02 -5.173461112736947023e-04
3.550000000000000000e+02 -1.783641849675753413e-02 -1.002405887708724373e-02 -1.109135026157899873e-03
3.650000000000000000e+02 -1.863264858808698701e-02 -8.797705829413835638e-03 -1.053325361426338648e-03
3.750000000000000000e+02 -1.764549455080603388e-02 -7.566900187840542268e-03 -3.329940188843509281e-04
3.850000000000000000e+02 -1.596755939810839617e-02 -5.868361152081984916e-03 1.988779388915096506e-04
3.950000000000000000e+02 -1.590185513656268423e-02 -3.485018851505844884e-03 1.990149430348858467e-04
4.050000000000000000e+02 -1.729594366563267857e-02 -5.945915947690853277e-04 -8.161306779472602953e-05
4.150000000000000000e+02 -1.725918771197701429e-02 6.521095350192218513e-04 -1.959097632772814226e-07
4.250000000000000000e+02 -1.541707508737451097e-02 2.875114265231220570e-04 1.478272905746315011e-04
4.350000000000000000e+02 -1.422451356246309459e-02 1.841291857848491732e-04 1.453866404548689417e-04
4.450000000000000000e+02 -1.484274683758897255e-02 1.932671968610707438e-03 7.601634680266435701e-06
4.550000000000000000e+02 -1.648760934530112479e-02 4.980082060816910794e-03 -2.407749016141677882e-04
4.650000000000000000e+02 -1.672330175845624864e-02 6.266638621966420797e-03 -2.974203113512741982e-04
4.750000000000000000e+02 -1.531645933672567961e-02 5.598956095480185809e-03 -2.115277028762145974e-04
4.850000000000000000e+02 -1.390862114172158534e-02 4.572485508407334726e-03 -1.459311543604577071e-04
4.950000000000000000e+02 -1.350401630258498895e-02 4.324654370690969932e-03 -2.076375540851449172e-04
5.050000000000000000e+02 -1.400280912837860783e-02 5.331722420327026334e-03 -3.922809022690478377e-04
5.150000000000000000e+02 -1.440344428001610368e-02 6.432633393646026466e-03 -5.144285425641648623e-04
5.250000000000000000e+02 -1.399917735115430856e-02 6.437001243840643344e-03 -4.497656576709908286e-04
5.350000000000000000e+02 -1.294325076008697589e-02 6.342142462148535852e-03 -2.329775697707196346e-04
5.450000000000000000e+02 -1.198719858610610041e-02 6.492179077563330590e-03 -1.425670246851187416e-04
5.550000000000000000e+02 -1.168364216699871103e-02 6.716602032210993757e-03 -2.873496380361413929e-04
5.650000000000000000e+02 -1.142880836200580071e-02 6.549451777441019085e-03 -4.406035245509544538e-04
5.750000000000000000e+02 -1.040316029959985865e-02 5.986461146714938154e-03 -5.317586542766027449e-04
5.850000000000000000e+02 -9.100249762840496859e-03 5.217310818494933465e-03 -5.300871158224667928e-04
5.950000000000000000e+02 -8.156000199205242635e-03 4.694902912097899741e-03 -4.025300752752750642e-04
6.050000000000000000e+02 -8.412027408072888721e-03 5.029813280627182248e-03 -3.386505022381741366e-04
6.150000000000000000e+02 -9.410131002375766648e-03 5.329298625362063890e-03 -3.844460202224275584e-04
6.250000000000000000e+02 -1.024122758254077635e-02 5.298948763284704912e-03 -4.582402731457810622e-04
6.350000000000000000e+02 -1.039172956226078540e-02 5.497108208589878559e-03 -5.356264350214318386e-04
6.450000000000000000e+02 -9.598801177730029166e-03 5.910433404230312944e-03 -5.792360780567310094e-04
6.550000000000000000e+02 -8.460765826197732056e-03 6.383312697835648135e-03 -5.118370686207241328e-04
6.650000000000000000e+02 -7.583565473163583412e-03 6.233616117284936954e-03 -3.025060043255664013e-04
6.750000000000000000e+02 -7.635921323445123490e-03 6.255434472665087446e-03 -1.587085823289948925e-04
6.850000000000000000e+02 -7.541932443888552974e-03 6.102745682631398154e-03 -1.342122036820789970e-04
6.950000000000000000e+02 -7.512760260749633094e-03 4.586644296295526273e-03 -1.852396900843278902e-04
7.050000000000000000e+02 -8.276006712902114759e-03 4.022164529535752001e-03 -3.147054027468083187e-04
7.150000000000000000e+02 -8.200531712614117508e-03 4.402288636310467719e-03 -4.194783538467445325e-04
7.250000000000000000e+02 -7.953015616569194049e-03 3.638625178000405146e-03 -3.816617953704115585e-04
7.350000000000000000e+02 -8.897518306801324023e-03 3.526359134352155013e-03 -2.521096448281200260e-04
7.450000000000000000e+02 -9.630108512043258559e-03 5.050950097123756317e-03 -2.618907585548516104e-04
7.550000000000000000e+02 -9.274034942398062809e-03 6.915824880895226658e-03 -4.452609290851857957e-04
7.650000000000000000e+02 -7.996527042523605966e-03 7.858132749073577783e-03 -5.408009024080989019e-04
7.750000000000000000e+02 -6.805123663241916844e-03 7.718132433550805444e-03 -4.592087573201326153e-04
7.850000000000000000e+02 -6.245466021416735437e-03 7.362445548307504882e-03 -3.382483216475323166e-04
7.950000000000000000e+02 -5.075803225493007338e-03 6.256909945857193518e-03 -3.054206622115071329e-04
8.050000000000000000e+02 -3.716829869002368381e-03 4.080735282339997133e-03 -3.799151685788796804e-04
8.150000000000000000e+02 -3.658906190327173690e-03 2.842130930102928707e-03 -4.158040088772059148e-04
8.250000000000000000e+02 -4.459609470270548860e-03 3.380386249323227843e-03 -3.218650185567155809e-04
8.350000000000000000e+02 -4.413955351060835572e-03 5.129758841971416954e-03 -1.587250766911563779e-04
8.450000000000000000e+02 -2.316606296569841735e-03 7.358462675723929577e-03 -1.185329725321639143e-04
8.550000000000000000e+02 -2.341831383838665443e-04 8.441859880923226200e-03 -2.378875482764483522e-04
8.650000000000000000e+02 -2.725411583439699397e-04 7.095432477126609530e-03 -3.300684717336422594e-04
8.750000000000000000e+02 -1.961646660396674027e-03 4.885295963314234373e-03 -2.924014697610814013e-04
8.850000000000000000e+02 -3.344287085860995871e-03 3.498215945895687996e-03 -2.116539823545175432e-04
8.950000000000000000e+02 -3.924773624236155278e-03 2.810363921354080020e-03 -7.741349264428471324e-05
9.050000000000000000e+02 -4.041133915789059741e-03 2.349079730675094225e-03 1.109296820697601633e-04
9.150000000000000000e+02 -3.588340081362844172e-03 2.228946063469319956e-03 2.623602159741056806e-04
9.250000000000000000e+02 -3.028613777361627638e-03 2.985886235034549644e-03 2.975560090413015431e-04
9.350000000000000000e+02 -1.351026541962430626e-03 5.147079334141003645e-03 2.149268371769523500e-04
9.450000000000000000e+02 2.889780497785753694e-04 6.487507170458180553e-03 5.471403978559387826e-05
9.550000000000000000e+02 1.854158697967380138e-03 3.345461558768712818e-03 4.817965729557838066e-06
