# z uu uv uw vv vw ww TKE
5.000000000000000000e+00 2.932812186370671870e-01 2.517782505325641667e-03 6.015901910272837723e-04 2.163262979037672284e-01 6.000266668446918236e-03 1.017195633953795787e-02 2.598897364401862031e-01
1.500000000000000000e+01 2.914925567832138409e-01 1.250483965980552295e-02 3.594132794032674130e-03 3.758587486389660115e-01 4.911394036041098060e-02 6.191306924735658773e-02 3.646321873347682097e-01
2.500000000000000000e+01 2.827106753673129247e-01 1.695020745731161058e-02 6.527639424969519655e-03 4.336347124105200956e-01 8.673023011738779930e-02 1.103286466501458007e-01 4.133370172139894105e-01
3.500000000000000000e+01 2.797366239745568972e-01 2.059601777692349547e-02 9.153049225849524753e-03 4.646902013502756112e-01 1.093160189863901510e-01 1.442647012028395459e-01 4.443457632638360133e-01
4.500000000000000000e+01 2.768699247969816368e-01 2.362003120209422297e-02 1.178142668739685581e-02 4.719832213895003292e-01 1.221431996602418135e-01 1.663293537812919887e-01 4.575912499838870051e-01
5.500000000000000000e+01 2.732439979394730711e-01 2.638313370365074836e-02 1.399315029250256838e-02 4.731606791134167489e-01 1.303027180783869199e-01 1.801076564874912467e-01 4.632561667701905472e-01
6.500000000000000000e+01 2.679137789315430007e-01 2.924388484300775859e-02 1.588149059449049313e-02 4.732034491819368527e-01 1.361809969243020779e-01 1.883845519108232613e-01 4.647508900121515851e-01
7.500000000000000000e+01 2.615147243523760490e-01 3.173043410227477379e-02 1.725961300174063545e-02 4.697193553880030237e-01 1.385919869153107720e-01 1.928733162682274016e-01 4.620536980043032926e-01
8.500000000000000000e+01 2.547740725667191897e-01 3.382337511137191444e-02 1.816048532796911419e-02 4.632397996474959534e-01 1.382335039553984068e-01 1.945872530078328055e-01 4.563005626110239188e-01
9.500000000000000000e+01 2.482394988635184818e-01 3.579134474653613424e-02 1.889599102546288614e-02 4.550935310303570458e-01 1.358386499281790671e-01 1.942058743870435922e-01 4.487694521404596015e-01
1.050000000000000000e+02 2.422042808875316255e-01 3.734267152700126297e-02 1.947753488620500989e-02 4.462256871598477281e-01 1.320358473805755273e-01 1.922441447619918364e-01 4.403370564046855673e-01
1.150000000000000000e+02 2.367889594728596336e-01 3.876649873463338530e-02 1.994103430086400716e-02 4.385391823771045416e-01 1.280135503773379146e-01 1.891024359074933714e-01 4.322152888787287317e-01
1.250000000000000000e+02 2.314449519549929002e-01 4.008467088649983467e-02 2.033558192378193130e-02 4.325217161280296430e-01 1.242261177231415853e-01 1.850744285738331607e-01 4.245205483284278380e-01
1.350000000000000000e+02 2.260521061750862815e-01 4.134727880868441230e-02 2.071261304194722819e-02 4.271173483455685815e-01 1.202876413322346988e-01 1.803019318661232551e-01 4.167356931933891007e-01
1.450000000000000000e+02 2.210477201565610728e-01 4.269577831309530336e-02 2.107538185487202800e-02 4.222520863345599063e-01 1.162263447550846568e-01 1.748914776742892807e-01 4.090956420827051021e-01
1.550000000000000000e+02 2.164968764616657104e-01 4.405418026706384160e-02 2.140632869380669837e-02 4.174621557985544462e-01 1.118882263473637839e-01 1.689798612544978207e-01 4.014694467573590164e-01
1.650000000000000000e+02 2.120924423006153581e-01 4.556739688225237145e-02 2.167923662741390312e-02 4.126858661445564347e-01 1.073321774902226272e-01 1.627041696517502745e-01 3.937412390484610336e-01
1.750000000000000000e+02 2.078092995828257628e-01 4.738043477986715601e-02 2.177327712989588285e-02 4.079958023789975741e-01 1.024514558768624406e-01 1.561773855989490589e-01 3.859912437803861840e-01
1.850000000000000000e+02 2.035603975700928658e-01 4.933540290779724752e-02 2.173681791865611501e-02 4.029313136814778318e-01 9.720988792272594603e-02 1.494526820109662313e-01 3.779721966312684645e-01
1.950000000000000000e+02 1.994938076939990201e-01 5.158795942922298622e-02 2.206702066449307831e-02 3.974609344278303702e-01 9.192320863933670094e-02 1.425929248401546501e-01 3.697738334809920202e-01
2.050000000000000000e+02 1.956023977438522132e-01 5.434130429210450031e-02 2.274470418017428622e-02 3.916444879603674933e-01 8.654681006084588568e-02 1.356120246536402230e-01 3.614294551789299370e-01
2.150000000000000000e+02 1.912955148914977088e-01 5.591405131625912239e-02 2.241792798546587279e-02 3.832056168853475997e-01 7.978635972263503628e-02 1.284315603371834202e-01 3.514663460570143783e-01
2.250000000000000000e+02 1.863068756084118593e-01 5.547398003435823760e-02 2.087770777106542561e-02 3.710614065868447775e-01 7.149477686165162105e-02 1.209575942658554365e-01 3.391629382305559881e-01
2.350000000000000000e+02 1.806298516276373112e-01 5.346132325737952551e-02 1.865886774087159236e-02 3.557469520516294281e-01 6.206108106292432258e-02 1.132418771417244840e-01 3.248093404104956394e-01
2.450000000000000000e+02 1.741342587054319213e-01 5.025917260313119556e-02 1.590629907150126893e-02 3.368487842260410869e-01 5.190223128171173733e-02 1.053613819119733758e-01 3.081722124217232128e-01
2.550000000000000000e+02 1.672948221996943818e-01 4.661125638835502544e-02 1.332812672828533745e-02 3.162721167898267516e-01 4.304576391918012862e-02 9.733486770418747769e-02 2.904509033468543056e-01
2.650000000000000000e+02 1.603123441930787985e-01 4.306967956949092624e-02 1.102331506973355628e-02 2.955369698131816159e-01 3.584856478676540226e-02 8.919117286805165745e-02 2.725202434371560289e-01
2.750000000000000000e+02 1.533285520433872173e-01 3.960632575569367902e-02 9.185430312899896602e-03 2.739371479875660764e-01 2.955872916606881035e-02 8.103365318104395476e-02 2.541496766059986312e-01
2.850000000000000000e+02 1.462486968534831289e-01 3.633167750743202667e-02 7.847982805140053461e-03 2.509804571705050447e-01 2.410707489969557762e-02 7.308510195736128701e-02 2.351571279906747303e-01
2.950000000000000000e+02 1.390816581491805259e-01 3.338046968334307946e-02 7.132787839729180096e-03 2.268106522245214862e-01 1.927547439420703237e-02 6.565501260830661212e-02 2.157736614910042983e-01
3.050000000000000000e+02 1.321587472299605437e-01 3.081196125063978206e-02 6.979144595333369033e-03 2.025838263737638201e-01 1.509290119277265779e-02 5.893524348932599466e-02 1.968389085465251931e-01
3.150000000000000000e+02 1.249076810968667989e-01 2.799683196847196909e-02 5.460431565278225235e-03 1.795464810118516941e-01 1.177162816929869411e-02 5.289904946816632869e-02 1.786766057884424108e-01
3.250000000000000000e+02 1.172193316434611832e-01 2.465671313332360587e-02 2.788791163125239978e-03 1.584703731742360677e-01 9.324734533282034304e-03 4.735683438212227175e-02 1.615232695999097856e-01
3.350000000000000000e+02 1.097899001764370830e-01 2.096874402708444329e-02 4.932262342878387332e-04 1.392907835117482285e-01 7.669239411695146294e-03 4.205591106399843293e-02 1.455682973760918653e-01
3.450000000000000000e+02 1.032658521174338456e-01 1.724959118083478973e-02 5.840163213550695351e-04 1.218682831503030417e-01 6.108002215741793750e-03 3.694538343931880880e-02 1.310397593535278515e-01
3.550000000000000000e+02 9.769838987079618176e-02 1.342156051329098342e-02 2.620659617759949107e-03 1.060595211424028989e-01 4.511880993227177818e-03 3.231178532859992070e-02 1.180348481708994868e-01
3.650000000000000000e+02 9.130416356620923990e-02 9.972527761612648076e-03 2.645511113007497153e-03 9.136976264064955444e-02 3.739029376603968981e-03 2.838877548788046323e-02 1.055313508473696288e-01
3.750000000000000000e+02 8.297716696904251787e-02 7.202687374342405316e-03 1.021444902998962538e-03 7.755477623859102776e-02 3.562527829365677925e-03 2.510734496040513755e-02 9.281964408401933986e-02
3.850000000000000000e+02 7.431328111524218571e-02 4.843165591085184241e-03 -1.875121692092595899e-04 6.512070989040427693e-02 3.626909718252599099e-03 2.228030095386836565e-02 8.085714597975741935e-02
3.950000000000000000e+02 6.887196267806938721e-02 1.968728962608251674e-03 -7.004725569280349372e-05 5.538343104767947528e-02 3.283447725479045863e-03 1.983199945395765218e-02 7.204369658985326774e-02
4.050000000000000000e+02 6.755515143226531460e-02 -2.028631228854327773e-03 9.356002441331860795e-04 4.868862408195866881e-02 2.527853134408654823e-03 1.780913292251342858e-02 6.702645421836871120e-02
4.150000000000000000e+02 6.576812891796141036e-02 -4.806614026329626699e-03 8.573706064160043112e-04 4.294657150975674659e-02 2.390727382358950534e-03 1.620496854393833550e-02 6.245983448582825143e-02
4.250000000000000000e+02 6.060483743288688080e-02 -4.854450702331155644e-03 1.825414265256408556e-04 3.738605925995475143e-02 2.554610110388186566e-03 1.489592120121551247e-02 5.644340894702857409e-02
4.350000000000000000e+02 5.437467272936680890e-02 -4.248836345436286105e-03 -1.582404364558493565e-04 3.316556041807816602e-02 2.726953414609393101e-03 1.379837177602363275e-02 5.066930246173430297e-02
4.450000000000000000e+02 5.043563431856069174e-02 -5.920982169886991608e-03 -1.687694750609038466e-04 3.120721940262398061e-02 2.593142358826454330e-03 1.289474235498980562e-02 4.726879803808723551e-02
4.550000000000000000e+02 4.928200749363623179e-02 -1.002682755259925139e-02 7.644468774904292555e-05 3.149924288427189550e-02 2.102639505645580859e-03 1.212527738172888836e-02 4.645326387981850436e-02
4.650000000000000000e+02 4.726220164376167959e-02 -1.250935115922328922e-02 2.818728973196037063e-05 3.133649555132010656e-02 2.055739661191939311e-03 1.142813454006835067e-02 4.501341586757506841e-02
4.750000000000000000e+02 4.291253415938414695e-02 -1.186570055902428332e-02 -9.243446143903444659e-05 2.959042789016370564e-02 2.137557720054352513e-03 1.080689650706989635e-02 4.165492927830887621e-02
4.850000000000000000e+02 3.791085817342636222e-02 -9.997036728563680683e-03 4.927283006209984343e-05 2.792262536856585445e-02 2.049575935788552645e-03 1.028038061246185769e-02 3.805693207722703197e-02
4.950000000000000000e+02 3.332184862416737170e-02 -8.122439463412697500e-03 1.857047462407267061e-04 2.694052752165309456e-02 1.935851413770054395e-03 9.824023519349321665e-03 3.504319983258489396e-02
5.050000000000000000e+02 2.998120914713205132e-02 -6.949210124272290311e-03 2.144064183256417253e-04 2.611169577026339894e-02 1.763291166265419565e-03 9.383467337886886375e-03 3.273818612764117092e-02
5.150000000000000000e+02 2.784715848539385738e-02 -6.625914011745680926e-03 2.442005338738177937e-04 2.470794466838993966e-02 1.636681410054914793e-03 8.946546106876573229e-03 3.075082463033018687e-02
5.250000000000000000e+02 2.519988122465301184e-02 -6.251529457842489208e-03 2.555241693957137935e-04 2.309199237591244569e-02 1.496829871655488975e-03 8.542159504638546785e-03 2.841701655260200216e-02
5.350000000000000000e+02 2.290347273438959191e-02 -5.386917257204346110e-03 2.477186186542306703e-04 2.165996075538012544e-02 1.364074518457921836e-03 8.185476862123225797e-03 2.637445517594647071e-02
5.450000000000000000e+02 2.173977641512061035e-02 -4.730842981358899385e-03 2.286049763296286975e-04 2.054653305837889077e-02 1.287771473662439837e-03 7.874315872387677509e-03 2.508031267294358671e-02
5.550000000000000000e+02 2.136056931817121446e-02 -4.774309180599989842e-03 2.056675992436678515e-04 1.998000299815243241e-02 1.219316076556744254e-03 7.589338497893789726e-03 2.446495540710871830e-02
5.650000000000000000e+02 2.131016288982091889e-02 -5.040465091432722554e-03 1.995421410993114151e-04 1.963397242877911245e-02 1.195983559912619813e-03 7.319423285645963728e-03 2.413177930212299580e-02
5.750000000000000000e+02 2.105264460142008617e-02 -4.918748558843601300e-03 1.871696007691950759e-04 1.941747298807482147e-02 1.158377533351657475e-03 7.074178721369680546e-03 2.377214815543229540e-02
5.850000000000000000e+02 2.093745978282654865e-02 -4.287353816742616938e-03 2.219199907124882304e-04 1.910845228229880385e-02 1.136192767402211716e-03 6.862694042900980423e-03 2.345430305401316473e-02
5.950000000000000000e+02 1.998046663272897219e-02 -3.539038168211790410e-03 2.636322086960266866e-04 1.891698445636321585e-02 1.107168114270278090e-03 6.669555046346340582e-03 2.278350306771926431e-02
6.050000000000000000e+02 1.830089969433227465e-02 -2.751821004600393632e-03 2.767934175493904671e-04 1.938993479687087240e-02 1.017469073947380349e-03 6.450936241784435352e-03 2.207088536649379207e-02
6.150000000000000000e+02 1.784949536330214179e-02 -2.294311143490552606e-03 3.093859047674098845e-04 2.021366141203117736e-02 9.596014932751036281e-04 6.199544893050072669e-03 2.213135083419169591e-02
6.250000000000000000e+02 1.795979153791781024e-02 -2.112605272852035275e-03 2.847702909743395658e-04 2.030385109589433190e-02 9.158881317385479236e-04 5.953345562622775269e-03 2.210849409821745784e-02
6.350000000000000000e+02 1.766701284521836335e-02 -1.920650266324950032e-03 2.589323968465427356e-04 1.953590493323624153e-02 8.464082533588291333e-04 5.730818726395832743e-03 2.146686825242521968e-02
6.450000000000000000e+02 1.699506992577573886e-02 -1.429874317252417728e-03 2.568750906295582705e-04 1.848202940497241376e-02 7.777433076520289717e-04 5.525222394345041636e-03 2.050116086254659409e-02
6.550000000000000000e+02 1.624573532971292436e-02 -7.128401333030132256e-04 2.269682169564149910e-04 1.770454755879423414e-02 7.220452605175103856e-04 5.326763539334451215e-03 1.963852321392080269e-02
6.650000000000000000e+02 1.591336804783705441e-02 -2.927621848323397682e-04 2.137997390125722242e-04 1.704255257002857890e-02 6.921700912935319604e-04 5.137593858248461209e-03 1.904675723805704726e-02
6.750000000000000000e+02 1.576781817606877703e-02 -2.646016728927729649e-04 2.008345542734787535e-04 1.635216485537758363e-02 6.697372138685411510e-04 4.968924119703995411e-03 1.854445357557518020e-02
6.850000000000000000e+02 1.562409202739628751e-02 -3.096188936339896720e-04 2.156607715206976218e-04 1.545870054735982817e-02 6.380756923040739777e-04 4.823112067454892425e-03 1.795295232110550449e-02
6.950000000000000000e+02 1.456063457225705016e-02 -4.724483548241031644e-05 2.249038065760084143e-04 1.456741239586562334e-02 6.046782835564637774e-04 4.681939021628524905e-03 1.690499299487559920e-02
7.050000000000000000e+02 1.320321489726170201e-02 5.435209949511039546e-04 1.898326381843717979e-04 1.408104147577807046e-02 5.630594240767656513e-04 4.518400135638514850e-03 1.590132825433914279e-02
7.150000000000000000e+02 1.311596197728581541e-02 5.415582410344800621e-04 2.011468800570554436e-04 1.425289825334031049e-02 5.230483343616960153e-04 4.336813502451351485e-03 1.585283686653873869e-02
7.250000000000000000e+02 1.351647525021967312e-02 1.463004697789406614e-04 2.088383669949081046e-04 1.485886672039851177e-02 5.132718459131722314e-04 4.163630374875442082e-03 1.626948617274681305e-02
7.350000000000000000e+02 1.348147447577187005e-02 4.538341721084475215e-05 2.254726875855016634e-04 1.589394159786541513e-02 5.037690016532496342e-04 4.005679428757719270e-03 1.669054775119750353e-02
7.450000000000000000e+02 1.316163933452221650e-02 7.950105907989361061e-04 2.525578641624413000e-04 1.691050056054460224e-02 4.703357041840534642e-04 3.856225682441670900e-03 1.696418278875424374e-02
7.550000000000000000e+02 1.315151149730587471e-02 2.048858640935735664e-03 2.341960509231749568e-04 1.680745081575742150e-02 4.217348203039401693e-04 3.711181625444823131e-03 1.683507196925405902e-02
7.650000000000000000e+02 1.368501187687046552e-02 2.842745754218323033e-03 1.996279081573015487e-04 1.605727839548999961e-02 3.672209344126512831e-04 3.573577352660086987e-03 1.665793381251027758e-02
7.750000000000000000e+02 1.420794064189402975e-02 2.942580804205391278e-03 1.429666095415312759e-04 1.535596478961384626e-02 3.503519920449749158e-04 3.451793390598964072e-03 1.650784941105341852e-02
7.850000000000000000e+02 1.437375300197152317e-02 2.589880544708200553e-03 1.416880314067610921e-04 1.501682047344758686e-02 3.376765630463994050e-04 3.345879177234851749e-03 1.636822632632698241e-02
7.950000000000000000e+02 1.288496326669785405e-02 3.266560868673183248e-03 1.514410455573678171e-04 1.481431059864136458e-02 3.398121010629426742e-04 3.242600176100094139e-03 1.547093702071965747e-02
8.050000000000000000e+02 1.034948052375525562e-02 4.913390496716465820e-03 9.130248185787551455e-05 1.406049237295514676e-02 3.630116575579765996e-04 3.130447778895339463e-03 1.377021033780287049e-02
8.150000000000000000e+02 9.369171377791652919e-03 5.636377569553543791e-03 1.125924353485742023e-04 1.298593759912152965e-02 3.093280228542638816e-04 3.013910449794146226e-03 1.268450971335366440e-02
8.250000000000000000e+02 9.470554918195331351e-03 5.449979301566563149e-03 1.229144294325464439e-04 1.217323520841541960e-02 2.503623819050858562e-04 2.902721276530710690e-03 1.227325570157073234e-02
8.350000000000000000e+02 9.733259932957883873e-03 5.353269888803145575e-03 7.156808245942999382e-05 1.210293634415861123e-02 2.206748497233006147e-04 2.795125839155605113e-03 1.231566105813605011e-02
8.450000000000000000e+02 1.032383217520665454e-02 5.506177772824886671e-03 2.782781086317571010e-05 1.229519540054399042e-02 1.952871711884877719e-04 2.683286598277906387e-03 1.265115708701427567e-02
8.550000000000000000e+02 1.065493241371907700e-02 5.476025229573158910e-03 -7.946903920202370486e-06 1.214314435955285952e-02 1.840180267291231049e-04 2.564762652121074966e-03 1.268141971269650531e-02
8.650000000000000000e+02 1.054428837185012423e-02 5.360951406152185753e-03 -2.229702654695692751e-05 1.190724859382746859e-02 1.800408425258256267e-04 2.440478632997373967e-03 1.244600779933748361e-02
8.750000000000000000e+02 1.027954655710043227e-02 5.130353560494856947e-03 -5.102952965499655894e-06 1.156110088498087281e-02 1.852424123169295811e-04 2.307127430260645217e-03 1.207388743617097623e-02
8.850000000000000000e+02 1.012979847859682078e-02 4.770503289933392121e-03 2.982075142715608285e-05 1.117070408455881139e-02 1.750575628098423515e-04 2.149086722175343103e-03 1.172479464266548699e-02
8.950000000000000000e+02 1.020792769661055428e-02 4.627418187641187640e-03 7.571718710925794485e-05 1.087622452049945287e-02 1.561045079101281623e-04 1.952788940518038457e-03 1.151847057881402216e-02
9.050000000000000000e+02 1.059061281817177264e-02 4.509454930662223048e-03 1.140937601622204356e-04 1.131733284172265278e-02 1.240567771671809985e-04 1.735011429345401091e-03 1.182147854461991325e-02
9.150000000000000000e+02 1.111146546065375912e-02 4.742307365046099545e-03 1.097399185247833472e-04 1.250350730487432768e-02 6.494289937224181713e-05 1.515462407546352541e-03 1.256521758653721989e-02
9.250000000000000000e+02 1.113758210634864347e-02 5.308551557542406235e-03 7.471594894372261060e-05 1.367324359434340247e-02 3.901352921317857665e-05 1.277218170814617111e-03 1.304402193575333185e-02
9.350000000000000000e+02 1.108307397830128604e-02 6.345120323336257175e-03 6.669561447852092012e-05 1.578464076860914764e-02 4.288949149825731780e-05 9.659605455149254151e-04 1.391683764621268020e-02
9.450000000000000000e+02 1.221646005700642058e-02 9.333884340325834111e-03 7.837734848471650533e-05 1.958481252906751555e-02 -1.521508212365634283e-05 5.361179831312563263e-04 1.616869528460259872e-02
9.550000000000000000e+02 1.816673879076000780e-02 1.679270489669079658e-02 2.592206756356621922e-05 2.071749190496594006e-02 -2.348175801320910729e-05 8.756116200783849765e-05 1.948589592886689273e-02
