# z u v w uhoriz
5.000000000000000000e+00 7.430606310435423634e-01 -7.926126016407297747e+00 -2.139080278377633735e-08 7.960880147909239923e+00
1.500000000000000000e+01 7.247302225469928194e-01 -8.096434427319154636e+00 -3.329596511141102566e-08 8.128805836735914170e+00
2.500000000000000000e+01 6.933082132758392468e-01 -8.333877315957668230e+00 -4.022887004215759810e-08 8.362666285104861430e+00
3.500000000000000000e+01 6.680936000582410328e-01 -8.490061809067453780e+00 -4.345096286085788574e-08 8.516307802106762637e+00
4.500000000000000000e+01 6.337597595425680241e-01 -8.618972912056888092e+00 -4.453449400867319941e-08 8.642241925078575804e+00
5.500000000000000000e+01 5.903056939509461198e-01 -8.720662670376951198e+00 -4.406365009472801996e-08 8.740618869554772630e+00
6.500000000000000000e+01 5.444169615888465596e-01 -8.801428930021973684e+00 -4.288436944297298311e-08 8.818250452232199166e+00
7.500000000000000000e+01 4.961476065575301519e-01 -8.861135958567810889e+00 -4.118437907410342361e-08 8.875015094281035744e+00
8.500000000000000000e+01 4.423404384971272307e-01 -8.908576350072122452e+00 -3.940335530143535155e-08 8.919551426422415830e+00
9.500000000000000000e+01 3.828959066788640841e-01 -8.943758251401145998e+00 -3.753525067434237655e-08 8.951950677637668718e+00
1.050000000000000000e+02 2.600316439190961115e-01 -8.970142100544718389e+00 -3.581308948395378622e-08 8.973910282580503051e+00
1.150000000000000000e+02 7.365717130882255825e-02 -8.987791233519189404e+00 -3.414550679056422017e-08 8.988093047816628101e+00
1.250000000000000000e+02 -1.406307360031047449e-01 -8.997032259137583310e+00 -3.267718704386451316e-08 8.998131276874721252e+00
1.350000000000000000e+02 -3.826452275621456400e-01 -8.997859603695443909e+00 -3.130336998020302480e-08 9.005992161777092164e+00
1.450000000000000000e+02 -5.509538129866828893e-01 -8.988583812523510019e+00 -3.011274352956110146e-08 9.005453295576199224e+00
1.550000000000000000e+02 -6.455475312002608712e-01 -8.969168848647292691e+00 -2.900776192458405194e-08 8.992370179801527641e+00
1.650000000000000000e+02 -8.059485978957477981e-01 -8.913780730122159213e+00 -2.802010169135850015e-08 8.950141900950356444e+00
1.750000000000000000e+02 -1.032249588955539199e+00 -8.822416060516941272e+00 -2.709323585365228336e-08 8.882598964197704561e+00
1.850000000000000000e+02 -1.277055059623162014e+00 -8.719701292939635806e+00 -2.625760780995645869e-08 8.812721501522799983e+00
1.950000000000000000e+02 -1.540293847993096543e+00 -8.605662649261963892e+00 -2.547233278159387307e-08 8.742421562191326601e+00
2.050000000000000000e+02 -1.778631037030487860e+00 -8.489648015613607157e+00 -2.482380335454911666e-08 8.673964018538480758e+00
2.150000000000000000e+02 -1.992042023635345993e+00 -8.371663556296951469e+00 -2.422128885398453486e-08 8.605404239416049705e+00
2.250000000000000000e+02 -2.204539368796911702e+00 -8.250828936040802475e+00 -2.379992201391817373e-08 8.540267674984413304e+00
2.350000000000000000e+02 -2.416136453797764982e+00 -8.127141902338083312e+00 -2.343191004820537501e-08 8.478688039084225636e+00
2.450000000000000000e+02 -2.624919426853466575e+00 -7.997578852066646427e+00 -2.335965818202064933e-08 8.417331494749175747e+00
2.550000000000000000e+02 -2.830890471802319563e+00 -7.862141236111813924e+00 -2.319250978590583220e-08 8.356267449041524742e+00
2.650000000000000000e+02 -3.036692216714530268e+00 -7.726910497168767655e+00 -2.281118684737059376e-08 8.302207263752904964e+00
2.750000000000000000e+02 -3.242321238125467353e+00 -7.591887748258626445e+00 -2.204300623271227304e-08 8.255265386004190020e+00
2.850000000000000000e+02 -3.439622483437344780e+00 -7.452807060846823539e+00 -2.125510263480139786e-08 8.208248041742887580e+00
2.950000000000000000e+02 -3.628594236568728260e+00 -7.309668269440174448e+00 -2.126684729632199476e-08 8.160756481045142507e+00
3.050000000000000000e+02 -3.814802243710577745e+00 -7.165154412899970460e+00 -1.969662250766409776e-08 8.117398223526993917e+00
3.150000000000000000e+02 -3.998250560230228068e+00 -7.019267392267928507e+00 -1.777073753847734660e-08 8.078126160597959071e+00
3.250000000000000000e+02 -4.181698183295040394e+00 -6.873379957218606506e+00 -1.419169847701842496e-08 8.045492634541870913e+00
3.350000000000000000e+02 -4.365147101039924316e+00 -6.727492863151714353e+00 -1.354468264058931054e-08 8.019580377892255640e+00
3.450000000000000000e+02 -4.548594800418425343e+00 -6.581604514999087385e+00 -1.288197800529769849e-08 8.000452027870045058e+00
3.550000000000000000e+02 -4.725666795334470649e+00 -6.433492592575229985e+00 -1.260293452218723336e-08 7.982590657126740652e+00
3.650000000000000000e+02 -4.896362358398533843e+00 -6.283157922849549770e+00 -1.252881189514957550e-08 7.965703850144639553e+00
3.750000000000000000e+02 -5.067056391103333723e+00 -6.132822538900474463e+00 -1.257028285731026100e-08 7.955285837998959053e+00
3.850000000000000000e+02 -5.237752120093096764e+00 -5.982487358137920985e+00 -1.266193801672676120e-08 7.951364804976550182e+00
3.950000000000000000e+02 -5.408445926133641279e+00 -5.832152062872209441e+00 -1.278053095660568468e-08 7.953947763241606239e+00
4.050000000000000000e+02 -5.573049293193983900e+00 -5.681142106411047443e+00 -1.290842315322731521e-08 7.958282104676015933e+00
4.150000000000000000e+02 -5.731562517365865972e+00 -5.529456829332462853e+00 -1.304226372099186031e-08 7.964025471953537050e+00
4.250000000000000000e+02 -5.890073692602410205e+00 -5.377771399141571429e+00 -1.318766966675629208e-08 7.975800481814479426e+00
4.350000000000000000e+02 -6.048586554178455366e+00 -5.226086829956745561e+00 -1.332746970175445339e-08 7.993583855670480354e+00
4.450000000000000000e+02 -6.207098051126597404e+00 -5.074402297803547235e+00 -1.348453696080129973e-08 8.017332779438154589e+00
4.550000000000000000e+02 -6.357232854946812672e+00 -4.923323853885857915e+00 -1.362732943696851738e-08 8.040741715927499200e+00
4.650000000000000000e+02 -6.498990057865349890e+00 -4.772851629786694971e+00 -1.378011456051808383e-08 8.063311010508659393e+00
4.750000000000000000e+02 -6.640744224792404005e+00 -4.622380060664911028e+00 -1.389256980932443572e-08 8.091098892260939479e+00
4.850000000000000000e+02 -6.782501159447433814e+00 -4.471907508307858770e+00 -1.397527285077980916e-08 8.124055559926087966e+00
4.950000000000000000e+02 -6.924254488129089502e+00 -4.321437748388915701e+00 -1.398734299854425801e-08 8.162115193353773890e+00
5.050000000000000000e+02 -7.049269827538449995e+00 -4.184529100360726339e+00 -1.395805933991179612e-08 8.197712418303639836e+00
5.150000000000000000e+02 -7.157546038232125873e+00 -4.061182719398074958e+00 -1.384709117647526707e-08 8.229439250018797836e+00
5.250000000000000000e+02 -7.265817568505484658e+00 -3.937839761863152876e+00 -1.373352349508148753e-08 8.264301962592691453e+00
5.350000000000000000e+02 -7.374092702625737239e+00 -3.814493385313571405e+00 -1.354587373232612282e-08 8.302264930337933890e+00
5.450000000000000000e+02 -7.482365678538561937e+00 -3.691148903916570578e+00 -1.340689853364785902e-08 8.343283309240813850e+00
5.550000000000000000e+02 -7.579832620897286155e+00 -3.576198925788952376e+00 -1.323077874246038034e-08 8.381113369811476588e+00
5.650000000000000000e+02 -7.666493298275582013e+00 -3.469643613732586562e+00 -1.321334105088560533e-08 8.415078508179215433e+00
5.750000000000000000e+02 -7.753151697640447537e+00 -3.363089992330836608e+00 -1.307554693921994843e-08 8.451138121172839135e+00
5.850000000000000000e+02 -7.839811490931185567e+00 -3.256536960115369528e+00 -1.274592581950382692e-08 8.489268353982815540e+00
5.950000000000000000e+02 -7.926471471749470865e+00 -3.149980442763540722e+00 -1.210440216308684304e-08 8.529438831614363892e+00
6.050000000000000000e+02 -8.015936146729321976e+00 -3.025691638617516777e+00 -1.144829696116269867e-08 8.567966048044407756e+00
6.150000000000000000e+02 -8.108206680542645373e+00 -2.883669428606692176e+00 -1.142399446274900157e-08 8.605728612260396204e+00
6.250000000000000000e+02 -8.200478521896798156e+00 -2.741642889420228268e+00 -1.014530713085709211e-08 8.646644072771771050e+00
6.350000000000000000e+02 -8.292749892905032283e+00 -2.599618899785685056e+00 -8.594451289553549933e-09 8.690668513434358644e+00
6.450000000000000000e+02 -8.385020831088391802e+00 -2.457594578739655589e+00 -5.678342906957576349e-09 8.737754027851597272e+00
6.550000000000000000e+02 -8.477114770358690876e+00 -2.313467327799689777e+00 -5.078457807004703958e-09 8.787127284080396450e+00
6.650000000000000000e+02 -8.569032103675741752e+00 -2.167236914153515048e+00 -4.445873538264409767e-09 8.838847607912196480e+00
6.750000000000000000e+02 -8.660949312721051285e+00 -2.021005975823684242e+00 -4.082920870607953088e-09 8.893621767977222703e+00
6.850000000000000000e+02 -8.752866176734194426e+00 -1.874776600094834267e+00 -3.866288593421853482e-09 8.951393947764819004e+00
6.950000000000000000e+02 -8.844782870322262625e+00 -1.728544806362580788e+00 -3.731064182067839599e-09 9.012105812225529533e+00
7.050000000000000000e+02 -8.934637342096497292e+00 -1.571033671401186327e+00 -3.632227701270445268e-09 9.071708286285524281e+00
7.150000000000000000e+02 -9.022429212087025974e+00 -1.402243118293259982e+00 -3.566549777421916368e-09 9.130745569225007685e+00
7.250000000000000000e+02 -9.110221319557870956e+00 -1.233449524155693089e+00 -3.526066432911983079e-09 9.193341624239071308e+00
7.350000000000000000e+02 -9.198013494269552837e+00 -1.064657106597039382e+00 -3.520106690065445802e-09 9.259424765901625776e+00
7.450000000000000000e+02 -9.285804504338823762e+00 -8.958649297805538758e-01 -3.556394529219836412e-09 9.328919512205574804e+00
7.550000000000000000e+02 -9.374172499497273492e+00 -7.263855819811479986e-01 -3.616765674260943052e-09 9.402273451886040689e+00
7.650000000000000000e+02 -9.463119722867894268e+00 -5.562176012420351201e-01 -3.711255345126020251e-09 9.479452141830918777e+00
7.750000000000000000e+02 -9.552068155654550807e+00 -3.860483341998985352e-01 -3.807407369352843105e-09 9.559866074721353968e+00
7.850000000000000000e+02 -9.641013741136795545e+00 -2.158817670671920597e-01 -3.912180841970292569e-09 9.643430452600389557e+00
7.950000000000000000e+02 -9.729961843502159979e+00 -4.571449412493386322e-02 -3.988177182706941549e-09 9.730069233617047786e+00
8.050000000000000000e+02 -9.834240745094948721e+00 1.362725506753434401e-01 -4.047312747438908414e-09 9.835184860517529160e+00
8.150000000000000000e+02 -9.953850488238233041e+00 3.300795787835630324e-01 -4.058164888861547644e-09 9.959321868005392986e+00
8.250000000000000000e+02 -1.007346322734969313e+01 5.238874734380546405e-01 -4.069622164887394540e-09 1.008707685494622375e+01
8.350000000000000000e+02 -1.019307416937222044e+01 7.176936493703566233e-01 -4.019007247493596538e-09 1.021830931204716109e+01
8.450000000000000000e+02 -1.031268601171916366e+01 9.115010532691626421e-01 -4.000974079401535723e-09 1.035288978722457465e+01
8.550000000000000000e+02 -1.043238892902830095e+01 1.105329099437649898e+00 -3.896207534617175860e-09 1.049078124757998687e+01
8.650000000000000000e+02 -1.055218297088284096e+01 1.299178718218281459e+00 -3.823722545631177861e-09 1.063185923500029872e+01
8.750000000000000000e+02 -1.067197725637864636e+01 1.493028703167248450e+00 -3.670178267568460593e-09 1.077590985806508961e+01
8.850000000000000000e+02 -1.079176898355233938e+01 1.686877575712214972e+00 -3.562833744890754075e-09 1.092281253843546551e+01
8.950000000000000000e+02 -1.091156515593319298e+01 1.880727708768496598e+00 -3.326437646920639863e-09 1.107246092188655950e+01
9.050000000000000000e+02 -1.105470738718855905e+01 2.080274345518274171e+00 -2.993381114967871437e-09 1.124873756334384289e+01
9.150000000000000000e+02 -1.122119600961923958e+01 2.285517876176441199e+00 -2.471268758586003963e-09 1.145158643370501750e+01
9.250000000000000000e+02 -1.138768864563442484e+01 2.490762063156386485e+00 -1.930078823024888797e-09 1.165690131832513465e+01
9.350000000000000000e+02 -1.155417887903348984e+01 2.696004592312402082e+00 -1.887407504917770131e-09 1.186454762435016619e+01
9.450000000000000000e+02 -1.172067253779182039e+01 2.901250131707556079e+00 -1.128967393251335178e-09 1.207441166537237365e+01
9.550000000000000000e+02 -1.189874459981061072e+01 3.109469755581744099e+00 -1.907919950367955681e-10 1.229833017984148036e+01
