# z u v w uhoriz
5.000000000000000000e+00 1.959722373642404647e-01 -6.399800098173971108e+00 -2.532692766150775654e-08 6.402799888674103990e+00
1.500000000000000000e+01 1.882879782121219814e-01 -6.457552573288497300e+00 -3.959613911218641753e-08 6.460297020998654993e+00
2.500000000000000000e+01 1.762721059596573658e-01 -6.558106962955261743e+00 -4.812546751669195314e-08 6.560475500518368364e+00
3.500000000000000000e+01 1.675776986660623136e-01 -6.657995185895637213e+00 -5.246567790569407608e-08 6.660103766496411559e+00
4.500000000000000000e+01 1.584807009327866278e-01 -6.740029027449167209e+00 -5.432949198965297736e-08 6.741891976546755316e+00
5.500000000000000000e+01 1.489607056690434306e-01 -6.804278353436924220e+00 -5.444587676660865467e-08 6.805908697806907881e+00
6.500000000000000000e+01 1.370272411292915160e-01 -6.869337163927529133e+00 -5.371128090944477689e-08 6.870703714797153694e+00
7.500000000000000000e+01 1.226647597678610230e-01 -6.935296014099022521e+00 -5.237147816236038019e-08 6.936380716661009416e+00
8.500000000000000000e+01 1.030155336178007475e-01 -7.009954619643012919e+00 -5.088097685310280166e-08 7.010711516645153019e+00
9.500000000000000000e+01 7.806289329369095475e-02 -7.093305286745466454e+00 -4.924392429127043357e-08 7.093734820690760223e+00
1.050000000000000000e+02 4.812036726913503093e-02 -7.179810612188187058e+00 -4.769876598308075578e-08 7.179971866005898207e+00
1.150000000000000000e+02 1.318904750582188673e-02 -7.269435974950237522e+00 -4.614809372312633124e-08 7.269447939484456889e+00
1.250000000000000000e+02 -2.514149631536548302e-02 -7.358113634438532280e+00 -4.474418695674126991e-08 7.358156586547149658e+00
1.350000000000000000e+02 -6.686009022403600899e-02 -7.445816472004413988e+00 -4.337471458473724182e-08 7.446116652755113918e+00
1.450000000000000000e+02 -1.109265345644061679e-01 -7.530085704201438190e+00 -4.214506151186347988e-08 7.530902695473454145e+00
1.550000000000000000e+02 -1.573155514258148258e-01 -7.610903890836286045e+00 -4.095569477280214422e-08 7.612529554508627783e+00
1.650000000000000000e+02 -1.986661285480145478e-01 -7.682445818662571035e+00 -3.986457834497609577e-08 7.685014117574429093e+00
1.750000000000000000e+02 -2.349464292930177889e-01 -7.744662432347099390e+00 -3.881105297410890564e-08 7.748225346209674846e+00
1.850000000000000000e+02 -2.716393321454591003e-01 -7.804151710711778378e+00 -3.784249233203660461e-08 7.808877758716294082e+00
1.950000000000000000e+02 -3.087846996404003397e-01 -7.860916960846809687e+00 -3.691873116909313253e-08 7.866979309497454942e+00
2.050000000000000000e+02 -3.601531659840063182e-01 -7.916993496999693569e+00 -3.611835205425497417e-08 7.925181154680550399e+00
2.150000000000000000e+02 -4.257668816266357292e-01 -7.972400225263911899e+00 -3.537606750858022400e-08 7.983761193151893032e+00
2.250000000000000000e+02 -4.961867442533182126e-01 -8.028673308101282657e+00 -3.480263330342037324e-08 8.043991321066345179e+00
2.350000000000000000e+02 -5.714070406173923367e-01 -8.085828592481684396e+00 -3.431334254352688830e-08 8.105993463670042587e+00
2.450000000000000000e+02 -6.619913922664598660e-01 -8.143783506760810198e+00 -3.407342648681500118e-08 8.170645164760507839e+00
2.550000000000000000e+02 -7.679446292599545476e-01 -8.202538390902201826e+00 -3.379968102173229038e-08 8.238408523970736752e+00
2.650000000000000000e+02 -8.761779885667759782e-01 -8.260483250294077706e+00 -3.339577466178420546e-08 8.306820775485524777e+00
2.750000000000000000e+02 -9.867005100876093948e-01 -8.317618294196119422e+00 -3.273145534098429626e-08 8.375938871825242771e+00
2.850000000000000000e+02 -1.117567519169723855e+00 -8.370416045552097728e+00 -3.207124997634950015e-08 8.444691938462835168e+00
2.950000000000000000e+02 -1.268804737367322577e+00 -8.418853664344695176e+00 -3.201262327673950007e-08 8.513927559194749861e+00
3.050000000000000000e+02 -1.427456823534406949e+00 -8.457594887599780620e+00 -3.078072273784083834e-08 8.577210750926484550e+00
3.150000000000000000e+02 -1.593469674893684518e+00 -8.486635022425897290e+00 -2.930406466250961170e-08 8.634935993316428693e+00
3.250000000000000000e+02 -1.759507537165872604e+00 -8.515657443089072132e+00 -2.656034327717589273e-08 8.695532672664846530e+00
3.350000000000000000e+02 -1.925554230852705606e+00 -8.544666949465131722e+00 -2.600601150116188445e-08 8.758943564907614387e+00
3.450000000000000000e+02 -2.091624476203835847e+00 -8.573628741160719713e+00 -2.545372164310544192e-08 8.825078058618638366e+00
3.550000000000000000e+02 -2.272106993191099544e+00 -8.582340343411203776e+00 -2.514756343515570316e-08 8.878008558153762664e+00
3.650000000000000000e+02 -2.467018410812223728e+00 -8.570783643314793920e+00 -2.498764494720414306e-08 8.918773015375986546e+00
3.750000000000000000e+02 -2.661975491423983264e+00 -8.559188723808270893e+00 -2.487935258383284480e-08 8.963583274935789547e+00
3.850000000000000000e+02 -2.856930937103991486e+00 -8.547602191603113297e+00 -2.480116318911587539e-08 9.012411309149191752e+00
3.950000000000000000e+02 -3.051894350730809169e+00 -8.535988550488903925e+00 -2.471382510019540419e-08 9.065161866293413695e+00
4.050000000000000000e+02 -3.257776278251392821e+00 -8.504821590948210996e+00 -2.463571740473761636e-08 9.107419863660418002e+00
4.150000000000000000e+02 -3.474581651268676907e+00 -8.454095242754426920e+00 -2.455104579507292249e-08 9.140264986579765605e+00
4.250000000000000000e+02 -3.691406235587850304e+00 -8.403346500917269424e+00 -2.450271494409423688e-08 9.178382886468366308e+00
4.350000000000000000e+02 -3.908225194913137912e+00 -8.352614209745480522e+00 -2.444865566638270875e-08 9.221734560861960972e+00
4.450000000000000000e+02 -4.125049982103099033e+00 -8.301858303677731143e+00 -2.445300639626466681e-08 9.270215135000464457e+00
4.550000000000000000e+02 -4.348309485863432577e+00 -8.232327387699186261e+00 -2.444968226671133075e-08 9.310156260939555395e+00
4.650000000000000000e+02 -4.578003566010669267e+00 -8.144020504306764607e+00 -2.449532229859972266e-08 9.342547116550999675e+00
4.750000000000000000e+02 -4.807706229703621936e+00 -8.055691005227386015e+00 -2.449108200226928769e-08 9.381268398400742115e+00
4.850000000000000000e+02 -5.037404303637923242e+00 -7.967374386398177855e+00 -2.445816858989716393e-08 9.426266319776011926e+00
4.950000000000000000e+02 -5.267101422459905535e+00 -7.879052152960206001e+00 -2.431927782402862747e-08 9.477437429154887738e+00
5.050000000000000000e+02 -5.494632253945707312e+00 -7.782315441829784852e+00 -2.412743167573328549e-08 9.526563768864553694e+00
5.150000000000000000e+02 -5.719991197782140269e+00 -7.677166695633981242e+00 -2.380670029888530939e-08 9.573776045806416946e+00
5.250000000000000000e+02 -5.945349946449309364e+00 -7.572010527883184849e+00 -2.350796085093526605e-08 9.627176606883173449e+00
5.350000000000000000e+02 -6.170711991134147922e+00 -7.466858022135068218e+00 -2.308965600957291142e-08 9.686674104162356969e+00
5.450000000000000000e+02 -6.396071664794597211e+00 -7.361701747304026711e+00 -2.278888134223280136e-08 9.752147730497497946e+00
5.550000000000000000e+02 -6.619978607777566637e+00 -7.252179408923926651e+00 -2.243079451129549851e-08 9.819278127573982218e+00
5.650000000000000000e+02 -6.842435789509654143e+00 -7.138289337786515532e+00 -2.240309343166834389e-08 9.888078792339756617e+00
5.750000000000000000e+02 -7.064892945481340725e+00 -7.024393917538402476e+00 -2.214418606808105005e-08 9.962671440927001854e+00
5.850000000000000000e+02 -7.287351840203308839e+00 -6.910503636653367643e+00 -2.150846635236489484e-08 1.004293569406445918e+01
5.950000000000000000e+02 -7.509805564072995487e+00 -6.796607284924175651e+00 -2.025254424112661246e-08 1.012872401616640516e+01
6.050000000000000000e+02 -7.724923056743342009e+00 -6.671648979775810950e+00 -1.896448672962072388e-08 1.020712184418058754e+01
6.150000000000000000e+02 -7.932703151213392090e+00 -6.535626576035184598e+00 -1.892574151494054501e-08 1.027823885822120076e+01
6.250000000000000000e+02 -8.140478571702272959e+00 -6.399595590163120740e+00 -1.639928093337266006e-08 1.035481603380664417e+01
6.350000000000000000e+02 -8.348257722590668450e+00 -6.263568433135529467e+00 -1.333081057581580768e-08 1.043674741092101854e+01
6.450000000000000000e+02 -8.556031626757384601e+00 -6.127537480612117449e+00 -7.563526163168268107e-09 1.052389627345209711e+01
6.550000000000000000e+02 -8.756343508067180537e+00 -5.989080133954261420e+00 -6.388166848702200049e-09 1.060861124192020988e+01
6.650000000000000000e+02 -8.949193370341227194e+00 -5.848197964883643962e+00 -5.151006720710899128e-09 1.069062586644152368e+01
6.750000000000000000e+02 -9.142039728249155672e+00 -5.707315390983286996e+00 -4.455762900943887547e-09 1.077730668418787374e+01
6.850000000000000000e+02 -9.334894654722026175e+00 -5.566434925797188349e+00 -4.059754193036588319e-09 1.086855353751788833e+01
6.950000000000000000e+02 -9.527735982456682962e+00 -5.425546783313841992e+00 -3.826440970923531698e-09 1.096422869377171416e+01
7.050000000000000000e+02 -9.700869613794218083e+00 -5.278392702494186572e+00 -3.673003283010430124e-09 1.104392596795088366e+01
7.150000000000000000e+02 -9.854294442030816725e+00 -5.124976523367869241e+00 -3.580075356929159305e-09 1.110731755714723690e+01
7.250000000000000000e+02 -1.000770972802908965e+01 -4.971556835595853485e+00 -3.532428544095815079e-09 1.117455284877421562e+01
7.350000000000000000e+02 -1.016113452758076185e+01 -4.818138508790364760e+00 -3.537247643566384035e-09 1.124558195815061268e+01
7.450000000000000000e+02 -1.031455366528123108e+01 -4.664723529784068567e+00 -3.604717579007045270e-09 1.132032079595307295e+01
7.550000000000000000e+02 -1.046213095882555066e+01 -4.515089269536359140e+00 -3.708431150116512255e-09 1.139483283385493273e+01
7.650000000000000000e+02 -1.060386677698556745e+01 -4.369236358106221907e+00 -3.861419340024958982e-09 1.146874958210595885e+01
7.750000000000000000e+02 -1.074559680240373716e+01 -4.223384029751609425e+00 -4.018962929648016006e-09 1.154577079724824529e+01
7.850000000000000000e+02 -1.088733188759537640e+01 -4.077529361005241881e+00 -4.188079572606892192e-09 1.162584368209511609e+01
7.950000000000000000e+02 -1.102905160524375816e+01 -3.931685515534975028e+00 -4.321240375764485674e-09 1.170889107918411831e+01
8.050000000000000000e+02 -1.114511536675517078e+01 -3.801822242878056812e+00 -4.430380470064797175e-09 1.177571436918901249e+01
8.150000000000000000e+02 -1.123551741768012491e+01 -3.687943282544656753e+00 -4.480233324723063830e-09 1.182530241889228506e+01
8.250000000000000000e+02 -1.132590230920856023e+01 -3.574072725957326835e+00 -4.529269928625107445e-09 1.187644976279392317e+01
8.350000000000000000e+02 -1.141629702765134979e+01 -3.460194825235688665e+00 -4.504678816021422053e-09 1.192915697156127131e+01
8.450000000000000000e+02 -1.150668981571608818e+01 -3.346317839755871937e+00 -4.522657849797166536e-09 1.198339491128339418e+01
8.550000000000000000e+02 -1.159728613207293257e+01 -3.232439165342026133e+00 -4.436722844910368069e-09 1.203934003950416809e+01
8.650000000000000000e+02 -1.168808826012261903e+01 -3.118557204150581352e+00 -4.392403611279387849e-09 1.209697508520108045e+01
8.750000000000000000e+02 -1.177889201011701914e+01 -3.004676491947818384e+00 -4.247651774946305696e-09 1.215608398322676997e+01
8.850000000000000000e+02 -1.186969327719923228e+01 -2.890792788114459277e+00 -4.159670801925149361e-09 1.221664034989175107e+01
8.950000000000000000e+02 -1.196049925104637346e+01 -2.776915008728765955e+00 -3.909459881399684044e-09 1.227863181710339902e+01
9.050000000000000000e+02 -1.206001913436923267e+01 -2.676165385924388129e+00 -3.536511527432349295e-09 1.235337697531212875e+01
9.150000000000000000e+02 -1.216825310870054722e+01 -2.588539376281658200e+00 -2.925176886701956892e-09 1.244053535101931196e+01
9.250000000000000000e+02 -1.227648975261024766e+01 -2.500921298379812363e+00 -2.286529990249920338e-09 1.252863951060266601e+01
9.350000000000000000e+02 -1.238472172313679742e+01 -2.413301271958215199e+00 -2.265203794021333712e-09 1.261766044830703315e+01
9.450000000000000000e+02 -1.249295485627383506e+01 -2.325677975893104321e+00 -1.355586596893072418e-09 1.270758431364711605e+01
9.550000000000000000e+02 -1.260346014828723682e+01 -2.240884901736109214e+00 -2.127155459167710683e-10 1.280112389020172614e+01
