# z u v w uhoriz
5.000000000000000000e+00 6.628214418715943079e-01 -7.514189008847615980e+00 -2.200989198959404659e-08 7.543365875024957923e+00
1.500000000000000000e+01 6.487226562799905949e-01 -7.634473972166140321e+00 -3.428339635740994327e-08 7.661986290541977773e+00
2.500000000000000000e+01 6.244931976778572702e-01 -7.810960010665199071e+00 -4.145938666890466948e-08 7.835884636858610364e+00
3.500000000000000000e+01 6.050652688742785834e-01 -7.942256317928927167e+00 -4.484709445507514911e-08 7.965270830253033729e+00
4.500000000000000000e+01 5.769676340634193323e-01 -8.049202897061482176e+00 -4.604224063388555658e-08 8.069854950915766878e+00
5.500000000000000000e+01 5.402045434176954153e-01 -8.131830151029941334e+00 -4.565299008010409974e-08 8.149753527188952518e+00
6.500000000000000000e+01 5.009030011044803832e-01 -8.197014476462527455e+00 -4.453577417970282747e-08 8.212304800958845519e+00
7.500000000000000000e+01 4.591000878415154585e-01 -8.244703989668972000e+00 -4.288443811928651446e-08 8.257476416431327237e+00
8.500000000000000000e+01 4.113822411752962593e-01 -8.284931016452667052e+00 -4.114513789681483000e-08 8.295138172190613446e+00
9.500000000000000000e+01 3.575892978963016167e-01 -8.317654631515228658e+00 -3.930616070978321531e-08 8.325337751415055720e+00
1.050000000000000000e+02 2.434399112101063023e-01 -8.345579528513743739e+00 -3.760700062410938735e-08 8.349129335273090646e+00
1.150000000000000000e+02 6.893196509681240314e-02 -8.368802196405061622e+00 -3.594609299710246864e-08 8.369086080233987701e+00
1.250000000000000000e+02 -1.408308126163024532e-01 -8.384073553288592606e+00 -3.447584789785873376e-08 8.385256267087809690e+00
1.350000000000000000e+02 -3.857239238823078065e-01 -8.391378485626999506e+00 -3.308301776958391530e-08 8.400239034366750346e+00
1.450000000000000000e+02 -5.927060972456982268e-01 -8.383183553494196971e+00 -3.186479558997363343e-08 8.404110125961452127e+00
1.550000000000000000e+02 -7.617378400391997539e-01 -8.359460488634896436e+00 -3.071976162813801420e-08 8.394094602635567171e+00
1.650000000000000000e+02 -9.761499302185886462e-01 -8.315088625660385091e+00 -2.968725919584794671e-08 8.372190127968455187e+00
1.750000000000000000e+02 -1.236008478328683990e+00 -8.250069463854705631e+00 -2.871056561248055928e-08 8.342143796226977770e+00
1.850000000000000000e+02 -1.504887961503934113e+00 -8.174155188254060178e+00 -2.782536123778836523e-08 8.311528187905052434e+00
1.950000000000000000e+02 -1.782713742039238936e+00 -8.087370125285659128e+00 -2.699232216927594240e-08 8.281523038029812156e+00
2.050000000000000000e+02 -2.023742110773598224e+00 -8.001139231133327812e+00 -2.630025700087884941e-08 8.253106150226058091e+00
2.150000000000000000e+02 -2.227962244767283551e+00 -7.915462570121523100e+00 -2.566020092934005563e-08 8.223038578475920346e+00
2.250000000000000000e+02 -2.434163133083512509e+00 -7.825508250998100657e+00 -2.520754682648672449e-08 8.195348042938890742e+00
2.350000000000000000e+02 -2.642380256526606797e+00 -7.731266922446593526e+00 -2.481554857683052583e-08 8.170352602317628055e+00
2.450000000000000000e+02 -2.860777710220804515e+00 -7.625735283272436327e+00 -2.472396254143049559e-08 8.144684629735047920e+00
2.550000000000000000e+02 -3.089347309367034278e+00 -7.508915828411436344e+00 -2.454345794894956636e-08 8.119598741074655734e+00
2.650000000000000000e+02 -3.316849299488680014e+00 -7.389221274799424144e+00 -2.415348623024786163e-08 8.099511116324674020e+00
2.750000000000000000e+02 -3.543272349309953384e+00 -7.266653728840005044e+00 -2.338165876631390430e-08 8.084493512660445802e+00
2.850000000000000000e+02 -3.759728575304429832e+00 -7.140430892841944654e+00 -2.259172290872303720e-08 8.069777710408899907e+00
2.950000000000000000e+02 -3.966224283700268138e+00 -7.010558380765583131e+00 -2.259767974985640599e-08 8.054741701552959654e+00
3.050000000000000000e+02 -4.170222149879379892e+00 -6.878315321631939483e+00 -2.103063097691341195e-08 8.043753753263541029e+00
3.150000000000000000e+02 -4.371722672480080618e+00 -6.743703570128855240e+00 -1.911161452139149668e-08 8.036759108424554654e+00
3.250000000000000000e+02 -4.573219858928096571e+00 -6.609097596918669382e+00 -1.554687369023887962e-08 8.037071041348983869e+00
3.350000000000000000e+02 -4.774720888180665312e+00 -6.474494634243060709e+00 -1.490050298017040874e-08 8.044690194710479858e+00
3.450000000000000000e+02 -4.976221731489495426e+00 -6.339886200090930402e+00 -1.424232326730762180e-08 8.059586822601499279e+00
3.550000000000000000e+02 -5.172517039133737171e+00 -6.200682990301901398e+00 -1.396558944788455319e-08 8.074862355876302189e+00
3.650000000000000000e+02 -5.363603718669094356e+00 -6.056879323729538633e+00 -1.389345953248141393e-08 8.090366616732726612e+00
3.750000000000000000e+02 -5.554685695160547887e+00 -5.913070717290087153e+00 -1.393454777333011894e-08 8.112887185194598061e+00
3.850000000000000000e+02 -5.745765356493825138e+00 -5.769274225764865704e+00 -1.402568535113421594e-08 8.142379543104054207e+00
3.950000000000000000e+02 -5.936851615473010213e+00 -5.625485587947743227e+00 -1.414039357148708358e-08 8.178771008186513924e+00
4.050000000000000000e+02 -6.123967509841535595e+00 -5.479019522437495127e+00 -1.426421015571726017e-08 8.217215646972272580e+00
4.150000000000000000e+02 -6.307090447076660666e+00 -5.329887130249846727e+00 -1.438976694243909553e-08 8.257547258648212818e+00
4.250000000000000000e+02 -6.490195167309424917e+00 -5.180766116856814207e+00 -1.452694782159998855e-08 8.304394671939565598e+00
4.350000000000000000e+02 -6.673309969786957119e+00 -5.031645261377098777e+00 -1.465362491949529999e-08 8.357662351949652901e+00
4.450000000000000000e+02 -6.856433786626436877e+00 -4.882518073830361516e+00 -1.479772627920901548e-08 8.417224424456833276e+00
4.550000000000000000e+02 -7.031550836412175265e+00 -4.733231000173658387e+00 -1.492240335983961605e-08 8.476212766681454625e+00
4.650000000000000000e+02 -7.198654086332459734e+00 -4.583789000517620060e+00 -1.505690296731905281e-08 8.534151525250612380e+00
4.750000000000000000e+02 -7.365749374029618046e+00 -4.434351923834930709e+00 -1.514615608583937985e-08 8.597542720186753584e+00
4.850000000000000000e+02 -7.532852475651952595e+00 -4.284918851551190677e+00 -1.520471121051322413e-08 8.666279246846048778e+00
4.950000000000000000e+02 -7.699955312713668398e+00 -4.135489994160062466e+00 -1.518867155209476367e-08 8.740228218392552151e+00
5.050000000000000000e+02 -7.845096838660365890e+00 -4.001951126373937129e+00 -1.513069217904923838e-08 8.806881242860294279e+00
5.150000000000000000e+02 -7.968273491802963626e+00 -3.884306891063701084e+00 -1.498922352880546256e-08 8.864605037120083963e+00
5.250000000000000000e+02 -8.091443427618097317e+00 -3.766665351629938652e+00 -1.484690283886367420e-08 8.925201656742192569e+00
5.350000000000000000e+02 -8.214616436511168018e+00 -3.649015308947948011e+00 -1.463129702676980049e-08 8.988617019538430952e+00
5.450000000000000000e+02 -8.337785034761745706e+00 -3.531363643550589959e+00 -1.446856193088351083e-08 9.054788151518943451e+00
5.550000000000000000e+02 -8.448710573326668083e+00 -3.423219121187207836e+00 -1.427155540112119789e-08 9.115872942483543184e+00
5.650000000000000000e+02 -8.547394464742808395e+00 -3.324589151746374593e+00 -1.423949988332834501e-08 9.171196495759192047e+00
5.750000000000000000e+02 -8.646079184841754639e+00 -3.225960096394368204e+00 -1.408810512910555314e-08 9.228299074806939117e+00
5.850000000000000000e+02 -8.744773167007103609e+00 -3.127315085456208621e+00 -1.374326632941238850e-08 9.287150121868894104e+00
5.950000000000000000e+02 -8.843470682989941878e+00 -3.028660850558327677e+00 -1.308311371756986242e-08 9.347714173454775732e+00
6.050000000000000000e+02 -8.939918725993187820e+00 -2.918177051334473138e+00 -1.240905485291654347e-08 9.404142923749022387e+00
6.150000000000000000e+02 -9.034117839984528331e+00 -2.795863808596028566e+00 -1.237846031535913549e-08 9.456856749625840663e+00
6.250000000000000000e+02 -9.128319980823757618e+00 -2.673553354640325619e+00 -1.107357309146383192e-08 9.511788118561872452e+00
6.350000000000000000e+02 -9.222518501633482302e+00 -2.551247432354891931e+00 -9.493795722863968521e-09 9.568892881314395638e+00
6.450000000000000000e+02 -9.316705664400139142e+00 -2.428933781222927912e+00 -6.525862426733362341e-09 9.628121506848131617e+00
6.550000000000000000e+02 -9.410437915633428574e+00 -2.302361007312458518e+00 -5.916478425241957504e-09 9.687992979558979201e+00
6.650000000000000000e+02 -9.503722455714203932e+00 -2.171535158542075905e+00 -5.278728337428805926e-09 9.748656597707746840e+00
6.750000000000000000e+02 -9.597006923049864469e+00 -2.040713771204794913e+00 -4.917250899046961407e-09 9.811577578404602207e+00
6.850000000000000000e+02 -9.690291121681644526e+00 -1.909904346085970817e+00 -4.702480345424092052e-09 9.876713858067377672e+00
6.950000000000000000e+02 -9.783577718650265709e+00 -1.779084460908711085e+00 -4.570748960238166060e-09 9.944020036982868405e+00
7.050000000000000000e+02 -9.878593600214152559e+00 -1.626668481653347875e+00 -4.471387314987188560e-09 1.001162633478679176e+01
7.150000000000000000e+02 -9.975340979094431404e+00 -1.452666927162928445e+00 -4.407174421439857612e-09 1.008055895526005230e+01
7.250000000000000000e+02 -1.007208240418570000e+01 -1.278673191292214462e+00 -4.368262702323906857e-09 1.015292317940190969e+01
7.350000000000000000e+02 -1.016882002942717378e+01 -1.104682461825004847e+00 -4.370161186243890980e-09 1.022864722885402067e+01
7.450000000000000000e+02 -1.026556567280381493e+01 -9.306819471739983252e-01 -4.421027431904272663e-09 1.030766741166223532e+01
7.550000000000000000e+02 -1.036237993331072360e+01 -7.548660867306078437e-01 -4.501344877002162953e-09 1.038983833806747548e+01
7.650000000000000000e+02 -1.045924538229515655e+01 -5.772404754967855878e-01 -4.620276181155140392e-09 1.047516207672293298e+01
7.750000000000000000e+02 -1.055610392675782450e+01 -3.996170440623439957e-01 -4.741602525793228801e-09 1.056366526800319861e+01
7.850000000000000000e+02 -1.065297106005172445e+01 -2.219943736438841908e-01 -4.869085258922016741e-09 1.065528384925662664e+01
7.950000000000000000e+02 -1.074984210583000177e+01 -4.436084073484259510e-02 -4.962756535989695035e-09 1.074993363628196086e+01
8.050000000000000000e+02 -1.084989783533914220e+01 1.602594860680898736e-01 -5.032956971318582460e-09 1.085108133506388484e+01
8.150000000000000000e+02 -1.095313601287505989e+01 3.918654741357086579e-01 -5.047647298820197260e-09 1.096014356960528957e+01
8.250000000000000000e+02 -1.105637434447992362e+01 6.234872231091269645e-01 -5.064215612039389604e-09 1.107394012818627260e+01
8.350000000000000000e+02 -1.115961578911925756e+01 8.551073904538714077e-01 -5.008782575573966709e-09 1.119232921290151594e+01
8.450000000000000000e+02 -1.126285356227473677e+01 1.086716887912329454e+00 -4.995888916726254416e-09 1.131515903377935572e+01
8.550000000000000000e+02 -1.136652979371788241e+01 1.318279595058209575e+00 -4.877360835392788261e-09 1.144272085835458697e+01
8.650000000000000000e+02 -1.147064105612729001e+01 1.549793603417120469e+00 -4.798754290725288588e-09 1.157486356082462109e+01
8.750000000000000000e+02 -1.157474854649658624e+01 1.781299220423082863e+00 -4.616583218888179992e-09 1.171101322803901112e+01
8.850000000000000000e+02 -1.167885442339515123e+01 2.012804409456705468e+00 -4.487840783599982095e-09 1.185103464823155583e+01
8.950000000000000000e+02 -1.178295813500768041e+01 2.244310406546579539e+00 -4.193993970252967149e-09 1.199479185364535461e+01
9.050000000000000000e+02 -1.187390339707364717e+01 2.471543893320824026e+00 -3.776528847499929349e-09 1.212840101166054652e+01
9.150000000000000000e+02 -1.195168111272892020e+01 2.694495847368552077e+00 -3.121811682282123517e-09 1.225165251269589284e+01
9.250000000000000000e+02 -1.202945381249459089e+01 2.917443297018086579e+00 -2.440979955609725053e-09 1.237817573062591592e+01
9.350000000000000000e+02 -1.210723229571031467e+01 3.140391225570690725e+00 -2.374403243110074146e-09 1.250788275096677715e+01
9.450000000000000000e+02 -1.218500777680217340e+01 3.363342532338403856e+00 -1.420345616797642524e-09 1.264066800096284382e+01
9.550000000000000000e+02 -1.225765589482150730e+01 3.584760130833468672e+00 -2.485250122105773943e-10 1.277108582820840788e+01
