# z uT vT wT
5.000000000000000000e+00 9.425276122670781258e-05 7.648084255209222767e-04 2.447400855563367731e-04
1.500000000000000000e+01 1.997130534425673376e-04 3.645030324240670829e-03 1.204105297026215708e-03
2.500000000000000000e+01 2.043823693629901676e-04 3.799249237458976729e-03 1.516940571946708786e-03
3.500000000000000000e+01 1.281898521559221495e-04 2.246286571710558785e-03 8.052023275588308417e-04
4.500000000000000000e+01 -2.330965685614260136e-05 3.979837925326692939e-04 -1.133959636107512181e-04
5.500000000000000000e+01 -3.199946775764597696e-04 -1.494634120021080858e-03 -8.487408138921772411e-04
6.500000000000000000e+01 -8.439938381321958295e-04 -3.347835864130675829e-03 -1.053906393389913380e-03
7.500000000000000000e+01 -1.399830963602630108e-03 -4.304890480483864086e-03 -1.027040949438605324e-03
8.500000000000000000e+01 -1.599562210662863358e-03 -3.869928116853545846e-03 -1.282232334645361889e-03
9.500000000000000000e+01 -1.811015093152961277e-03 -1.056290987495920632e-03 -5.173562711207669619e-04
1.050000000000000000e+02 -3.378729742524699733e-03 6.682385368849683756e-04 -6.107153921144246260e-05
1.150000000000000000e+02 -4.234191143448085004e-03 6.001288981926899404e-04 -1.571701790126626725e-04
1.250000000000000000e+02 -4.334188402931116527e-03 3.899405200759100418e-04 -1.329092274728619282e-04
1.350000000000000000e+02 -3.263768881835531904e-03 5.478368786132359900e-04 -9.409595965881514129e-05
1.450000000000000000e+02 -1.056513919917677650e-03 8.496255983692391515e-04 -1.045081587247498654e-04
1.550000000000000000e+02 -1.045426924553649909e-03 1.278649783702931302e-03 -5.606841011250013855e-05
1.650000000000000000e+02 -2.479799565399102949e-03 1.587940192577489253e-03 -3.979947406479047127e-05
1.750000000000000000e+02 -2.685296702137113418e-03 1.581956345674242516e-03 -3.127253088889305588e-05
1.850000000000000000e+02 -2.511209041437127525e-03 1.492084540986517160e-03 1.909976307174387201e-05
1.950000000000000000e+02 -2.218771500246568586e-03 1.334344809326017990e-03 2.672715284699898381e-05
2.050000000000000000e+02 -1.789747330481627693e-03 1.193702742035922335e-03 4.348464187747174285e-06
2.150000000000000000e+02 -1.614814088232093079e-03 1.149749408775293386e-03 4.211298417527419781e-06
2.250000000000000000e+02 -1.662942461167632446e-03 1.222928180804058003e-03 -8.625929738761862889e-06
2.350000000000000000e+02 -1.600798756488121125e-03 1.239758389163346389e-03 -9.127538807214239321e-06
2.450000000000000000e+02 -1.391209125054026618e-03 1.194044187851789904e-03 -1.657666563364635368e-06
2.550000000000000000e+02 -1.210327786025096330e-03 1.147518064915320664e-03 -2.169739998771916744e-05
2.650000000000000000e+02 -1.058002277883558122e-03 1.000251865140082581e-03 -4.286577225913667459e-05
2.750000000000000000e+02 -9.671736239358639034e-04 9.027608789871216510e-04 -3.019192995855880137e-05
2.850000000000000000e+02 -9.586118535525202768e-04 1.037386839776962763e-03 -8.566583576891020207e-06
2.950000000000000000e+02 -1.082189279605449798e-03 1.307798166860487006e-03 -3.428138755272756813e-06
3.050000000000000000e+02 -1.196911185994713927e-03 1.480609282578542298e-03 -2.011327826112695839e-05
3.150000000000000000e+02 -1.107243971750080302e-03 1.485298616016291493e-03 -3.237561613544388790e-05
3.250000000000000000e+02 -8.552149630152647286e-04 1.304066896846727301e-03 -2.461340819838174926e-05
3.350000000000000000e+02 -5.875284170469470286e-04 9.271003805357071496e-04 -1.228005664896732924e-05
3.450000000000000000e+02 -4.853242717264880752e-04 5.344973179378212412e-04 -2.597608888893967858e-06
3.550000000000000000e+02 -6.425623899903321881e-04 4.439936310454634452e-04 2.324087225742290085e-05
3.650000000000000000e+02 -8.614315794967700819e-04 5.780859257586683925e-04 5.050669225481408048e-05
3.750000000000000000e+02 -9.333739921408156122e-04 6.937832373015073370e-04 6.000116520316654616e-05
3.850000000000000000e+02 -8.575756137007954378e-04 7.480893415935347757e-04 6.221326926176745978e-05
3.950000000000000000e+02 -7.782480461776647125e-04 7.919992863898123008e-04 5.387453177996678135e-05
4.050000000000000000e+02 -7.276810700046444300e-04 8.505423578128692074e-04 3.527507729374144534e-05
4.150000000000000000e+02 -7.419852099466359412e-04 9.785979124044322762e-04 3.331191651885474043e-05
4.250000000000000000e+02 -7.869466845942610107e-04 1.155159816329800202e-03 3.101984902166930313e-05
4.350000000000000000e+02 -6.986363602658035013e-04 1.102334700199946588e-03 1.155067715872924767e-05
4.450000000000000000e+02 -5.293199797806072242e-04 7.453051128587818161e-04 1.860322534009895129e-05
4.550000000000000000e+02 -4.936284781964922486e-04 4.390403134786027470e-04 7.502839513342351291e-05
4.650000000000000000e+02 -7.468517586610054189e-04 5.528405820494852957e-04 1.295501662812358827e-04
4.750000000000000000e+02 -1.049505832685755039e-03 8.447930840017794235e-04 1.304956584283296027e-04
4.850000000000000000e+02 -1.152387681641663846e-03 9.574981340596148494e-04 7.958025849936817189e-05
4.950000000000000000e+02 -8.738674591876973742e-04 7.881702038609844467e-04 1.760114856577341542e-05
5.050000000000000000e+02 -4.984046989046322278e-04 5.934690713132559792e-04 -2.418482912732242688e-05
5.150000000000000000e+02 -3.727604784443188063e-04 5.477623735939438987e-04 -4.334606804362140469e-05
5.250000000000000000e+02 -3.585316443181313872e-04 4.524860515773695903e-04 -3.834714686875026555e-05
5.350000000000000000e+02 -3.423504578666700343e-04 3.431040899292243864e-04 -1.702982910507611777e-05
5.450000000000000000e+02 -3.440546525408979400e-04 2.901049864953711356e-04 -8.523815948551822763e-07
5.550000000000000000e+02 -3.012830288431576887e-04 2.407753955832164501e-04 3.924792038576362949e-06
5.650000000000000000e+02 -2.208527775097463702e-04 2.203008838842347803e-04 -1.786614936310723178e-07
5.750000000000000000e+02 -1.675091179171431027e-04 2.199908856672520884e-04 -9.044794700896242212e-06
5.850000000000000000e+02 -2.638245295530312678e-04 2.647184970639707082e-04 -1.832242322847266565e-05
5.950000000000000000e+02 -4.486905578719796927e-04 3.858363566141798876e-04 -1.845268576552586292e-05
6.050000000000000000e+02 -4.488479533629065169e-04 3.990322306990435382e-04 -1.005487796937315961e-05
6.150000000000000000e+02 -2.546472331121080570e-04 2.803573655349712282e-04 -2.030880119243854320e-06
6.250000000000000000e+02 -1.799774365492958731e-04 2.763226787588034098e-04 1.073467001367830003e-05
6.350000000000000000e+02 -2.826828276225167719e-04 3.951448714987874119e-04 2.299391364514258575e-05
6.450000000000000000e+02 -3.998982864630252153e-04 5.007320882632848537e-04 1.892300961837875743e-05
6.550000000000000000e+02 -4.162479904348994741e-04 5.188836101189174500e-04 7.724263285019329723e-06
6.650000000000000000e+02 -3.514745169853309044e-04 4.321050686017942864e-04 1.103359656237915623e-05
6.750000000000000000e+02 -3.252865664759870381e-04 3.737292949419640260e-04 2.030523264062281298e-05
6.850000000000000000e+02 -3.735128982963397629e-04 3.958331684155019792e-04 1.745249365273754169e-05
6.950000000000000000e+02 -4.051664781989150260e-04 4.442198625042584814e-04 1.402147182682868579e-05
7.050000000000000000e+02 -4.074631621081350736e-04 4.730789299853526016e-04 1.372882667515769472e-05
7.150000000000000000e+02 -3.372590129951051185e-04 3.916248699701717784e-04 2.854877394551878839e-07
7.250000000000000000e+02 -2.014818537361677433e-04 2.880810420245447415e-04 -4.772143969982298345e-06
7.350000000000000000e+02 -1.883353465833375825e-04 3.180010487908450554e-04 7.586582113007249906e-06
7.450000000000000000e+02 -3.416757334555072640e-04 4.429017187790713580e-04 6.533817415040844972e-06
7.550000000000000000e+02 -4.083241596875470422e-04 4.559611908136978033e-04 -1.016423441979376860e-05
7.650000000000000000e+02 -3.357153295329495324e-04 4.173948758064290835e-04 -2.066422491010116053e-05
7.750000000000000000e+02 -2.888587581148611624e-04 4.904751716980919243e-04 -2.885122355479260653e-05
7.850000000000000000e+02 -3.191980490151521011e-04 6.052010513603612576e-04 -3.024136405314704809e-05
7.950000000000000000e+02 -4.176980412553324678e-04 6.690231422668025405e-04 -1.540468466955651700e-05
8.050000000000000000e+02 -5.728932763229095323e-04 6.618309291211793783e-04 1.045548957880059456e-05
8.150000000000000000e+02 -5.766105961691217431e-04 5.314891197899846874e-04 1.890581287325423854e-05
8.250000000000000000e+02 -4.819575530331990766e-04 3.980673182953552917e-04 1.268391713660680098e-05
8.350000000000000000e+02 -4.226751944687098133e-04 3.460473453714256746e-04 1.423866520264223851e-05
8.450000000000000000e+02 -4.265129211123554285e-04 3.929777655985969178e-04 1.452984167735485988e-05
8.550000000000000000e+02 -4.688537975500958223e-04 4.813574645390999150e-04 1.194954542708771475e-05
8.650000000000000000e+02 -5.136229800035899259e-04 6.121031021732955581e-04 1.498912558592440956e-05
8.750000000000000000e+02 -5.193884084792475733e-04 6.777730483035030199e-04 1.945906985556807131e-05
8.850000000000000000e+02 -4.411913100784083824e-04 5.947547585721516721e-04 2.887916646179455310e-05
8.950000000000000000e+02 -5.985491359675223751e-04 6.354600863420680618e-04 2.302915160891398020e-05
9.050000000000000000e+02 -1.190145499981632793e-03 1.060669763076436435e-03 -1.028598740816109839e-05
9.150000000000000000e+02 -1.504897503219829354e-03 1.293701807692200197e-03 -2.096615091422270331e-05
9.250000000000000000e+02 -1.410282549122175147e-03 1.255159385567776106e-03 -1.720714877683557077e-05
9.350000000000000000e+02 -1.432036437209653710e-03 1.298473425644980708e-03 -7.922780009446084385e-06
9.450000000000000000e+02 -1.837908387456087689e-03 1.599248398401664252e-03 -1.072268778971281244e-05
9.550000000000000000e+02 -6.332542395617656939e-04 1.299110234536173056e-03 -2.276511539055517681e-06
