# z u v w uhoriz
5.000000000000000000e+00 1.147193568369634514e-01 -7.771112629467001653e+00 -2.614336840416540649e-08 7.771959343093260308e+00
1.500000000000000000e+01 1.043627898483187877e-01 -7.881847994520282619e+00 -4.090170405544014226e-08 7.882538893061569851e+00
2.500000000000000000e+01 8.922955156941307642e-02 -8.048061318874392356e+00 -4.976160476758632444e-08 8.048555951550284249e+00
3.500000000000000000e+01 7.935437675005672931e-02 -8.182414117059380487e+00 -5.432840616441457981e-08 8.182798903808038204e+00
4.500000000000000000e+01 7.006871184396842867e-02 -8.292043010193012265e+00 -5.634968821429893676e-08 8.292339049223100389e+00
5.500000000000000000e+01 6.127178161099135212e-02 -8.377110289402644128e+00 -5.657926915714461260e-08 8.377334363151410557e+00
6.500000000000000000e+01 5.118666524613276619e-02 -8.461905044443835067e+00 -5.593015338631920474e-08 8.462059858916328281e+00
7.500000000000000000e+01 3.987371590725875131e-02 -8.546447526985092580e+00 -5.465545046776934589e-08 8.546540542507820248e+00
8.500000000000000000e+01 2.908039646656599905e-02 -8.623619164134700199e+00 -5.321675740261624466e-08 8.623668196161650812e+00
9.500000000000000000e+01 1.876141380434761044e-02 -8.693261745244509342e+00 -5.161586316777193144e-08 8.693281990248536317e+00
1.050000000000000000e+02 9.828975437594049749e-03 -8.750557017165258245e+00 -5.009364041686002831e-08 8.750562537312575273e+00
1.150000000000000000e+02 2.275321331717226891e-03 -8.795625000456441356e+00 -4.855104825908973434e-08 8.795625294755430090e+00
1.250000000000000000e+02 -4.998117446138976294e-03 -8.835713037521260915e+00 -4.714031760846566343e-08 8.835714451169254247e+00
1.350000000000000000e+02 -1.200291338258344109e-02 -8.870824474111936198e+00 -4.574913964151892769e-08 8.870832594544493688e+00
1.450000000000000000e+02 -1.908230433555213948e-02 -8.905917281662398821e+00 -4.448551728317162463e-08 8.905937725032201158e+00
1.550000000000000000e+02 -2.621333889117808194e-02 -8.940903569555688435e+00 -4.325428024738383508e-08 8.940941996189744501e+00
1.650000000000000000e+02 -3.420154032756816259e-02 -8.973307888933634402e+00 -4.212312622236332078e-08 8.973373067858004148e+00
1.750000000000000000e+02 -4.294533044838851760e-02 -9.003237859282370081e+00 -4.103178752124577323e-08 9.003340283040662584e+00
1.850000000000000000e+02 -5.214333888647563336e-02 -9.035635003014858668e+00 -4.003074613758947234e-08 9.035785457584612601e+00
1.950000000000000000e+02 -6.182353957652798881e-02 -9.070508365334378098e+00 -3.908241633710548679e-08 9.070719053947525978e+00
2.050000000000000000e+02 -7.275202085195911494e-02 -9.105359463737791259e+00 -3.824807031940172675e-08 9.105650104216469032e+00
2.150000000000000000e+02 -8.497355298802870827e-02 -9.140164969002368522e+00 -3.748435445788130211e-08 9.140559948126016465e+00
2.250000000000000000e+02 -9.728621064501181970e-02 -9.172474879869843889e+00 -3.687042425412839460e-08 9.172990789738369344e+00
2.350000000000000000e+02 -1.096642815431539547e-01 -9.202333255693556424e+00 -3.635689369601078595e-08 9.202986667571019908e+00
2.450000000000000000e+02 -1.228719755241609174e-01 -9.232171476348357331e+00 -3.603421240672252841e-08 9.232989098394376981e+00
2.550000000000000000e+02 -1.369430888545256908e-01 -9.261975652163737749e+00 -3.572275525766995669e-08 9.262987983953067328e+00
2.650000000000000000e+02 -1.511513394474792160e-01 -9.291736434575646797e+00 -3.535125598418749522e-08 9.292965764331498235e+00
2.750000000000000000e+02 -1.654897080313321722e-01 -9.321430627306103389e+00 -3.483420892861288697e-08 9.322899537329819353e+00
2.850000000000000000e+02 -1.794268534041281171e-01 -9.346206190018703452e+00 -3.433400486187458862e-08 9.347928334238899239e+00
2.950000000000000000e+02 -1.929573793953754390e-01 -9.366035936950886764e+00 -3.422785545240830153e-08 9.368023362615968352e+00
3.050000000000000000e+02 -2.097346475683969369e-01 -9.383679927400969234e+00 -3.336164095606402311e-08 9.386023524491001524e+00
3.150000000000000000e+02 -2.298160672169309304e-01 -9.399177154094200404e+00 -3.235707027764492521e-08 9.401986311349181946e+00
3.250000000000000000e+02 -2.499408957240071838e-01 -9.414733813553048947e+00 -3.049240322126326212e-08 9.418050925293112385e+00
3.350000000000000000e+02 -2.701218191453685358e-01 -9.430251859988645791e+00 -3.006160759823913971e-08 9.434119775580429135e+00
3.450000000000000000e+02 -2.904265110072611900e-01 -9.445764031012897632e+00 -2.965343262801602484e-08 9.450227811427239999e+00
3.550000000000000000e+02 -3.327666456292132091e-01 -9.460004671066013060e+00 -2.937827067443668332e-08 9.465855588219909578e+00
3.650000000000000000e+02 -3.971484429483769230e-01 -9.472974577671459784e+00 -2.919397340452739245e-08 9.481296020847892692e+00
3.750000000000000000e+02 -4.616714625072909639e-01 -9.485969868479566358e+00 -2.901836712013074887e-08 9.497197738543505352e+00
3.850000000000000000e+02 -5.263379539517457628e-01 -9.498960522631833214e+00 -2.885471439009138633e-08 9.513531555226384384e+00
3.950000000000000000e+02 -5.911701990766452530e-01 -9.511833274260478532e+00 -2.866298653959008236e-08 9.530186485143149255e+00
4.050000000000000000e+02 -6.951583940787128268e-01 -9.513914907536873855e+00 -2.847821662369702869e-08 9.539277858449793257e+00
4.150000000000000000e+02 -8.383029617134876155e-01 -9.505273650761569826e+00 -2.828406921558589848e-08 9.542168465892844509e+00
4.250000000000000000e+02 -9.816451230347175150e-01 -9.496627809792324015e+00 -2.814033225851611893e-08 9.547228231549658162e+00
4.350000000000000000e+02 -1.125086416304202475e+00 -9.487845417451369556e+00 -2.799573561987128353e-08 9.554319971070949435e+00
4.450000000000000000e+02 -1.268706014214808775e+00 -9.478874460322932904e+00 -2.793381576743358963e-08 9.563402950052203977e+00
4.550000000000000000e+02 -1.468828758940463164e+00 -9.427520890116422692e+00 -2.787347392458304485e-08 9.541258200922566601e+00
4.650000000000000000e+02 -1.725482434305138035e+00 -9.333699557578620798e+00 -2.788508475539655702e-08 9.491851087234719486e+00
4.750000000000000000e+02 -1.982391735494226870e+00 -9.239725809705310766e+00 -2.784570549827143117e-08 9.449995239760191623e+00
4.850000000000000000e+02 -2.239361674967705440e+00 -9.145713782867744612e+00 -2.777639637452356572e-08 9.415881334715896500e+00
4.950000000000000000e+02 -2.496219320225923521e+00 -9.051661431743196928e+00 -2.758329987234318069e-08 9.389551936571653101e+00
5.050000000000000000e+02 -2.753504327939785501e+00 -8.937856793134473676e+00 -2.732911734849157950e-08 9.352383126164324878e+00
5.150000000000000000e+02 -3.011309775991438009e+00 -8.804264409830087956e+00 -2.691956367171198516e-08 9.305001792862929832e+00
5.250000000000000000e+02 -3.269213531679441065e+00 -8.670610960606724760e+00 -2.654862099637274683e-08 9.266458414405658317e+00
5.350000000000000000e+02 -3.527137306521607396e+00 -8.536998281587822035e+00 -2.602952594827170115e-08 9.236938737422152101e+00
5.450000000000000000e+02 -3.785008171746425010e+00 -8.403375742056852005e+00 -2.567140295250871368e-08 9.216453261552230103e+00
5.550000000000000000e+02 -4.040044259474000476e+00 -8.264726859565849182e+00 -2.523846543697272696e-08 9.199329740896237340e+00
5.650000000000000000e+02 -4.292282148774641648e+00 -8.121050379572047007e+00 -2.524938582774440259e-08 9.185594445229810390e+00
5.750000000000000000e+02 -4.544555809441582106e+00 -7.977336525974269676e+00 -2.495089575693578560e-08 9.181006783233113921e+00
5.850000000000000000e+02 -4.796874525562619951e+00 -7.833601059810487044e+00 -2.414929732452871479e-08 9.185603452046882111e+00
5.950000000000000000e+02 -5.049138308337309589e+00 -7.689886490304536970e+00 -2.251583151790192104e-08 9.199356058468852737e+00
6.050000000000000000e+02 -5.278474895149913415e+00 -7.550028125828827541e+00 -2.083540323990140317e-08 9.212232189840541707e+00
6.150000000000000000e+02 -5.484916999777119884e+00 -7.414031062741136324e+00 -2.081572625755429858e-08 9.222373398086551433e+00
6.250000000000000000e+02 -5.691367838703974336e+00 -7.278064704491701953e+00 -1.748114960504532946e-08 9.239150053884925384e+00
6.350000000000000000e+02 -5.897882561583914551e+00 -7.142078229719150073e+00 -1.341513964950541253e-08 9.262521263115344183e+00
6.450000000000000000e+02 -6.104385263572569720e+00 -7.006046088000771555e+00 -5.770530730878944409e-09 9.292373283145316520e+00
6.550000000000000000e+02 -6.303496583869507397e+00 -6.866312598924663391e+00 -4.231943801942246279e-09 9.320961210572979994e+00
6.650000000000000000e+02 -6.495210795034575213e+00 -6.722907459758611814e+00 -2.597786866588396026e-09 9.348007701345334652e+00
6.750000000000000000e+02 -6.686941571084560110e+00 -6.579496217297135630e+00 -1.692400811032228510e-09 9.381095780799071804e+00
6.850000000000000000e+02 -6.878704460063715942e+00 -6.436085948682928048e+00 -1.192512834817917658e-09 9.420179265159143611e+00
6.950000000000000000e+02 -7.070454271834974769e+00 -6.292665266480599762e+00 -9.175390889236932634e-10 9.465144466202341178e+00
7.050000000000000000e+02 -7.249329796400551196e+00 -6.144369908456297047e+00 -7.596065868323287340e-10 9.502950282355691058e+00
7.150000000000000000e+02 -7.415330475159232826e+00 -5.991210300699568947e+00 -6.864517096839395712e-10 9.533190804921186867e+00
7.250000000000000000e+02 -7.581331852843616659e+00 -5.838038438982594336e+00 -6.701609379738092398e-10 9.568661634626838719e+00
7.350000000000000000e+02 -7.747376853693245025e+00 -5.684847416092298822e+00 -7.149894075913045335e-10 9.609335994614463416e+00
7.450000000000000000e+02 -7.913407822802051683e+00 -5.531658668962120551e+00 -8.191788467720208244e-10 9.655116312084929930e+00
7.550000000000000000e+02 -8.069220758342586564e+00 -5.381736701341798046e+00 -9.654940619376443573e-10 9.699248092993405734e+00
7.650000000000000000e+02 -8.214809018769347659e+00 -5.235073223110516594e+00 -1.157512298155722631e-09 9.741102548797181626e+00
7.750000000000000000e+02 -8.360384401926495457e+00 -5.088395983090492791e+00 -1.361702783625635960e-09 9.787124247127309218e+00
7.850000000000000000e+02 -8.506035815346184137e+00 -4.941675084779840077e+00 -1.579515958484304164e-09 9.837316602381253716e+00
7.950000000000000000e+02 -8.651654578915863425e+00 -4.794960045628595680e+00 -1.772960097446785524e-09 9.891550373528430029e+00
8.050000000000000000e+02 -8.766349729691143011e+00 -4.661912277884073141e+00 -1.947649968237733127e-09 9.928862657421657190e+00
8.150000000000000000e+02 -8.850129692898194733e+00 -4.542541739485261409e+00 -2.075584089596496130e-09 9.947838008134434418e+00
8.250000000000000000e+02 -8.933879055611852138e+00 -4.423191193572661994e+00 -2.195709876558985668e-09 9.968892381563703609e+00
8.350000000000000000e+02 -9.017653965926243131e+00 -4.303834841399377886e+00 -2.258223580977073916e-09 9.992050710000851765e+00
8.450000000000000000e+02 -9.101442997627360754e+00 -4.184467733921940713e+00 -2.343689386443900680e-09 1.001728680109010128e+01
8.550000000000000000e+02 -9.185985491502121292e+00 -4.065554751403246847e+00 -2.353747649775283710e-09 1.004544995939679097e+01
8.650000000000000000e+02 -9.271273112072854872e+00 -3.947105040765525708e+00 -2.387685223582264729e-09 1.007651444307413868e+01
8.750000000000000000e+02 -9.356562744995631675e+00 -3.828666625207246987e+00 -2.351210296716501888e-09 1.010959714964033829e+01
8.850000000000000000e+02 -9.441874517333721073e+00 -3.710226556306486678e+00 -2.353398066836731517e-09 1.014469198646256487e+01
8.950000000000000000e+02 -9.527150481210254540e+00 -3.591789665325842762e+00 -2.246464701028761182e-09 1.018172624320484765e+01
9.050000000000000000e+02 -9.579612787957570319e+00 -3.485303892910790236e+00 -2.056713082558125211e-09 1.019393566750052216e+01
9.150000000000000000e+02 -9.599258452661645791e+00 -3.390780271993185213e+00 -1.703597342513595014e-09 1.018052816380045300e+01
9.250000000000000000e+02 -9.618863641299981282e+00 -3.296241970011029032e+00 -1.330597467996100616e-09 1.016797663622339876e+01
9.350000000000000000e+02 -9.638451030649349605e+00 -3.201678270803179238e+00 -1.380404311887020122e-09 1.015630257623111277e+01
9.450000000000000000e+02 -9.658036469153703507e+00 -3.107132481544999436e+00 -8.267631788533877195e-10 1.014553796983555323e+01
9.550000000000000000e+02 -9.673572276147666571e+00 -3.015076654696613012e+00 -9.315584635537980766e-11 1.013255583826456174e+01
