Arnold Moene (arnold.moene@wur.nl) Wageningen University; grid size 6.25 m ; adjusted dissipation. in lower 50 m.
973
  6.0000000E+01  9.0000000E+01  1.2000000E+02  1.5000000E+02  1.8000000E+02  2.1000000E+02  2.4000000E+02  2.7000000E+02  3.0000000E+02  3.3000000E+02
  3.6000000E+02  3.9000000E+02  4.2000000E+02  4.5000000E+02  4.8000000E+02  5.1000000E+02  5.4000000E+02  5.7000000E+02  6.0000000E+02  6.8940000E+02
  7.1940000E+02  7.4940000E+02  7.7940000E+02  8.0940000E+02  8.3940000E+02  8.6940000E+02  8.9940000E+02  9.2940000E+02  9.5940000E+02  9.8940000E+02
  1.0194000E+03  1.0494000E+03  1.0794000E+03  1.1094000E+03  1.1394000E+03  1.1694000E+03  1.1994000E+03  1.2888000E+03  1.3188000E+03  1.3488000E+03
  1.3788000E+03  1.4088000E+03  1.4388000E+03  1.4688000E+03  1.4988000E+03  1.5288000E+03  1.5588000E+03  1.5888000E+03  1.6188000E+03  1.6488000E+03
  1.6788000E+03  1.7088000E+03  1.7388000E+03  1.7688000E+03  1.7988000E+03  1.8888000E+03  1.9188000E+03  1.9488000E+03  1.9788000E+03  2.0088000E+03
  2.0388000E+03  2.0688000E+03  2.0988000E+03  2.1288000E+03  2.1588000E+03  2.1888000E+03  2.2188000E+03  2.2488000E+03  2.2788000E+03  2.3088000E+03
  2.3388000E+03  2.3688000E+03  2.3988000E+03  2.4882000E+03  2.5182000E+03  2.5482000E+03  2.5782000E+03  2.6082000E+03  2.6382000E+03  2.6682000E+03
  2.6982000E+03  2.7282000E+03  2.7582000E+03  2.7882000E+03  2.8182000E+03  2.8482000E+03  2.8782000E+03  2.9082000E+03  2.9382000E+03  2.9682000E+03
  2.9982000E+03  3.0876000E+03  3.1176000E+03  3.1476000E+03  3.1776000E+03  3.2076000E+03  3.2376000E+03  3.2676000E+03  3.2976000E+03  3.3276000E+03
  3.3576000E+03  3.3876000E+03  3.4176000E+03  3.4476000E+03  3.4776000E+03  3.5076000E+03  3.5376000E+03  3.5676000E+03  3.5976000E+03  3.6870000E+03
  3.7170000E+03  3.7470000E+03  3.7770000E+03  3.8070000E+03  3.8370000E+03  3.8670000E+03  3.8970000E+03  3.9270000E+03  3.9570000E+03  3.9870000E+03
  4.0170000E+03  4.0470000E+03  4.0770000E+03  4.1070000E+03  4.1370000E+03  4.1670000E+03  4.1970000E+03  4.2864000E+03  4.3164000E+03  4.3464000E+03
  4.3764000E+03  4.4064000E+03  4.4364000E+03  4.4664000E+03  4.4964000E+03  4.5264000E+03  4.5564000E+03  4.5864000E+03  4.6164000E+03  4.6464000E+03
  4.6764000E+03  4.7064000E+03  4.7364000E+03  4.7664000E+03  4.7964000E+03  4.8858000E+03  4.9158000E+03  4.9458000E+03  4.9758000E+03  5.0058000E+03
  5.0358000E+03  5.0658000E+03  5.0958000E+03  5.1258000E+03  5.1558000E+03  5.1858000E+03  5.2158000E+03  5.2458000E+03  5.2758000E+03  5.3058000E+03
  5.3358000E+03  5.3658000E+03  5.3958000E+03  5.4858000E+03  5.5152000E+03  5.5458000E+03  5.5758000E+03  5.6052000E+03  5.6358000E+03  5.6652000E+03
  5.6958000E+03  5.7258000E+03  5.7552000E+03  5.7858000E+03  5.8152000E+03  5.8458000E+03  5.8758000E+03  5.9052000E+03  5.9358000E+03  5.9652000E+03
  5.9958000E+03  6.0840000E+03  6.1140000E+03  6.1440000E+03  6.1740000E+03  6.2040000E+03  6.2340000E+03  6.2640000E+03  6.2940000E+03  6.3240000E+03
  6.3540000E+03  6.3840000E+03  6.4140000E+03  6.4440000E+03  6.4740000E+03  6.5040000E+03  6.5340000E+03  6.5640000E+03  6.5940000E+03  6.6840000E+03
  6.7140000E+03  6.7440000E+03  6.7740000E+03  6.8040000E+03  6.8340000E+03  6.8640000E+03  6.8940000E+03  6.9240000E+03  6.9540000E+03  6.9840000E+03
  7.0140000E+03  7.0440000E+03  7.0740000E+03  7.1040000E+03  7.1340000E+03  7.1640000E+03  7.1940000E+03  7.2840000E+03  7.3140000E+03  7.3440000E+03
  7.3740000E+03  7.4040000E+03  7.4340000E+03  7.4640000E+03  7.4940000E+03  7.5240000E+03  7.5540000E+03  7.5840000E+03  7.6140000E+03  7.6440000E+03
  7.6740000E+03  7.7040000E+03  7.7340000E+03  7.7640000E+03  7.7940000E+03  7.8840000E+03  7.9140000E+03  7.9440000E+03  7.9740000E+03  8.0040000E+03
  8.0340000E+03  8.0640000E+03  8.0940000E+03  8.1240000E+03  8.1540000E+03  8.1840000E+03  8.2140000E+03  8.2440000E+03  8.2740000E+03  8.3040000E+03
  8.3340000E+03  8.3640000E+03  8.3940000E+03  8.4840000E+03  8.5140000E+03  8.5440000E+03  8.5740000E+03  8.6040000E+03  8.6340000E+03  8.6640000E+03
  8.6940000E+03  8.7240000E+03  8.7540000E+03  8.7840000E+03  8.8140000E+03  8.8440000E+03  8.8740000E+03  8.9040000E+03  8.9340000E+03  8.9640000E+03
  8.9940000E+03  9.0840000E+03  9.1140000E+03  9.1440000E+03  9.1740000E+03  9.2040000E+03  9.2340000E+03  9.2640000E+03  9.2940000E+03  9.3240000E+03
  9.3540000E+03  9.3840000E+03  9.4140000E+03  9.4440000E+03  9.4740000E+03  9.5040000E+03  9.5340000E+03  9.5640000E+03  9.5940000E+03  9.6840000E+03
  9.7140000E+03  9.7440000E+03  9.7740000E+03  9.8040000E+03  9.8340000E+03  9.8640000E+03  9.8940000E+03  9.9240000E+03  9.9540000E+03  9.9840000E+03
  1.0014000E+04  1.0044000E+04  1.0074000E+04  1.0104000E+04  1.0134000E+04  1.0164000E+04  1.0194000E+04  1.0284000E+04  1.0314000E+04  1.0344000E+04
  1.0374000E+04  1.0404000E+04  1.0434000E+04  1.0464000E+04  1.0494000E+04  1.0524000E+04  1.0554000E+04  1.0584000E+04  1.0614000E+04  1.0644000E+04
  1.0674000E+04  1.0704000E+04  1.0734000E+04  1.0764000E+04  1.0794000E+04  1.0878000E+04  1.0908000E+04  1.0938000E+04  1.0968000E+04  1.0998000E+04
  1.1034000E+04  1.1058000E+04  1.1094000E+04  1.1118000E+04  1.1148000E+04  1.1178000E+04  1.1208000E+04  1.1238000E+04  1.1268000E+04  1.1298000E+04
  1.1328000E+04  1.1358000E+04  1.1388000E+04  1.1478000E+04  1.1508000E+04  1.1538000E+04  1.1568000E+04  1.1598000E+04  1.1628000E+04  1.1658000E+04
  1.1688000E+04  1.1718000E+04  1.1748000E+04  1.1778000E+04  1.1808000E+04  1.1838000E+04  1.1868000E+04  1.1898000E+04  1.1928000E+04  1.1958000E+04
  1.1988000E+04  1.2078000E+04  1.2108000E+04  1.2138000E+04  1.2168000E+04  1.2198000E+04  1.2228000E+04  1.2258000E+04  1.2288000E+04  1.2318000E+04
  1.2348000E+04  1.2378000E+04  1.2408000E+04  1.2438000E+04  1.2468000E+04  1.2498000E+04  1.2528000E+04  1.2558000E+04  1.2588000E+04  1.2678000E+04
  1.2708000E+04  1.2738000E+04  1.2768000E+04  1.2798000E+04  1.2828000E+04  1.2858000E+04  1.2888000E+04  1.2918000E+04  1.2948000E+04  1.2978000E+04
  1.3008000E+04  1.3038000E+04  1.3068000E+04  1.3098000E+04  1.3128000E+04  1.3158000E+04  1.3188000E+04  1.3278000E+04  1.3308000E+04  1.3338000E+04
  1.3368000E+04  1.3398000E+04  1.3428000E+04  1.3458000E+04  1.3488000E+04  1.3518000E+04  1.3548000E+04  1.3578000E+04  1.3608000E+04  1.3638000E+04
  1.3668000E+04  1.3698000E+04  1.3728000E+04  1.3758000E+04  1.3788000E+04  1.3878000E+04  1.3908000E+04  1.3938000E+04  1.3968000E+04  1.3998000E+04
  1.4028000E+04  1.4058000E+04  1.4088000E+04  1.4118000E+04  1.4148000E+04  1.4178000E+04  1.4208000E+04  1.4238000E+04  1.4268000E+04  1.4298000E+04
  1.4328000E+04  1.4358000E+04  1.4388000E+04  1.4478000E+04  1.4508000E+04  1.4538000E+04  1.4568000E+04  1.4598000E+04  1.4628000E+04  1.4658000E+04
  1.4688000E+04  1.4718000E+04  1.4748000E+04  1.4778000E+04  1.4808000E+04  1.4838000E+04  1.4868000E+04  1.4898000E+04  1.4928000E+04  1.4958000E+04
  1.4988000E+04  1.5078000E+04  1.5108000E+04  1.5138000E+04  1.5168000E+04  1.5198000E+04  1.5228000E+04  1.5258000E+04  1.5288000E+04  1.5318000E+04
  1.5348000E+04  1.5378000E+04  1.5408000E+04  1.5438000E+04  1.5468000E+04  1.5498000E+04  1.5528000E+04  1.5558000E+04  1.5588000E+04  1.5678000E+04
  1.5708000E+04  1.5738000E+04  1.5768000E+04  1.5798000E+04  1.5828000E+04  1.5858000E+04  1.5888000E+04  1.5918000E+04  1.5948000E+04  1.5978000E+04
  1.6008000E+04  1.6038000E+04  1.6068000E+04  1.6098000E+04  1.6128000E+04  1.6158000E+04  1.6188000E+04  1.6278000E+04  1.6308000E+04  1.6338000E+04
  1.6368000E+04  1.6398000E+04  1.6428000E+04  1.6458000E+04  1.6488000E+04  1.6518000E+04  1.6548000E+04  1.6578000E+04  1.6608000E+04  1.6638000E+04
  1.6668000E+04  1.6698000E+04  1.6728000E+04  1.6758000E+04  1.6788000E+04  1.6878000E+04  1.6908000E+04  1.6938000E+04  1.6968000E+04  1.6998000E+04
  1.7028000E+04  1.7058000E+04  1.7088000E+04  1.7118000E+04  1.7148000E+04  1.7178000E+04  1.7208000E+04  1.7238000E+04  1.7268000E+04  1.7298000E+04
  1.7328000E+04  1.7358000E+04  1.7388000E+04  1.7478000E+04  1.7508000E+04  1.7538000E+04  1.7568000E+04  1.7598000E+04  1.7628000E+04  1.7658000E+04
  1.7688000E+04  1.7718000E+04  1.7748000E+04  1.7778000E+04  1.7808000E+04  1.7838000E+04  1.7868000E+04  1.7898000E+04  1.7928000E+04  1.7958000E+04
  1.7988000E+04  1.8078000E+04  1.8108000E+04  1.8138000E+04  1.8168000E+04  1.8198000E+04  1.8228000E+04  1.8258000E+04  1.8288000E+04  1.8318000E+04
  1.8348000E+04  1.8378000E+04  1.8408000E+04  1.8432000E+04  1.8468000E+04  1.8498000E+04  1.8528000E+04  1.8552000E+04  1.8588000E+04  1.8672000E+04
  1.8702000E+04  1.8732000E+04  1.8762000E+04  1.8792000E+04  1.8822000E+04  1.8852000E+04  1.8882000E+04  1.8912000E+04  1.8942000E+04  1.8972000E+04
  1.9002000E+04  1.9032000E+04  1.9062000E+04  1.9092000E+04  1.9122000E+04  1.9152000E+04  1.9182000E+04  1.9272000E+04  1.9302000E+04  1.9332000E+04
  1.9362000E+04  1.9392000E+04  1.9422000E+04  1.9452000E+04  1.9482000E+04  1.9512000E+04  1.9542000E+04  1.9572000E+04  1.9602000E+04  1.9632000E+04
  1.9662000E+04  1.9692000E+04  1.9722000E+04  1.9752000E+04  1.9782000E+04  1.9872000E+04  1.9902000E+04  1.9932000E+04  1.9962000E+04  1.9992000E+04
  2.0022000E+04  2.0052000E+04  2.0082000E+04  2.0112000E+04  2.0142000E+04  2.0172000E+04  2.0202000E+04  2.0232000E+04  2.0262000E+04  2.0292000E+04
  2.0322000E+04  2.0352000E+04  2.0382000E+04  2.0472000E+04  2.0502000E+04  2.0532000E+04  2.0562000E+04  2.0592000E+04  2.0622000E+04  2.0652000E+04
  2.0682000E+04  2.0712000E+04  2.0742000E+04  2.0772000E+04  2.0802000E+04  2.0832000E+04  2.0862000E+04  2.0892000E+04  2.0922000E+04  2.0952000E+04
  2.0982000E+04  2.1072000E+04  2.1102000E+04  2.1132000E+04  2.1162000E+04  2.1192000E+04  2.1222000E+04  2.1252000E+04  2.1282000E+04  2.1312000E+04
  2.1342000E+04  2.1372000E+04  2.1402000E+04  2.1432000E+04  2.1462000E+04  2.1492000E+04  2.1522000E+04  2.1552000E+04  2.1582000E+04  2.1672000E+04
  2.1702000E+04  2.1732000E+04  2.1762000E+04  2.1792000E+04  2.1822000E+04  2.1852000E+04  2.1882000E+04  2.1912000E+04  2.1942000E+04  2.1972000E+04
  2.2002000E+04  2.2032000E+04  2.2062000E+04  2.2092000E+04  2.2122000E+04  2.2152000E+04  2.2182000E+04  2.2272000E+04  2.2302000E+04  2.2332000E+04
  2.2362000E+04  2.2392000E+04  2.2422000E+04  2.2452000E+04  2.2482000E+04  2.2512000E+04  2.2542000E+04  2.2572000E+04  2.2602000E+04  2.2632000E+04
  2.2662000E+04  2.2692000E+04  2.2722000E+04  2.2752000E+04  2.2782000E+04  2.2872000E+04  2.2902000E+04  2.2932000E+04  2.2962000E+04  2.2992000E+04
  2.3022000E+04  2.3052000E+04  2.3082000E+04  2.3112000E+04  2.3142000E+04  2.3172000E+04  2.3202000E+04  2.3232000E+04  2.3262000E+04  2.3292000E+04
  2.3322000E+04  2.3352000E+04  2.3382000E+04  2.3472000E+04  2.3502000E+04  2.3532000E+04  2.3562000E+04  2.3592000E+04  2.3622000E+04  2.3652000E+04
  2.3682000E+04  2.3712000E+04  2.3742000E+04  2.3772000E+04  2.3802000E+04  2.3832000E+04  2.3862000E+04  2.3892000E+04  2.3922000E+04  2.3952000E+04
  2.3982000E+04  2.4072000E+04  2.4102000E+04  2.4132000E+04  2.4162000E+04  2.4192000E+04  2.4222000E+04  2.4252000E+04  2.4282000E+04  2.4312000E+04
  2.4342000E+04  2.4372000E+04  2.4402000E+04  2.4432000E+04  2.4462000E+04  2.4492000E+04  2.4522000E+04  2.4552000E+04  2.4582000E+04  2.4672000E+04
  2.4702000E+04  2.4732000E+04  2.4762000E+04  2.4792000E+04  2.4822000E+04  2.4852000E+04  2.4882000E+04  2.4912000E+04  2.4942000E+04  2.4972000E+04
  2.5002000E+04  2.5032000E+04  2.5062000E+04  2.5092000E+04  2.5122000E+04  2.5152000E+04  2.5182000E+04  2.5266000E+04  2.5296000E+04  2.5326000E+04
  2.5356000E+04  2.5386000E+04  2.5416000E+04  2.5446000E+04  2.5476000E+04  2.5506000E+04  2.5536000E+04  2.5566000E+04  2.5596000E+04  2.5626000E+04
  2.5656000E+04  2.5686000E+04  2.5716000E+04  2.5746000E+04  2.5776000E+04  2.5866000E+04  2.5896000E+04  2.5926000E+04  2.5956000E+04  2.5986000E+04
  2.6016000E+04  2.6046000E+04  2.6076000E+04  2.6106000E+04  2.6136000E+04  2.6166000E+04  2.6196000E+04  2.6226000E+04  2.6256000E+04  2.6286000E+04
  2.6316000E+04  2.6346000E+04  2.6376000E+04  2.6466000E+04  2.6496000E+04  2.6526000E+04  2.6556000E+04  2.6586000E+04  2.6616000E+04  2.6646000E+04
  2.6676000E+04  2.6706000E+04  2.6736000E+04  2.6766000E+04  2.6796000E+04  2.6826000E+04  2.6856000E+04  2.6886000E+04  2.6916000E+04  2.6946000E+04
  2.6976000E+04  2.7066000E+04  2.7096000E+04  2.7126000E+04  2.7156000E+04  2.7186000E+04  2.7216000E+04  2.7246000E+04  2.7276000E+04  2.7306000E+04
  2.7336000E+04  2.7366000E+04  2.7396000E+04  2.7426000E+04  2.7456000E+04  2.7486000E+04  2.7516000E+04  2.7546000E+04  2.7576000E+04  2.7666000E+04
  2.7696000E+04  2.7726000E+04  2.7756000E+04  2.7786000E+04  2.7816000E+04  2.7846000E+04  2.7876000E+04  2.7906000E+04  2.7936000E+04  2.7966000E+04
  2.7996000E+04  2.8026000E+04  2.8056000E+04  2.8086000E+04  2.8116000E+04  2.8146000E+04  2.8176000E+04  2.8266000E+04  2.8296000E+04  2.8326000E+04
  2.8356000E+04  2.8386000E+04  2.8416000E+04  2.8446000E+04  2.8476000E+04  2.8506000E+04  2.8536000E+04  2.8566000E+04  2.8596000E+04  2.8626000E+04
  2.8656000E+04  2.8686000E+04  2.8716000E+04  2.8746000E+04  2.8776000E+04  2.8866000E+04  2.8896000E+04  2.8926000E+04  2.8956000E+04  2.8986000E+04
  2.9016000E+04  2.9046000E+04  2.9076000E+04  2.9106000E+04  2.9136000E+04  2.9166000E+04  2.9196000E+04  2.9226000E+04  2.9256000E+04  2.9286000E+04
  2.9316000E+04  2.9346000E+04  2.9376000E+04  2.9466000E+04  2.9496000E+04  2.9526000E+04  2.9556000E+04  2.9586000E+04  2.9616000E+04  2.9646000E+04
  2.9676000E+04  2.9706000E+04  2.9736000E+04  2.9766000E+04  2.9796000E+04  2.9826000E+04  2.9856000E+04  2.9886000E+04  2.9916000E+04  2.9946000E+04
  2.9976000E+04  3.0066000E+04  3.0096000E+04  3.0126000E+04  3.0156000E+04  3.0186000E+04  3.0216000E+04  3.0246000E+04  3.0276000E+04  3.0306000E+04
  3.0336000E+04  3.0366000E+04  3.0396000E+04  3.0426000E+04  3.0456000E+04  3.0486000E+04  3.0516000E+04  3.0546000E+04  3.0576000E+04  3.0666000E+04
  3.0696000E+04  3.0726000E+04  3.0756000E+04  3.0786000E+04  3.0816000E+04  3.0846000E+04  3.0876000E+04  3.0906000E+04  3.0936000E+04  3.0966000E+04
  3.0996000E+04  3.1026000E+04  3.1056000E+04  3.1086000E+04  3.1116000E+04  3.1146000E+04  3.1176000E+04  3.1266000E+04  3.1296000E+04  3.1326000E+04
  3.1356000E+04  3.1386000E+04  3.1416000E+04  3.1446000E+04  3.1476000E+04  3.1506000E+04  3.1536000E+04  3.1566000E+04  3.1596000E+04  3.1626000E+04
  3.1656000E+04  3.1686000E+04  3.1716000E+04  3.1746000E+04  3.1776000E+04  3.1866000E+04  3.1896000E+04  3.1926000E+04  3.1956000E+04  3.1986000E+04
  3.2016000E+04  3.2046000E+04  3.2076000E+04  3.2106000E+04  3.2136000E+04  3.2166000E+04  3.2196000E+04  3.2226000E+04  3.2256000E+04  3.2286000E+04
  3.2316000E+04  3.2346000E+04  3.2376000E+04
  6.5789000E+00  6.5789000E+00  1.3158000E+01  1.3158000E+01  1.3158000E+01  1.3158000E+01  1.3158000E+01  1.3158000E+01  1.3158000E+01  1.3158000E+01
  1.9737000E+01  1.9737000E+01  1.9737000E+01  1.9737000E+01  1.9737000E+01  2.6316000E+01  2.6316000E+01  2.6316000E+01  3.2895000E+01  5.9211000E+01
  6.5789000E+01  6.5789000E+01  6.5789000E+01  7.2368000E+01  7.2368000E+01  7.2368000E+01  7.2368000E+01  7.2368000E+01  7.2368000E+01  7.2368000E+01
  7.2368000E+01  7.8947000E+01  7.8947000E+01  7.8947000E+01  7.8947000E+01  7.8947000E+01  7.8947000E+01  1.0526000E+02  1.0526000E+02  1.0526000E+02
  1.0526000E+02  1.0526000E+02  1.1184000E+02  1.1184000E+02  1.1184000E+02  1.1184000E+02  1.1184000E+02  1.1184000E+02  1.1184000E+02  1.1184000E+02
  1.1184000E+02  1.1842000E+02  1.1842000E+02  1.1842000E+02  1.1842000E+02  1.3158000E+02  1.3158000E+02  1.3158000E+02  1.2500000E+02  1.2500000E+02
  1.2500000E+02  1.2500000E+02  1.2500000E+02  1.2500000E+02  1.2500000E+02  1.2500000E+02  1.2500000E+02  1.2500000E+02  1.2500000E+02  1.2500000E+02
  1.2500000E+02  1.2500000E+02  1.2500000E+02  1.3158000E+02  1.3158000E+02  1.3158000E+02  1.3158000E+02  1.3158000E+02  1.3158000E+02  1.3158000E+02
  1.3816000E+02  1.3816000E+02  1.3816000E+02  1.3816000E+02  1.3816000E+02  1.3816000E+02  1.3816000E+02  1.3816000E+02  1.3816000E+02  1.3816000E+02
  1.3816000E+02  1.2500000E+02  1.3158000E+02  1.3158000E+02  1.3816000E+02  1.3816000E+02  1.3816000E+02  1.3816000E+02  1.3816000E+02  1.3816000E+02
  1.3816000E+02  1.3816000E+02  1.3816000E+02  1.3816000E+02  1.3816000E+02  1.3816000E+02  1.3816000E+02  1.3816000E+02  1.3816000E+02  1.3158000E+02
  1.3158000E+02  1.3158000E+02  1.3158000E+02  1.3158000E+02  1.3158000E+02  1.3158000E+02  1.3158000E+02  1.3158000E+02  1.3158000E+02  1.3158000E+02
  1.3158000E+02  1.3158000E+02  1.3158000E+02  1.3158000E+02  1.3158000E+02  1.3158000E+02  1.3158000E+02  1.3158000E+02  1.3158000E+02  1.3158000E+02
  1.3158000E+02  1.3158000E+02  1.3158000E+02  1.3158000E+02  1.3158000E+02  1.3158000E+02  1.3158000E+02  1.3158000E+02  1.3158000E+02  1.3158000E+02
  1.3158000E+02  1.3158000E+02  1.3158000E+02  1.3158000E+02  1.3158000E+02  1.4474000E+02  1.4474000E+02  1.4474000E+02  1.4474000E+02  1.4474000E+02
  1.4474000E+02  1.4474000E+02  1.4474000E+02  1.4474000E+02  1.4474000E+02  1.4474000E+02  1.3816000E+02  1.3816000E+02  1.3816000E+02  1.3816000E+02
  1.3816000E+02  1.3816000E+02  1.3816000E+02  1.5789000E+02  1.5789000E+02  1.5132000E+02  1.5132000E+02  1.5132000E+02  1.5132000E+02  1.4474000E+02
  1.4474000E+02  1.4474000E+02  1.4474000E+02  1.4474000E+02  1.4474000E+02  1.3816000E+02  1.3816000E+02  1.3816000E+02  1.3816000E+02  1.3816000E+02
  1.3816000E+02  1.3816000E+02  1.3816000E+02  1.3816000E+02  1.3816000E+02  1.3816000E+02  1.3816000E+02  1.3816000E+02  1.3816000E+02  1.3816000E+02
  1.3816000E+02  1.3816000E+02  1.3816000E+02  1.3816000E+02  1.3816000E+02  1.3158000E+02  1.3158000E+02  1.3158000E+02  1.3158000E+02  1.2500000E+02
  1.2500000E+02  1.2500000E+02  1.2500000E+02  1.2500000E+02  1.2500000E+02  1.2500000E+02  1.1842000E+02  1.1842000E+02  1.1842000E+02  1.1842000E+02
  1.1842000E+02  1.1842000E+02  1.1842000E+02  1.1842000E+02  1.1184000E+02  1.1184000E+02  1.1184000E+02  8.5526000E+01  8.5526000E+01  9.2105000E+01
  9.8684000E+01  9.8684000E+01  9.8684000E+01  1.0526000E+02  1.0526000E+02  1.0526000E+02  1.0526000E+02  1.0526000E+02  1.0526000E+02  1.1184000E+02
  1.1184000E+02  1.1184000E+02  1.1184000E+02  1.1184000E+02  1.1184000E+02  1.2500000E+02  1.2500000E+02  1.2500000E+02  1.3158000E+02  1.3158000E+02
  1.3158000E+02  1.3158000E+02  1.3158000E+02  1.3158000E+02  1.3158000E+02  1.3158000E+02  1.3158000E+02  1.3158000E+02  1.3158000E+02  1.3158000E+02
  1.3158000E+02  1.3158000E+02  1.3158000E+02  1.3816000E+02  1.3816000E+02  1.3816000E+02  1.3816000E+02  1.4474000E+02  1.3816000E+02  1.3816000E+02
  1.3816000E+02  1.3158000E+02  1.3158000E+02  1.3158000E+02  1.3158000E+02  1.2500000E+02  1.2500000E+02  1.2500000E+02  1.2500000E+02  1.2500000E+02
  1.3158000E+02  1.3816000E+02  1.3816000E+02  1.3816000E+02  1.3816000E+02  1.4474000E+02  1.4474000E+02  1.4474000E+02  1.4474000E+02  1.4474000E+02
  1.4474000E+02  1.4474000E+02  1.4474000E+02  1.4474000E+02  1.4474000E+02  1.4474000E+02  1.4474000E+02  1.4474000E+02  1.4474000E+02  1.1184000E+02
  1.1184000E+02  1.0526000E+02  9.8684000E+01  9.2105000E+01  9.2105000E+01  9.2105000E+01  9.2105000E+01  9.2105000E+01  9.2105000E+01  8.5526000E+01
  8.5526000E+01  8.5526000E+01  8.5526000E+01  8.5526000E+01  8.5526000E+01  8.5526000E+01  8.5526000E+01  6.5789000E+01  6.5789000E+01  6.5789000E+01
  6.5789000E+01  6.5789000E+01  6.5789000E+01  6.5789000E+01  6.5789000E+01  6.5789000E+01  6.5789000E+01  6.5789000E+01  6.5789000E+01  6.5789000E+01
  6.5789000E+01  6.5789000E+01  6.5789000E+01  6.5789000E+01  6.5789000E+01  7.2368000E+01  7.2368000E+01  5.2632000E+01  5.2632000E+01  5.2632000E+01
  5.2632000E+01  5.2632000E+01  5.9211000E+01  5.9211000E+01  5.9211000E+01  5.9211000E+01  5.9211000E+01  5.9211000E+01  5.9211000E+01  5.9211000E+01
  5.9211000E+01  5.9211000E+01  5.9211000E+01  6.5789000E+01  7.2368000E+01  7.2368000E+01  7.2368000E+01  7.2368000E+01  7.2368000E+01  7.2368000E+01
  7.2368000E+01  7.2368000E+01  7.2368000E+01  7.2368000E+01  7.2368000E+01  7.2368000E+01  7.2368000E+01  7.2368000E+01  7.2368000E+01  7.2368000E+01
  7.2368000E+01  6.5789000E+01  6.5789000E+01  6.5789000E+01  7.2368000E+01  7.2368000E+01  7.8947000E+01  8.5526000E+01  8.5526000E+01  8.5526000E+01
  8.5526000E+01  8.5526000E+01  8.5526000E+01  8.5526000E+01  8.5526000E+01  8.5526000E+01  8.5526000E+01  8.5526000E+01  8.5526000E+01  9.8684000E+01
  9.8684000E+01  9.8684000E+01  9.8684000E+01  8.5526000E+01  8.5526000E+01  8.5526000E+01  8.5526000E+01  8.5526000E+01  8.5526000E+01  8.5526000E+01
  8.5526000E+01  8.5526000E+01  8.5526000E+01  8.5526000E+01  8.5526000E+01  8.5526000E+01  8.5526000E+01  1.0526000E+02  1.0526000E+02  9.2105000E+01
  9.2105000E+01  9.2105000E+01  9.2105000E+01  9.8684000E+01  9.8684000E+01  1.0526000E+02  1.0526000E+02  1.0526000E+02  1.0526000E+02  9.8684000E+01
  9.8684000E+01  1.0526000E+02  1.0526000E+02  1.0526000E+02  1.0526000E+02  1.2500000E+02  1.2500000E+02  1.2500000E+02  9.8684000E+01  1.1842000E+02
  1.1184000E+02  1.1184000E+02  1.1184000E+02  1.1184000E+02  1.1184000E+02  1.1184000E+02  1.1184000E+02  1.1184000E+02  1.1184000E+02  1.1184000E+02
  1.1184000E+02  1.1184000E+02  1.1184000E+02  1.1184000E+02  1.1184000E+02  1.1184000E+02  1.1184000E+02  1.1184000E+02  1.1184000E+02  1.1184000E+02
  1.1184000E+02  1.1184000E+02  1.1184000E+02  1.0526000E+02  1.0526000E+02  1.0526000E+02  1.0526000E+02  1.0526000E+02  1.0526000E+02  1.0526000E+02
  1.0526000E+02  1.1184000E+02  1.1184000E+02  1.1842000E+02  1.1842000E+02  1.1184000E+02  1.1842000E+02  1.1842000E+02  1.1842000E+02  1.1842000E+02
  1.1842000E+02  1.1842000E+02  1.1842000E+02  1.1842000E+02  1.1842000E+02  1.1842000E+02  1.1842000E+02  1.1842000E+02  1.1842000E+02  1.4474000E+02
  1.4474000E+02  1.4474000E+02  1.4474000E+02  1.4474000E+02  1.4474000E+02  1.4474000E+02  1.4474000E+02  1.3816000E+02  1.3816000E+02  1.3816000E+02
  1.3816000E+02  1.3158000E+02  1.2500000E+02  1.2500000E+02  1.2500000E+02  1.2500000E+02  1.2500000E+02  1.2500000E+02  9.8684000E+01  9.8684000E+01
  1.0526000E+02  1.0526000E+02  1.0526000E+02  1.2500000E+02  1.2500000E+02  1.2500000E+02  1.2500000E+02  1.2500000E+02  1.2500000E+02  1.2500000E+02
  1.2500000E+02  1.2500000E+02  1.1842000E+02  1.1842000E+02  1.1842000E+02  8.5526000E+01  8.5526000E+01  8.5526000E+01  8.5526000E+01  8.5526000E+01
  9.2105000E+01  9.2105000E+01  9.2105000E+01  9.2105000E+01  9.2105000E+01  9.2105000E+01  9.8684000E+01  9.8684000E+01  9.8684000E+01  9.8684000E+01
  1.0526000E+02  1.0526000E+02  1.1184000E+02  1.1184000E+02  1.1842000E+02  1.1842000E+02  1.2500000E+02  1.2500000E+02  1.3158000E+02  1.3158000E+02
  1.3158000E+02  1.3816000E+02  1.3816000E+02  1.3816000E+02  1.3816000E+02  1.3816000E+02  1.3816000E+02  1.3816000E+02  1.3816000E+02  1.3816000E+02
  1.3816000E+02  1.3816000E+02  1.3158000E+02  1.3158000E+02  1.3158000E+02  1.3816000E+02  1.3816000E+02  1.3816000E+02  1.3816000E+02  1.3816000E+02
  1.3816000E+02  1.3158000E+02  1.3158000E+02  1.3158000E+02  1.3158000E+02  1.3158000E+02  1.3158000E+02  1.2500000E+02  1.2500000E+02  8.5526000E+01
  8.5526000E+01  8.5526000E+01  8.5526000E+01  8.5526000E+01  8.5526000E+01  8.5526000E+01  8.5526000E+01  8.5526000E+01  8.5526000E+01  8.5526000E+01
  8.5526000E+01  8.5526000E+01  8.5526000E+01  8.5526000E+01  9.2105000E+01  9.2105000E+01  9.2105000E+01  9.8684000E+01  9.8684000E+01  9.8684000E+01
  9.8684000E+01  9.8684000E+01  1.0526000E+02  1.0526000E+02  1.0526000E+02  1.0526000E+02  1.0526000E+02  1.0526000E+02  1.0526000E+02  1.0526000E+02
  1.0526000E+02  1.1184000E+02  1.1184000E+02  1.1184000E+02  1.1184000E+02  1.4474000E+02  1.4474000E+02  1.4474000E+02  1.4474000E+02  1.1184000E+02
  1.0526000E+02  1.0526000E+02  9.8684000E+01  9.8684000E+01  1.0526000E+02  1.0526000E+02  1.0526000E+02  9.8684000E+01  9.8684000E+01  9.8684000E+01
  9.8684000E+01  9.8684000E+01  9.8684000E+01  1.0526000E+02  1.1184000E+02  1.1184000E+02  1.1842000E+02  1.1842000E+02  1.1842000E+02  1.2500000E+02
  1.2500000E+02  1.3158000E+02  1.3158000E+02  1.3158000E+02  1.3158000E+02  1.3158000E+02  1.3158000E+02  1.3158000E+02  1.3816000E+02  1.3816000E+02
  1.3816000E+02  1.5132000E+02  1.5132000E+02  1.5132000E+02  1.5132000E+02  1.5132000E+02  1.5132000E+02  1.5132000E+02  1.5789000E+02  1.5132000E+02
  1.5132000E+02  1.5132000E+02  1.4474000E+02  1.4474000E+02  1.4474000E+02  1.4474000E+02  1.4474000E+02  1.4474000E+02  1.3816000E+02  9.8684000E+01
  9.8684000E+01  9.8684000E+01  1.0526000E+02  1.0526000E+02  1.0526000E+02  1.0526000E+02  1.0526000E+02  1.0526000E+02  1.0526000E+02  1.0526000E+02
  1.0526000E+02  1.0526000E+02  1.1184000E+02  1.1184000E+02  1.1184000E+02  1.1184000E+02  1.1184000E+02  1.1842000E+02  1.1842000E+02  1.2500000E+02
  1.2500000E+02  1.3158000E+02  1.3158000E+02  1.3816000E+02  1.3816000E+02  1.3816000E+02  1.3816000E+02  1.3816000E+02  1.3158000E+02  1.3158000E+02
  1.3158000E+02  1.3158000E+02  1.3158000E+02  1.3158000E+02  1.3816000E+02  1.5132000E+02  1.5132000E+02  1.4474000E+02  1.4474000E+02  1.4474000E+02
  1.4474000E+02  1.4474000E+02  1.3816000E+02  1.3816000E+02  1.3816000E+02  1.3816000E+02  1.3816000E+02  1.3816000E+02  1.3816000E+02  1.3816000E+02
  1.3816000E+02  1.3816000E+02  1.3816000E+02  1.5132000E+02  1.5132000E+02  1.5132000E+02  1.5132000E+02  1.5132000E+02  1.5132000E+02  1.5132000E+02
  1.5132000E+02  1.5132000E+02  1.5132000E+02  1.5132000E+02  1.5132000E+02  1.5132000E+02  1.4474000E+02  1.4474000E+02  1.4474000E+02  1.4474000E+02
  1.4474000E+02  8.5526000E+01  8.5526000E+01  7.8947000E+01  8.5526000E+01  8.5526000E+01  9.2105000E+01  9.2105000E+01  9.8684000E+01  9.8684000E+01
  9.2105000E+01  9.2105000E+01  9.2105000E+01  9.8684000E+01  9.8684000E+01  9.8684000E+01  9.8684000E+01  9.8684000E+01  9.8684000E+01  1.1184000E+02
  1.1842000E+02  1.1184000E+02  1.1184000E+02  1.1184000E+02  1.1184000E+02  1.1184000E+02  1.1184000E+02  1.1842000E+02  1.1842000E+02  1.1184000E+02
  1.1184000E+02  1.1184000E+02  1.1184000E+02  1.1184000E+02  1.1184000E+02  1.1842000E+02  1.1842000E+02  1.2500000E+02  1.2500000E+02  1.3158000E+02
  1.3158000E+02  1.3158000E+02  1.2500000E+02  1.2500000E+02  1.2500000E+02  1.2500000E+02  1.2500000E+02  1.2500000E+02  1.2500000E+02  1.2500000E+02
  1.2500000E+02  1.2500000E+02  1.2500000E+02  1.2500000E+02  1.2500000E+02  1.2500000E+02  1.2500000E+02  1.2500000E+02  1.2500000E+02  1.1842000E+02
  1.1842000E+02  1.1842000E+02  1.1842000E+02  1.1842000E+02  1.1842000E+02  1.1842000E+02  1.1842000E+02  1.1842000E+02  1.1842000E+02  1.1842000E+02
  1.1842000E+02  1.1842000E+02  1.1842000E+02  1.1184000E+02  1.0526000E+02  1.0526000E+02  1.3158000E+02  1.3158000E+02  1.2500000E+02  1.2500000E+02
  1.2500000E+02  1.2500000E+02  1.2500000E+02  1.3158000E+02  1.3158000E+02  1.3816000E+02  1.3816000E+02  1.3816000E+02  1.3816000E+02  1.4474000E+02
  1.4474000E+02  1.0526000E+02  1.5789000E+02  1.5789000E+02  1.5789000E+02  1.5789000E+02  1.5789000E+02  1.5789000E+02  1.5789000E+02  1.5789000E+02
  1.5132000E+02  1.5132000E+02  1.5132000E+02  1.5132000E+02  1.5132000E+02  1.5132000E+02  1.5132000E+02  1.5132000E+02  1.5132000E+02  1.1842000E+02
  1.2500000E+02  1.3158000E+02  1.3816000E+02  1.3816000E+02  1.3816000E+02  1.3158000E+02  1.3158000E+02  1.3158000E+02  1.3158000E+02  1.3158000E+02
  1.3158000E+02  1.3158000E+02  1.3158000E+02  1.3158000E+02  1.3158000E+02  1.3158000E+02  1.2500000E+02  1.1184000E+02  1.1184000E+02  1.1184000E+02
  1.1184000E+02  1.1184000E+02  1.1842000E+02  1.1842000E+02  1.1842000E+02  1.1842000E+02  1.1842000E+02  1.1842000E+02  1.1842000E+02  1.1842000E+02
  1.1842000E+02  1.1842000E+02  1.1842000E+02  1.1842000E+02  1.1184000E+02  1.0526000E+02  1.0526000E+02  1.0526000E+02  1.0526000E+02  1.0526000E+02
  1.1184000E+02  1.1184000E+02  1.1184000E+02  1.1184000E+02  1.1184000E+02  1.1184000E+02  1.1184000E+02  1.1184000E+02  1.1184000E+02  1.1184000E+02
  1.1184000E+02  1.1184000E+02  1.1184000E+02  1.3158000E+02  1.3158000E+02  1.3158000E+02  1.3158000E+02  1.3158000E+02  1.3158000E+02  1.3158000E+02
  1.3158000E+02  1.3158000E+02  1.3158000E+02  1.3158000E+02  1.3158000E+02  1.3158000E+02  1.3158000E+02  1.3158000E+02  1.3158000E+02  1.3158000E+02
  1.3158000E+02  1.1842000E+02  1.1842000E+02  1.1842000E+02  1.1842000E+02  1.1842000E+02  1.2500000E+02  1.3158000E+02  1.3158000E+02  1.3816000E+02
  1.3816000E+02  1.3816000E+02  1.3158000E+02  1.2500000E+02  1.2500000E+02  1.2500000E+02  1.2500000E+02  1.1842000E+02  1.1842000E+02  1.3158000E+02
  1.3158000E+02  1.3158000E+02  1.2500000E+02  1.2500000E+02  1.1842000E+02  1.1842000E+02  1.2500000E+02  1.2500000E+02  1.3158000E+02  1.3158000E+02
  1.3158000E+02  1.3158000E+02  1.3158000E+02  1.3158000E+02  1.3158000E+02  1.3158000E+02  1.3158000E+02  1.2500000E+02  1.2500000E+02  1.2500000E+02
  1.2500000E+02  1.2500000E+02  1.2500000E+02  1.2500000E+02  1.2500000E+02  1.2500000E+02  1.1842000E+02  1.2500000E+02  1.2500000E+02  1.2500000E+02
  1.1842000E+02  1.1842000E+02  1.1842000E+02  1.2500000E+02  1.2500000E+02  1.1842000E+02  1.1842000E+02  1.1842000E+02  1.2500000E+02  1.2500000E+02
  1.2500000E+02  1.2500000E+02  1.2500000E+02  1.3158000E+02  1.3158000E+02  1.3816000E+02  1.3816000E+02  1.3816000E+02  1.3816000E+02  1.4474000E+02
  1.4474000E+02  1.4474000E+02  1.4474000E+02
  4.2010000E-04  3.3970000E-04  2.8790000E-04  2.4090000E-04  1.9360000E-04  1.4120000E-04  8.5090000E-05  2.7710000E-05 -2.9850000E-05 -8.9330000E-05
 -1.5210000E-04 -2.1910000E-04 -2.9650000E-04 -3.8630000E-04 -4.8400000E-04 -5.7570000E-04 -6.6970000E-04 -7.6540000E-04 -8.4930000E-04 -1.0710000E-03
 -1.1780000E-03 -1.2590000E-03 -1.2900000E-03 -1.3330000E-03 -1.3780000E-03 -1.4340000E-03 -1.5090000E-03 -1.5770000E-03 -1.6390000E-03 -1.6800000E-03
 -1.6930000E-03 -1.7060000E-03 -1.7760000E-03 -1.8590000E-03 -1.9410000E-03 -1.9870000E-03 -1.9850000E-03 -2.0630000E-03 -2.0520000E-03 -2.0430000E-03
 -2.1000000E-03 -2.1830000E-03 -2.2400000E-03 -2.3550000E-03 -2.4290000E-03 -2.4990000E-03 -2.5180000E-03 -2.5340000E-03 -2.5820000E-03 -2.6440000E-03
 -2.7030000E-03 -2.7590000E-03 -2.8040000E-03 -2.8320000E-03 -2.9040000E-03 -2.9370000E-03 -2.9950000E-03 -3.0180000E-03 -3.0270000E-03 -3.0400000E-03
 -3.1440000E-03 -3.2720000E-03 -3.3200000E-03 -3.3130000E-03 -3.3040000E-03 -3.3160000E-03 -3.3540000E-03 -3.3590000E-03 -3.4270000E-03 -3.5250000E-03
 -3.5700000E-03 -3.5650000E-03 -3.5980000E-03 -3.6710000E-03 -3.6860000E-03 -3.7340000E-03 -3.7980000E-03 -3.8270000E-03 -3.8290000E-03 -3.8860000E-03
 -3.9580000E-03 -3.9870000E-03 -3.9520000E-03 -3.9060000E-03 -3.8570000E-03 -3.8470000E-03 -3.8500000E-03 -3.8370000E-03 -3.8500000E-03 -3.8270000E-03
 -3.8080000E-03 -3.8910000E-03 -3.9430000E-03 -4.0220000E-03 -4.1350000E-03 -4.2490000E-03 -4.3480000E-03 -4.4380000E-03 -4.4750000E-03 -4.4760000E-03
 -4.4100000E-03 -4.3500000E-03 -4.3420000E-03 -4.3780000E-03 -4.3940000E-03 -4.3560000E-03 -4.2820000E-03 -4.2070000E-03 -4.1410000E-03 -4.0350000E-03
 -4.0200000E-03 -4.0310000E-03 -4.0420000E-03 -4.0390000E-03 -4.0580000E-03 -4.0950000E-03 -4.1240000E-03 -4.1180000E-03 -4.1010000E-03 -4.1010000E-03
 -4.1110000E-03 -4.0910000E-03 -4.0580000E-03 -4.0320000E-03 -4.0500000E-03 -4.0870000E-03 -4.1230000E-03 -4.1640000E-03 -4.1230000E-03 -4.0860000E-03
 -4.0870000E-03 -4.0650000E-03 -4.0900000E-03 -4.1230000E-03 -4.1300000E-03 -4.1280000E-03 -4.1340000E-03 -4.1360000E-03 -4.1130000E-03 -4.1190000E-03
 -4.1430000E-03 -4.1500000E-03 -4.1630000E-03 -4.2010000E-03 -4.2020000E-03 -4.1770000E-03 -4.2040000E-03 -4.2100000E-03 -4.2030000E-03 -4.1730000E-03
 -4.1550000E-03 -4.1310000E-03 -4.0990000E-03 -4.0640000E-03 -4.0530000E-03 -4.0690000E-03 -4.0740000E-03 -4.1000000E-03 -4.1230000E-03 -4.1710000E-03
 -4.2250000E-03 -4.2310000E-03 -4.2380000E-03 -4.2850000E-03 -4.2920000E-03 -4.2980000E-03 -4.2920000E-03 -4.2750000E-03 -4.2780000E-03 -4.3040000E-03
 -4.3580000E-03 -4.3780000E-03 -4.3710000E-03 -4.3770000E-03 -4.3630000E-03 -4.3830000E-03 -4.4130000E-03 -4.4220000E-03 -4.4250000E-03 -4.4240000E-03
 -4.3910000E-03 -4.4370000E-03 -4.4510000E-03 -4.4130000E-03 -4.3630000E-03 -4.3240000E-03 -4.2590000E-03 -4.2190000E-03 -4.2020000E-03 -4.1840000E-03
 -4.1530000E-03 -4.1320000E-03 -4.1230000E-03 -4.0940000E-03 -4.0510000E-03 -4.0370000E-03 -4.0270000E-03 -4.0290000E-03 -4.0250000E-03 -4.0140000E-03
 -4.0350000E-03 -4.0530000E-03 -4.0790000E-03 -4.1140000E-03 -4.1580000E-03 -4.2020000E-03 -4.2430000E-03 -4.2930000E-03 -4.3620000E-03 -4.4170000E-03
 -4.4810000E-03 -4.5090000E-03 -4.5160000E-03 -4.5110000E-03 -4.5110000E-03 -4.5520000E-03 -4.5490000E-03 -4.5420000E-03 -4.5480000E-03 -4.5480000E-03
 -4.5540000E-03 -4.5840000E-03 -4.5830000E-03 -4.5480000E-03 -4.5190000E-03 -4.4930000E-03 -4.4580000E-03 -4.4130000E-03 -4.4040000E-03 -4.4200000E-03
 -4.4640000E-03 -4.5420000E-03 -4.6610000E-03 -4.7760000E-03 -4.8150000E-03 -4.8470000E-03 -4.8240000E-03 -4.7930000E-03 -4.7840000E-03 -4.7810000E-03
 -4.7870000E-03 -4.7640000E-03 -4.7780000E-03 -4.7860000E-03 -4.8130000E-03 -4.8310000E-03 -4.8640000E-03 -4.9160000E-03 -4.9730000E-03 -5.0360000E-03
 -5.0360000E-03 -5.0290000E-03 -4.9830000E-03 -4.9520000E-03 -4.9580000E-03 -4.9730000E-03 -4.9460000E-03 -4.9070000E-03 -4.9040000E-03 -4.9000000E-03
 -4.9210000E-03 -4.9460000E-03 -4.9430000E-03 -4.9310000E-03 -4.9050000E-03 -4.8920000E-03 -4.8470000E-03 -4.8090000E-03 -4.7630000E-03 -4.7330000E-03
 -4.7190000E-03 -4.8080000E-03 -4.8260000E-03 -4.8330000E-03 -4.8590000E-03 -4.8830000E-03 -4.8970000E-03 -4.9510000E-03 -5.0090000E-03 -5.0160000E-03
 -4.9950000E-03 -4.9980000E-03 -5.0280000E-03 -5.0470000E-03 -5.0590000E-03 -5.0450000E-03 -5.0360000E-03 -5.0310000E-03 -5.0290000E-03 -4.9850000E-03
 -4.9660000E-03 -4.9790000E-03 -4.9510000E-03 -4.9330000E-03 -4.9310000E-03 -4.9400000E-03 -4.9540000E-03 -4.9530000E-03 -4.9570000E-03 -4.9800000E-03
 -4.9940000E-03 -4.9680000E-03 -4.9630000E-03 -4.9730000E-03 -4.9670000E-03 -4.9650000E-03 -4.9510000E-03 -4.8990000E-03 -4.8790000E-03 -4.8810000E-03
 -4.8770000E-03 -4.8510000E-03 -4.8310000E-03 -4.8200000E-03 -4.8190000E-03 -4.8290000E-03 -4.8390000E-03 -4.8490000E-03 -4.8510000E-03 -4.8590000E-03
 -4.8700000E-03 -4.8770000E-03 -4.8910000E-03 -4.8880000E-03 -4.8630000E-03 -4.8950000E-03 -4.9150000E-03 -4.9100000E-03 -4.9100000E-03 -4.9290000E-03
 -4.9890000E-03 -5.0620000E-03 -5.1330000E-03 -5.2090000E-03 -5.2660000E-03 -5.2500000E-03 -5.2130000E-03 -5.2030000E-03 -5.1810000E-03 -5.1650000E-03
 -5.1510000E-03 -5.1320000E-03 -5.0940000E-03 -4.9600000E-03 -4.9240000E-03 -4.9120000E-03 -4.9360000E-03 -4.9890000E-03 -5.0430000E-03 -5.0820000E-03
 -5.1340000E-03 -5.1840000E-03 -5.2110000E-03 -5.2450000E-03 -5.2510000E-03 -5.2560000E-03 -5.2690000E-03 -5.2630000E-03 -5.2530000E-03 -5.2410000E-03
 -5.2370000E-03 -5.2740000E-03 -5.2650000E-03 -5.2500000E-03 -5.2520000E-03 -5.2560000E-03 -5.2460000E-03 -5.2440000E-03 -5.2730000E-03 -5.2900000E-03
 -5.2930000E-03 -5.2930000E-03 -5.3030000E-03 -5.3170000E-03 -5.3310000E-03 -5.3810000E-03 -5.4490000E-03 -5.5300000E-03 -5.5770000E-03 -5.8560000E-03
 -5.9880000E-03 -6.0120000E-03 -6.0650000E-03 -6.1630000E-03 -6.2240000E-03 -6.2920000E-03 -6.3390000E-03 -6.3760000E-03 -6.3700000E-03 -6.3980000E-03
 -6.5150000E-03 -6.6510000E-03 -6.7640000E-03 -6.9510000E-03 -7.1150000E-03 -7.1730000E-03 -7.2010000E-03 -7.1520000E-03 -7.0710000E-03 -7.0730000E-03
 -7.0440000E-03 -7.0580000E-03 -7.0420000E-03 -7.0000000E-03 -6.9200000E-03 -6.8840000E-03 -6.9080000E-03 -6.9330000E-03 -6.9290000E-03 -6.9010000E-03
 -6.8860000E-03 -6.8950000E-03 -6.9190000E-03 -6.9470000E-03 -6.9610000E-03 -7.2750000E-03 -7.5830000E-03 -7.9740000E-03 -8.1560000E-03 -8.2370000E-03
 -8.1910000E-03 -8.0670000E-03 -7.8600000E-03 -7.6760000E-03 -7.5560000E-03 -7.5500000E-03 -7.5790000E-03 -7.5360000E-03 -7.4950000E-03 -7.5390000E-03
 -7.5730000E-03 -7.6110000E-03 -7.6710000E-03 -8.0200000E-03 -8.1150000E-03 -8.1940000E-03 -8.2220000E-03 -8.2710000E-03 -8.3630000E-03 -8.4000000E-03
 -8.4650000E-03 -8.4440000E-03 -8.4150000E-03 -8.4890000E-03 -8.5260000E-03 -8.4880000E-03 -8.4280000E-03 -8.3880000E-03 -8.4060000E-03 -8.3860000E-03
 -8.3380000E-03 -8.2660000E-03 -8.2270000E-03 -8.1800000E-03 -8.1570000E-03 -8.2130000E-03 -8.3020000E-03 -8.3260000E-03 -8.2300000E-03 -8.1870000E-03
 -8.1500000E-03 -8.1060000E-03 -8.1180000E-03 -8.1210000E-03 -8.1320000E-03 -8.1540000E-03 -8.1360000E-03 -8.1270000E-03 -8.1340000E-03 -8.4260000E-03
 -8.4790000E-03 -8.6010000E-03 -8.8270000E-03 -8.9640000E-03 -9.0110000E-03 -9.0200000E-03 -9.0300000E-03 -8.9760000E-03 -8.9860000E-03 -8.9520000E-03
 -8.9440000E-03 -8.9050000E-03 -8.9270000E-03 -8.9900000E-03 -9.0970000E-03 -9.1360000E-03 -9.1450000E-03 -9.0890000E-03 -8.8620000E-03 -8.7040000E-03
 -8.5940000E-03 -8.5120000E-03 -8.4020000E-03 -8.3240000E-03 -8.2650000E-03 -8.2440000E-03 -8.1280000E-03 -8.0790000E-03 -8.0710000E-03 -8.0380000E-03
 -7.9990000E-03 -7.9860000E-03 -8.0150000E-03 -8.1050000E-03 -8.1540000E-03 -8.2490000E-03 -8.3830000E-03 -8.6310000E-03 -8.9120000E-03 -9.2480000E-03
 -9.3830000E-03 -9.3540000E-03 -9.4050000E-03 -9.5240000E-03 -9.6920000E-03 -9.9510000E-03 -1.0250000E-02 -1.0470000E-02 -1.0480000E-02 -1.0390000E-02
 -1.0350000E-02 -1.0370000E-02 -1.0470000E-02 -1.0600000E-02 -1.0430000E-02 -1.0170000E-02 -9.9890000E-03 -9.9030000E-03 -9.7970000E-03 -9.6950000E-03
 -9.6240000E-03 -9.5250000E-03 -9.4220000E-03 -9.3950000E-03 -9.4460000E-03 -9.3990000E-03 -9.3090000E-03 -9.2640000E-03 -9.3190000E-03 -9.4470000E-03
 -9.5960000E-03 -1.0290000E-02 -1.0270000E-02 -1.0320000E-02 -1.0480000E-02 -1.0560000E-02 -1.0530000E-02 -1.0430000E-02 -1.0300000E-02 -1.0190000E-02
 -9.9990000E-03 -9.9640000E-03 -9.9480000E-03 -9.9190000E-03 -9.9170000E-03 -9.9700000E-03 -1.0010000E-02 -1.0020000E-02 -1.0010000E-02 -1.0100000E-02
 -1.0090000E-02 -1.0130000E-02 -1.0000000E-02 -9.8510000E-03 -9.6550000E-03 -9.4530000E-03 -9.2850000E-03 -9.0630000E-03 -8.9300000E-03 -8.8820000E-03
 -8.8350000E-03 -8.7550000E-03 -8.7860000E-03 -8.8190000E-03 -8.8050000E-03 -8.7130000E-03 -8.6860000E-03 -8.6920000E-03 -8.7150000E-03 -8.7620000E-03
 -8.7380000E-03 -8.6840000E-03 -8.6380000E-03 -8.5850000E-03 -8.5870000E-03 -8.5780000E-03 -8.5870000E-03 -8.6150000E-03 -8.5810000E-03 -8.5270000E-03
 -8.4970000E-03 -8.4870000E-03 -8.5290000E-03 -8.6260000E-03 -8.7640000E-03 -9.1390000E-03 -9.3160000E-03 -9.5210000E-03 -9.8550000E-03 -1.0060000E-02
 -1.0350000E-02 -1.0410000E-02 -1.0380000E-02 -1.0380000E-02 -1.0350000E-02 -1.0360000E-02 -1.0370000E-02 -1.0290000E-02 -1.0250000E-02 -1.0160000E-02
 -1.0150000E-02 -1.0100000E-02 -1.0060000E-02 -1.0430000E-02 -1.0510000E-02 -1.0680000E-02 -1.0660000E-02 -1.0750000E-02 -1.0700000E-02 -1.0610000E-02
 -1.0560000E-02 -1.0480000E-02 -1.0410000E-02 -1.0270000E-02 -1.0190000E-02 -1.0060000E-02 -9.9980000E-03 -9.9900000E-03 -1.0040000E-02 -1.0120000E-02
 -1.0180000E-02 -1.0420000E-02 -1.0400000E-02 -1.0400000E-02 -1.0440000E-02 -1.0550000E-02 -1.0700000E-02 -1.0730000E-02 -1.0700000E-02 -1.0620000E-02
 -1.0510000E-02 -1.0610000E-02 -1.0730000E-02 -1.0760000E-02 -1.0880000E-02 -1.1160000E-02 -1.1230000E-02 -1.1310000E-02 -1.1420000E-02 -1.1740000E-02
 -1.1530000E-02 -1.1400000E-02 -1.1240000E-02 -1.1370000E-02 -1.1380000E-02 -1.1350000E-02 -1.1220000E-02 -1.1190000E-02 -1.1120000E-02 -1.1020000E-02
 -1.0950000E-02 -1.0900000E-02 -1.1050000E-02 -1.1120000E-02 -1.1120000E-02 -1.1140000E-02 -1.1240000E-02 -1.1740000E-02 -1.1590000E-02 -1.1420000E-02
 -1.1260000E-02 -1.1300000E-02 -1.1450000E-02 -1.1430000E-02 -1.1370000E-02 -1.1260000E-02 -1.1250000E-02 -1.1400000E-02 -1.1450000E-02 -1.1460000E-02
 -1.1470000E-02 -1.1400000E-02 -1.1590000E-02 -1.1690000E-02 -1.1790000E-02 -1.1610000E-02 -1.1680000E-02 -1.1970000E-02 -1.2080000E-02 -1.2260000E-02
 -1.2300000E-02 -1.2160000E-02 -1.1980000E-02 -1.1950000E-02 -1.2070000E-02 -1.2070000E-02 -1.2150000E-02 -1.2140000E-02 -1.1930000E-02 -1.1780000E-02
 -1.1450000E-02 -1.1250000E-02 -1.1300000E-02 -1.1270000E-02 -1.1150000E-02 -1.1130000E-02 -1.1050000E-02 -1.1020000E-02 -1.0930000E-02 -1.1000000E-02
 -1.1030000E-02 -1.1050000E-02 -1.1080000E-02 -1.1220000E-02 -1.1300000E-02 -1.1340000E-02 -1.1260000E-02 -1.1050000E-02 -1.0770000E-02 -1.0540000E-02
 -1.0440000E-02 -1.0680000E-02 -1.0770000E-02 -1.0860000E-02 -1.0790000E-02 -1.0720000E-02 -1.0650000E-02 -1.0610000E-02 -1.0510000E-02 -1.0470000E-02
 -1.0500000E-02 -1.0430000E-02 -1.0410000E-02 -1.0480000E-02 -1.0510000E-02 -1.0630000E-02 -1.0540000E-02 -1.0400000E-02 -1.0270000E-02 -1.0480000E-02
 -1.0650000E-02 -1.0690000E-02 -1.0610000E-02 -1.0630000E-02 -1.0580000E-02 -1.0500000E-02 -1.0470000E-02 -1.0650000E-02 -1.0810000E-02 -1.1120000E-02
 -1.1150000E-02 -1.1010000E-02 -1.0820000E-02 -1.0610000E-02 -1.0400000E-02 -1.0180000E-02 -1.0080000E-02 -1.0030000E-02 -1.0100000E-02 -1.0280000E-02
 -1.0460000E-02 -1.0570000E-02 -1.0650000E-02 -1.0670000E-02 -1.0630000E-02 -1.0500000E-02 -1.0420000E-02 -1.0500000E-02 -1.0530000E-02 -1.0440000E-02
 -1.0360000E-02 -1.0270000E-02 -1.0080000E-02 -9.9030000E-03 -9.9280000E-03 -1.0100000E-02 -1.0220000E-02 -1.0310000E-02 -1.0250000E-02 -1.0170000E-02
 -1.0210000E-02 -1.0280000E-02 -1.0360000E-02 -1.0450000E-02 -1.0630000E-02 -1.0690000E-02 -1.0650000E-02 -1.0700000E-02 -1.0850000E-02 -1.0910000E-02
 -1.0900000E-02 -1.1030000E-02 -1.1330000E-02 -1.1870000E-02 -1.1840000E-02 -1.1720000E-02 -1.1640000E-02 -1.1570000E-02 -1.1530000E-02 -1.1430000E-02
 -1.1210000E-02 -1.1050000E-02 -1.1060000E-02 -1.0980000E-02 -1.0910000E-02 -1.0780000E-02 -1.0730000E-02 -1.1010000E-02 -1.1080000E-02 -1.1170000E-02
 -1.1200000E-02 -1.0970000E-02 -1.0860000E-02 -1.0900000E-02 -1.1070000E-02 -1.1290000E-02 -1.1460000E-02 -1.1490000E-02 -1.1390000E-02 -1.1190000E-02
 -1.0980000E-02 -1.0910000E-02 -1.0970000E-02 -1.1090000E-02 -1.1250000E-02 -1.1350000E-02 -1.1420000E-02 -1.1290000E-02 -1.1210000E-02 -1.0950000E-02
 -1.0880000E-02 -1.0810000E-02 -1.0740000E-02 -1.0580000E-02 -1.0450000E-02 -1.0420000E-02 -1.0450000E-02 -1.0550000E-02 -1.0560000E-02 -1.0610000E-02
 -1.0770000E-02 -1.0970000E-02 -1.1030000E-02 -1.1160000E-02 -1.1290000E-02 -1.1180000E-02 -1.1010000E-02 -1.0780000E-02 -1.0840000E-02 -1.0880000E-02
 -1.0960000E-02 -1.1220000E-02 -1.1260000E-02 -1.1180000E-02 -1.1070000E-02 -1.1010000E-02 -1.1030000E-02 -1.1070000E-02 -1.1120000E-02 -1.1320000E-02
 -1.1450000E-02 -1.1440000E-02 -1.1440000E-02 -1.1530000E-02 -1.1460000E-02 -1.1060000E-02 -1.0980000E-02 -1.1090000E-02 -1.1120000E-02 -1.1050000E-02
 -1.1030000E-02 -1.1110000E-02 -1.1130000E-02 -1.1100000E-02 -1.1130000E-02 -1.1190000E-02 -1.1220000E-02 -1.1110000E-02 -1.1010000E-02 -1.0990000E-02
 -1.1030000E-02 -1.0990000E-02 -1.0910000E-02 -1.0560000E-02 -1.0450000E-02 -1.0350000E-02 -1.0250000E-02 -1.0100000E-02 -9.9820000E-03 -9.9100000E-03
 -9.9060000E-03 -9.8800000E-03 -9.8950000E-03 -9.7980000E-03 -9.7050000E-03 -9.6170000E-03 -9.5430000E-03 -9.5320000E-03 -9.5120000E-03 -9.6150000E-03
 -9.6860000E-03 -9.8530000E-03 -9.8480000E-03 -9.7300000E-03 -9.6420000E-03 -9.5450000E-03 -9.4990000E-03 -9.5940000E-03 -9.6080000E-03 -9.6050000E-03
 -9.6480000E-03 -9.7620000E-03 -9.8650000E-03 -9.9540000E-03 -9.9870000E-03 -9.9730000E-03 -9.8910000E-03 -9.8390000E-03 -9.7900000E-03 -9.5090000E-03
 -9.4900000E-03 -9.4430000E-03 -9.3970000E-03 -9.3320000E-03 -9.2420000E-03 -9.1940000E-03 -9.1100000E-03 -9.0790000E-03 -9.1300000E-03 -9.0940000E-03
 -9.0810000E-03 -9.1250000E-03 -9.1200000E-03 -9.1630000E-03 -9.2870000E-03 -9.5020000E-03 -9.8100000E-03 -1.0530000E-02 -1.0690000E-02 -1.0800000E-02
 -1.0890000E-02 -1.1040000E-02 -1.1290000E-02 -1.1400000E-02 -1.1540000E-02 -1.1630000E-02 -1.1840000E-02 -1.2240000E-02 -1.2420000E-02 -1.2410000E-02
 -1.2270000E-02 -1.2110000E-02 -1.1930000E-02 -1.1690000E-02 -1.1440000E-02 -1.1090000E-02 -1.1050000E-02 -1.0930000E-02 -1.0880000E-02 -1.0860000E-02
 -1.0920000E-02 -1.1030000E-02 -1.1110000E-02 -1.1130000E-02 -1.1090000E-02 -1.1110000E-02 -1.1130000E-02 -1.1040000E-02 -1.0880000E-02 -1.0780000E-02
 -1.0790000E-02 -1.0960000E-02 -1.1170000E-02
  4.9720000E-01  4.3350000E-01  3.9590000E-01  3.7050000E-01  3.5200000E-01  3.3780000E-01  3.2650000E-01  3.1780000E-01  3.1270000E-01  3.1220000E-01
  3.1460000E-01  3.1870000E-01  3.2940000E-01  3.4450000E-01  3.5770000E-01  3.6600000E-01  3.7390000E-01  3.7960000E-01  3.8240000E-01  3.7830000E-01
  3.8460000E-01  3.8570000E-01  3.7700000E-01  3.7190000E-01  3.6850000E-01  3.6830000E-01  3.7170000E-01  3.7280000E-01  3.7290000E-01  3.7070000E-01
  3.6370000E-01  3.5760000E-01  3.6020000E-01  3.6350000E-01  3.6690000E-01  3.6590000E-01  3.5980000E-01  3.5020000E-01  3.4240000E-01  3.3430000E-01
  3.3400000E-01  3.3690000E-01  3.3760000E-01  3.4350000E-01  3.4530000E-01  3.4680000E-01  3.4510000E-01  3.4250000E-01  3.4130000E-01  3.3980000E-01
  3.3930000E-01  3.3890000E-01  3.3680000E-01  3.3440000E-01  3.3480000E-01  3.2630000E-01  3.2670000E-01  3.2440000E-01  3.2020000E-01  3.1620000E-01
  3.1890000E-01  3.2310000E-01  3.2310000E-01  3.2000000E-01  3.1660000E-01  3.1460000E-01  3.1210000E-01  3.0790000E-01  3.0850000E-01  3.1040000E-01
  3.1090000E-01  3.0870000E-01  3.0840000E-01  3.0370000E-01  3.0090000E-01  3.0030000E-01  3.0030000E-01  2.9910000E-01  2.9740000E-01  2.9870000E-01
  3.0040000E-01  3.0050000E-01  2.9790000E-01  2.9450000E-01  2.9040000E-01  2.8810000E-01  2.8680000E-01  2.8500000E-01  2.8400000E-01  2.8080000E-01
  2.7680000E-01  2.7200000E-01  2.7270000E-01  2.7440000E-01  2.7760000E-01  2.8070000E-01  2.8410000E-01  2.8660000E-01  2.8690000E-01  2.8560000E-01
  2.8190000E-01  2.7820000E-01  2.7640000E-01  2.7640000E-01  2.7620000E-01  2.7390000E-01  2.6920000E-01  2.6510000E-01  2.6170000E-01  2.5380000E-01
  2.5120000E-01  2.5030000E-01  2.4910000E-01  2.4770000E-01  2.4740000E-01  2.4780000E-01  2.4790000E-01  2.4670000E-01  2.4530000E-01  2.4430000E-01
  2.4360000E-01  2.4180000E-01  2.3940000E-01  2.3740000E-01  2.3690000E-01  2.3690000E-01  2.3610000E-01  2.3490000E-01  2.3280000E-01  2.3060000E-01
  2.2930000E-01  2.2730000E-01  2.2770000E-01  2.2790000E-01  2.2730000E-01  2.2640000E-01  2.2560000E-01  2.2470000E-01  2.2290000E-01  2.2260000E-01
  2.2260000E-01  2.2210000E-01  2.2180000E-01  2.2230000E-01  2.2190000E-01  2.1950000E-01  2.1970000E-01  2.1910000E-01  2.1830000E-01  2.1660000E-01
  2.1530000E-01  2.1380000E-01  2.1240000E-01  2.1050000E-01  2.0950000E-01  2.0900000E-01  2.0820000E-01  2.0810000E-01  2.0830000E-01  2.0910000E-01
  2.0990000E-01  2.0960000E-01  2.0910000E-01  2.0960000E-01  2.0980000E-01  2.0960000E-01  2.0890000E-01  2.0750000E-01  2.0700000E-01  2.0710000E-01
  2.0830000E-01  2.0860000E-01  2.0810000E-01  2.0760000E-01  2.0670000E-01  2.0670000E-01  2.0690000E-01  2.0680000E-01  2.0630000E-01  2.0570000E-01
  2.0420000E-01  2.0410000E-01  2.0460000E-01  2.0330000E-01  2.0150000E-01  1.9970000E-01  1.9700000E-01  1.9530000E-01  1.9470000E-01  1.9390000E-01
  1.9260000E-01  1.9140000E-01  1.9100000E-01  1.9000000E-01  1.8860000E-01  1.8790000E-01  1.8690000E-01  1.8650000E-01  1.8610000E-01  1.8550000E-01
  1.8570000E-01  1.8620000E-01  1.8690000E-01  1.8780000E-01  1.8870000E-01  1.8940000E-01  1.9000000E-01  1.9100000E-01  1.9260000E-01  1.9400000E-01
  1.9590000E-01  1.9700000E-01  1.9690000E-01  1.9650000E-01  1.9610000E-01  1.9690000E-01  1.9660000E-01  1.9580000E-01  1.9540000E-01  1.9480000E-01
  1.9470000E-01  1.9520000E-01  1.9500000E-01  1.9370000E-01  1.9270000E-01  1.9190000E-01  1.9080000E-01  1.8930000E-01  1.8890000E-01  1.8920000E-01
  1.9040000E-01  1.9260000E-01  1.9560000E-01  1.9850000E-01  1.9940000E-01  1.9940000E-01  1.9840000E-01  1.9720000E-01  1.9690000E-01  1.9680000E-01
  1.9670000E-01  1.9550000E-01  1.9570000E-01  1.9570000E-01  1.9610000E-01  1.9610000E-01  1.9650000E-01  1.9740000E-01  1.9860000E-01  2.0010000E-01
  1.9990000E-01  1.9930000E-01  1.9780000E-01  1.9640000E-01  1.9650000E-01  1.9680000E-01  1.9560000E-01  1.9430000E-01  1.9440000E-01  1.9400000E-01
  1.9440000E-01  1.9490000E-01  1.9470000E-01  1.9410000E-01  1.9310000E-01  1.9250000E-01  1.9120000E-01  1.8980000E-01  1.8860000E-01  1.8750000E-01
  1.8710000E-01  1.8870000E-01  1.8900000E-01  1.8900000E-01  1.8950000E-01  1.8990000E-01  1.9050000E-01  1.9210000E-01  1.9330000E-01  1.9310000E-01
  1.9240000E-01  1.9260000E-01  1.9290000E-01  1.9300000E-01  1.9310000E-01  1.9280000E-01  1.9260000E-01  1.9240000E-01  1.9190000E-01  1.9040000E-01
  1.8960000E-01  1.8960000E-01  1.8900000E-01  1.8830000E-01  1.8830000E-01  1.8840000E-01  1.8860000E-01  1.8840000E-01  1.8850000E-01  1.8930000E-01
  1.8970000E-01  1.8910000E-01  1.8900000E-01  1.8940000E-01  1.8940000E-01  1.8940000E-01  1.8900000E-01  1.8780000E-01  1.8710000E-01  1.8700000E-01
  1.8680000E-01  1.8600000E-01  1.8540000E-01  1.8490000E-01  1.8470000E-01  1.8460000E-01  1.8480000E-01  1.8510000E-01  1.8510000E-01  1.8510000E-01
  1.8540000E-01  1.8560000E-01  1.8590000E-01  1.8580000E-01  1.8520000E-01  1.8600000E-01  1.8640000E-01  1.8630000E-01  1.8610000E-01  1.8640000E-01
  1.8760000E-01  1.8900000E-01  1.9050000E-01  1.9230000E-01  1.9370000E-01  1.9350000E-01  1.9290000E-01  1.9290000E-01  1.9240000E-01  1.9200000E-01
  1.9150000E-01  1.9110000E-01  1.9020000E-01  1.8690000E-01  1.8580000E-01  1.8520000E-01  1.8550000E-01  1.8670000E-01  1.8790000E-01  1.8850000E-01
  1.8960000E-01  1.9080000E-01  1.9170000E-01  1.9250000E-01  1.9250000E-01  1.9240000E-01  1.9260000E-01  1.9250000E-01  1.9230000E-01  1.9180000E-01
  1.9150000E-01  1.9190000E-01  1.9170000E-01  1.9130000E-01  1.9150000E-01  1.9150000E-01  1.9110000E-01  1.9060000E-01  1.9110000E-01  1.9140000E-01
  1.9140000E-01  1.9160000E-01  1.9170000E-01  1.9190000E-01  1.9210000E-01  1.9320000E-01  1.9480000E-01  1.9640000E-01  1.9750000E-01  2.0400000E-01
  2.0650000E-01  2.0700000E-01  2.0800000E-01  2.0980000E-01  2.1130000E-01  2.1310000E-01  2.1430000E-01  2.1500000E-01  2.1460000E-01  2.1490000E-01
  2.1680000E-01  2.1920000E-01  2.2170000E-01  2.2580000E-01  2.2910000E-01  2.3080000E-01  2.3150000E-01  2.3000000E-01  2.2820000E-01  2.2800000E-01
  2.2700000E-01  2.2720000E-01  2.2650000E-01  2.2510000E-01  2.2360000E-01  2.2300000E-01  2.2350000E-01  2.2390000E-01  2.2350000E-01  2.2280000E-01
  2.2210000E-01  2.2190000E-01  2.2250000E-01  2.2280000E-01  2.2200000E-01  2.2650000E-01  2.3290000E-01  2.4050000E-01  2.4420000E-01  2.4600000E-01
  2.4470000E-01  2.4210000E-01  2.3800000E-01  2.3440000E-01  2.3210000E-01  2.3170000E-01  2.3190000E-01  2.3070000E-01  2.2970000E-01  2.2950000E-01
  2.2970000E-01  2.3050000E-01  2.3180000E-01  2.3820000E-01  2.3990000E-01  2.4130000E-01  2.4230000E-01  2.4380000E-01  2.4580000E-01  2.4620000E-01
  2.4670000E-01  2.4660000E-01  2.4640000E-01  2.4820000E-01  2.4920000E-01  2.4830000E-01  2.4650000E-01  2.4510000E-01  2.4540000E-01  2.4570000E-01
  2.4450000E-01  2.4330000E-01  2.4230000E-01  2.4130000E-01  2.4070000E-01  2.4160000E-01  2.4250000E-01  2.4240000E-01  2.4040000E-01  2.3910000E-01
  2.3820000E-01  2.3710000E-01  2.3730000E-01  2.3700000E-01  2.3690000E-01  2.3720000E-01  2.3700000E-01  2.3670000E-01  2.3610000E-01  2.3990000E-01
  2.4080000E-01  2.4280000E-01  2.4700000E-01  2.4980000E-01  2.5130000E-01  2.5090000E-01  2.5100000E-01  2.4980000E-01  2.4990000E-01  2.4960000E-01
  2.4930000E-01  2.4900000E-01  2.4840000E-01  2.4890000E-01  2.5140000E-01  2.5280000E-01  2.5350000E-01  2.5180000E-01  2.4770000E-01  2.4540000E-01
  2.4350000E-01  2.4210000E-01  2.4010000E-01  2.3860000E-01  2.3740000E-01  2.3670000E-01  2.3390000E-01  2.3280000E-01  2.3260000E-01  2.3200000E-01
  2.3130000E-01  2.3080000E-01  2.3080000E-01  2.3210000E-01  2.3250000E-01  2.3440000E-01  2.3650000E-01  2.4100000E-01  2.4530000E-01  2.5080000E-01
  2.5370000E-01  2.5300000E-01  2.5390000E-01  2.5540000E-01  2.5820000E-01  2.6290000E-01  2.6910000E-01  2.7370000E-01  2.7310000E-01  2.7100000E-01
  2.7010000E-01  2.7010000E-01  2.7180000E-01  2.7290000E-01  2.6860000E-01  2.6410000E-01  2.6060000E-01  2.5910000E-01  2.5760000E-01  2.5560000E-01
  2.5460000E-01  2.5260000E-01  2.5060000E-01  2.5030000E-01  2.5040000E-01  2.4960000E-01  2.4820000E-01  2.4730000E-01  2.4750000E-01  2.4920000E-01
  2.5140000E-01  2.6210000E-01  2.6190000E-01  2.6260000E-01  2.6580000E-01  2.6790000E-01  2.6810000E-01  2.6670000E-01  2.6440000E-01  2.6200000E-01
  2.5860000E-01  2.5790000E-01  2.5760000E-01  2.5710000E-01  2.5750000E-01  2.5820000E-01  2.5900000E-01  2.5840000E-01  2.5820000E-01  2.5960000E-01
  2.5960000E-01  2.6010000E-01  2.5750000E-01  2.5510000E-01  2.5240000E-01  2.4910000E-01  2.4580000E-01  2.4090000E-01  2.3840000E-01  2.3740000E-01
  2.3630000E-01  2.3490000E-01  2.3510000E-01  2.3530000E-01  2.3500000E-01  2.3370000E-01  2.3320000E-01  2.3440000E-01  2.3470000E-01  2.3520000E-01
  2.3500000E-01  2.3420000E-01  2.3340000E-01  2.3260000E-01  2.3260000E-01  2.3240000E-01  2.3260000E-01  2.3310000E-01  2.3270000E-01  2.3170000E-01
  2.3120000E-01  2.3150000E-01  2.3240000E-01  2.3380000E-01  2.3600000E-01  2.4230000E-01  2.4500000E-01  2.4830000E-01  2.5360000E-01  2.5650000E-01
  2.6130000E-01  2.6210000E-01  2.6180000E-01  2.6190000E-01  2.6100000E-01  2.6050000E-01  2.6080000E-01  2.5920000E-01  2.5840000E-01  2.5710000E-01
  2.5730000E-01  2.5640000E-01  2.5620000E-01  2.6410000E-01  2.6590000E-01  2.6800000E-01  2.6710000E-01  2.6820000E-01  2.6670000E-01  2.6490000E-01
  2.6370000E-01  2.6160000E-01  2.6050000E-01  2.5790000E-01  2.5610000E-01  2.5400000E-01  2.5310000E-01  2.5250000E-01  2.5320000E-01  2.5460000E-01
  2.5540000E-01  2.5860000E-01  2.5790000E-01  2.5800000E-01  2.5940000E-01  2.6140000E-01  2.6370000E-01  2.6330000E-01  2.6260000E-01  2.6120000E-01
  2.6020000E-01  2.6200000E-01  2.6410000E-01  2.6510000E-01  2.6800000E-01  2.7320000E-01  2.7420000E-01  2.7450000E-01  2.7420000E-01  2.7690000E-01
  2.7340000E-01  2.7130000E-01  2.6840000E-01  2.7010000E-01  2.7060000E-01  2.7000000E-01  2.6750000E-01  2.6730000E-01  2.6600000E-01  2.6380000E-01
  2.6280000E-01  2.6200000E-01  2.6440000E-01  2.6550000E-01  2.6530000E-01  2.6580000E-01  2.6750000E-01  2.7520000E-01  2.7250000E-01  2.7010000E-01
  2.6770000E-01  2.6820000E-01  2.7140000E-01  2.7150000E-01  2.7010000E-01  2.6850000E-01  2.6820000E-01  2.7060000E-01  2.7110000E-01  2.7080000E-01
  2.6930000E-01  2.6820000E-01  2.7060000E-01  2.7270000E-01  2.7410000E-01  2.7060000E-01  2.7130000E-01  2.7470000E-01  2.7570000E-01  2.7740000E-01
  2.7800000E-01  2.7660000E-01  2.7380000E-01  2.7320000E-01  2.7480000E-01  2.7470000E-01  2.7600000E-01  2.7590000E-01  2.7320000E-01  2.7150000E-01
  2.6720000E-01  2.6490000E-01  2.6590000E-01  2.6550000E-01  2.6370000E-01  2.6360000E-01  2.6200000E-01  2.6130000E-01  2.6010000E-01  2.6130000E-01
  2.6140000E-01  2.6080000E-01  2.6140000E-01  2.6390000E-01  2.6540000E-01  2.6670000E-01  2.6580000E-01  2.6290000E-01  2.5880000E-01  2.5520000E-01
  2.5360000E-01  2.5680000E-01  2.5810000E-01  2.5900000E-01  2.5830000E-01  2.5730000E-01  2.5580000E-01  2.5470000E-01  2.5280000E-01  2.5250000E-01
  2.5280000E-01  2.5230000E-01  2.5210000E-01  2.5310000E-01  2.5340000E-01  2.5530000E-01  2.5370000E-01  2.5200000E-01  2.4940000E-01  2.5150000E-01
  2.5390000E-01  2.5470000E-01  2.5410000E-01  2.5390000E-01  2.5370000E-01  2.5240000E-01  2.5180000E-01  2.5450000E-01  2.5630000E-01  2.6150000E-01
  2.6280000E-01  2.6090000E-01  2.5760000E-01  2.5410000E-01  2.5000000E-01  2.4670000E-01  2.4460000E-01  2.4340000E-01  2.4490000E-01  2.4760000E-01
  2.5010000E-01  2.5200000E-01  2.5350000E-01  2.5440000E-01  2.5360000E-01  2.5140000E-01  2.5010000E-01  2.5070000E-01  2.5050000E-01  2.4920000E-01
  2.4780000E-01  2.4610000E-01  2.4330000E-01  2.4050000E-01  2.4050000E-01  2.4180000E-01  2.4400000E-01  2.4580000E-01  2.4540000E-01  2.4430000E-01
  2.4570000E-01  2.4710000E-01  2.4830000E-01  2.4940000E-01  2.5200000E-01  2.5310000E-01  2.5220000E-01  2.5240000E-01  2.5430000E-01  2.5440000E-01
  2.5400000E-01  2.5550000E-01  2.5990000E-01  2.6860000E-01  2.6870000E-01  2.6730000E-01  2.6520000E-01  2.6400000E-01  2.6300000E-01  2.6060000E-01
  2.5760000E-01  2.5600000E-01  2.5630000E-01  2.5470000E-01  2.5370000E-01  2.5170000E-01  2.5000000E-01  2.5300000E-01  2.5400000E-01  2.5480000E-01
  2.5520000E-01  2.5260000E-01  2.5080000E-01  2.5130000E-01  2.5340000E-01  2.5640000E-01  2.5860000E-01  2.5890000E-01  2.5810000E-01  2.5560000E-01
  2.5260000E-01  2.5200000E-01  2.5270000E-01  2.5370000E-01  2.5570000E-01  2.5710000E-01  2.5810000E-01  2.5550000E-01  2.5460000E-01  2.5180000E-01
  2.5030000E-01  2.4880000E-01  2.4790000E-01  2.4550000E-01  2.4340000E-01  2.4330000E-01  2.4390000E-01  2.4580000E-01  2.4560000E-01  2.4600000E-01
  2.4820000E-01  2.5100000E-01  2.5120000E-01  2.5330000E-01  2.5570000E-01  2.5440000E-01  2.5190000E-01  2.4790000E-01  2.4880000E-01  2.4910000E-01
  2.5020000E-01  2.5410000E-01  2.5500000E-01  2.5400000E-01  2.5270000E-01  2.5250000E-01  2.5310000E-01  2.5350000E-01  2.5430000E-01  2.5650000E-01
  2.5810000E-01  2.5760000E-01  2.5750000E-01  2.5920000E-01  2.5800000E-01  2.5230000E-01  2.5090000E-01  2.5210000E-01  2.5190000E-01  2.5060000E-01
  2.5090000E-01  2.5250000E-01  2.5300000E-01  2.5300000E-01  2.5400000E-01  2.5520000E-01  2.5540000E-01  2.5350000E-01  2.5210000E-01  2.5160000E-01
  2.5160000E-01  2.5160000E-01  2.5100000E-01  2.4520000E-01  2.4310000E-01  2.4170000E-01  2.4030000E-01  2.3770000E-01  2.3590000E-01  2.3480000E-01
  2.3480000E-01  2.3460000E-01  2.3500000E-01  2.3370000E-01  2.3200000E-01  2.3050000E-01  2.2920000E-01  2.2890000E-01  2.2840000E-01  2.3050000E-01
  2.3200000E-01  2.3520000E-01  2.3510000E-01  2.3330000E-01  2.3180000E-01  2.3040000E-01  2.2960000E-01  2.3150000E-01  2.3150000E-01  2.3120000E-01
  2.3190000E-01  2.3350000E-01  2.3530000E-01  2.3640000E-01  2.3730000E-01  2.3740000E-01  2.3670000E-01  2.3620000E-01  2.3590000E-01  2.3060000E-01
  2.3020000E-01  2.2930000E-01  2.2870000E-01  2.2770000E-01  2.2600000E-01  2.2450000E-01  2.2280000E-01  2.2260000E-01  2.2320000E-01  2.2210000E-01
  2.2190000E-01  2.2240000E-01  2.2250000E-01  2.2350000E-01  2.2540000E-01  2.2860000E-01  2.3310000E-01  2.4350000E-01  2.4620000E-01  2.4770000E-01
  2.4850000E-01  2.5080000E-01  2.5500000E-01  2.5690000E-01  2.5800000E-01  2.5840000E-01  2.6070000E-01  2.6720000E-01  2.7050000E-01  2.7020000E-01
  2.6910000E-01  2.6690000E-01  2.6370000E-01  2.6030000E-01  2.5610000E-01  2.4970000E-01  2.4860000E-01  2.4670000E-01  2.4580000E-01  2.4490000E-01
  2.4560000E-01  2.4680000E-01  2.4840000E-01  2.4880000E-01  2.4730000E-01  2.4660000E-01  2.4660000E-01  2.4520000E-01  2.4260000E-01  2.4140000E-01
  2.4110000E-01  2.4290000E-01  2.4550000E-01
 -1.9760000E+04 -1.6200000E+04 -1.4550000E+04 -1.4260000E+04 -1.5210000E+04 -1.8430000E+04 -2.7630000E+04 -7.8230000E+04  6.9210000E+04  2.3010000E+04
  1.3830000E+04  9.9790000E+03  8.1420000E+03  7.1450000E+03  6.3850000E+03  5.7520000E+03  5.2740000E+03  4.8240000E+03  4.4460000E+03  3.4140000E+03
  3.2600000E+03  3.0780000E+03  2.8060000E+03  2.6050000E+03  2.4510000E+03  2.3510000E+03  2.2990000E+03  2.2180000E+03  2.1370000E+03  2.0470000E+03
  1.9200000E+03  1.8110000E+03  1.7770000E+03  1.7450000E+03  1.7190000E+03  1.6660000E+03  1.5850000E+03  1.4060000E+03  1.3220000E+03  1.2340000E+03
  1.1980000E+03  1.1830000E+03  1.1600000E+03  1.1620000E+03  1.1450000E+03  1.1270000E+03  1.1030000E+03  1.0710000E+03  1.0390000E+03  1.0020000E+03
  9.7550000E+02  9.5240000E+02  9.2010000E+02  8.9170000E+02  8.7260000E+02  7.9880000E+02  7.8640000E+02  7.6380000E+02  7.3260000E+02  7.0230000E+02
  6.9640000E+02  6.9600000E+02  6.8590000E+02  6.6800000E+02  6.4850000E+02  6.3410000E+02  6.1180000E+02  5.8680000E+02  5.7870000E+02  5.7320000E+02
  5.6820000E+02  5.5710000E+02  5.5050000E+02  5.1500000E+02  4.9920000E+02  4.8980000E+02  4.8140000E+02  4.7210000E+02  4.6390000E+02  4.6310000E+02
  4.6250000E+02  4.5960000E+02  4.5200000E+02  4.4160000E+02  4.2880000E+02  4.1990000E+02  4.1390000E+02  4.0750000E+02  4.0190000E+02  3.9070000E+02
  3.7590000E+02  3.4950000E+02  3.4740000E+02  3.4700000E+02  3.4940000E+02  3.5140000E+02  3.5600000E+02  3.5830000E+02  3.5640000E+02  3.5160000E+02
  3.4280000E+02  3.3440000E+02  3.2840000E+02  3.2550000E+02  3.2400000E+02  3.1850000E+02  3.0780000E+02  2.9900000E+02  2.9230000E+02  2.7360000E+02
  2.6630000E+02  2.6260000E+02  2.5830000E+02  2.5420000E+02  2.5200000E+02  2.5100000E+02  2.4940000E+02  2.4610000E+02  2.4300000E+02  2.4020000E+02
  2.3730000E+02  2.3340000E+02  2.2840000E+02  2.2420000E+02  2.2160000E+02  2.1970000E+02  2.1570000E+02  2.1030000E+02  2.0670000E+02  2.0260000E+02
  1.9930000E+02  1.9510000E+02  1.9500000E+02  1.9390000E+02  1.9200000E+02  1.9000000E+02  1.8770000E+02  1.8510000E+02  1.8180000E+02  1.8080000E+02
  1.7980000E+02  1.7840000E+02  1.7710000E+02  1.7660000E+02  1.7570000E+02  1.7100000E+02  1.7030000E+02  1.6880000E+02  1.6710000E+02  1.6450000E+02
  1.6220000E+02  1.5970000E+02  1.5780000E+02  1.5510000E+02  1.5310000E+02  1.5150000E+02  1.4950000E+02  1.4850000E+02  1.4810000E+02  1.4800000E+02
  1.4780000E+02  1.4690000E+02  1.4570000E+02  1.4520000E+02  1.4530000E+02  1.4470000E+02  1.4340000E+02  1.4120000E+02  1.4010000E+02  1.3950000E+02
  1.4010000E+02  1.4000000E+02  1.3910000E+02  1.3810000E+02  1.3660000E+02  1.3610000E+02  1.3560000E+02  1.3500000E+02  1.3410000E+02  1.3290000E+02
  1.3100000E+02  1.2950000E+02  1.3000000E+02  1.2860000E+02  1.2660000E+02  1.2440000E+02  1.2130000E+02  1.1930000E+02  1.1860000E+02  1.1770000E+02
  1.1630000E+02  1.1470000E+02  1.1410000E+02  1.1320000E+02  1.1180000E+02  1.1090000E+02  1.0950000E+02  1.0870000E+02  1.0810000E+02  1.0740000E+02
  1.0710000E+02  1.0750000E+02  1.0800000E+02  1.0870000E+02  1.0920000E+02  1.0930000E+02  1.0910000E+02  1.0960000E+02  1.1050000E+02  1.1160000E+02
  1.1330000E+02  1.1450000E+02  1.1410000E+02  1.1360000E+02  1.1290000E+02  1.1330000E+02  1.1280000E+02  1.1170000E+02  1.1090000E+02  1.0980000E+02
  1.0950000E+02  1.0970000E+02  1.0920000E+02  1.0790000E+02  1.0700000E+02  1.0620000E+02  1.0520000E+02  1.0390000E+02  1.0330000E+02  1.0340000E+02
  1.0450000E+02  1.0620000E+02  1.0840000E+02  1.1060000E+02  1.1120000E+02  1.1040000E+02  1.0940000E+02  1.0810000E+02  1.0770000E+02  1.0770000E+02
  1.0730000E+02  1.0600000E+02  1.0590000E+02  1.0580000E+02  1.0580000E+02  1.0550000E+02  1.0530000E+02  1.0560000E+02  1.0640000E+02  1.0740000E+02
  1.0710000E+02  1.0640000E+02  1.0490000E+02  1.0340000E+02  1.0330000E+02  1.0350000E+02  1.0220000E+02  1.0090000E+02  1.0120000E+02  1.0070000E+02
  1.0080000E+02  1.0110000E+02  1.0080000E+02  1.0020000E+02  9.9150000E+01  9.8510000E+01  9.7340000E+01  9.6100000E+01  9.5170000E+01  9.4120000E+01
  9.3710000E+01  9.4420000E+01  9.4540000E+01  9.4320000E+01  9.4530000E+01  9.4720000E+01  9.5280000E+01  9.6610000E+01  9.7330000E+01  9.6990000E+01
  9.6260000E+01  9.6460000E+01  9.6430000E+01  9.6190000E+01  9.6130000E+01  9.5980000E+01  9.5780000E+01  9.5560000E+01  9.4940000E+01  9.3440000E+01
  9.2750000E+01  9.2410000E+01  9.2020000E+01  9.1440000E+01  9.1400000E+01  9.1470000E+01  9.1480000E+01  9.1180000E+01  9.1280000E+01  9.1930000E+01
  9.2260000E+01  9.1860000E+01  9.1830000E+01  9.2270000E+01  9.2390000E+01  9.2420000E+01  9.2160000E+01  9.1300000E+01  9.0710000E+01  9.0500000E+01
  9.0320000E+01  8.9640000E+01  8.9130000E+01  8.8640000E+01  8.8330000E+01  8.7980000E+01  8.8100000E+01  8.8270000E+01  8.8240000E+01  8.8190000E+01
  8.8370000E+01  8.8500000E+01  8.8700000E+01  8.8550000E+01  8.8170000E+01  8.8840000E+01  8.9030000E+01  8.8890000E+01  8.8670000E+01  8.8710000E+01
  8.9320000E+01  9.0030000E+01  9.1010000E+01  9.2270000E+01  9.3190000E+01  9.3140000E+01  9.2980000E+01  9.3180000E+01  9.2880000E+01  9.2500000E+01
  9.2090000E+01  9.1810000E+01  9.1260000E+01  8.8840000E+01  8.8000000E+01  8.7270000E+01  8.7330000E+01  8.8100000E+01  8.8850000E+01  8.9030000E+01
  8.9590000E+01  9.0490000E+01  9.1310000E+01  9.1860000E+01  9.1700000E+01  9.1460000E+01  9.1620000E+01  9.1490000E+01  9.1370000E+01  9.0910000E+01
  9.0540000E+01  9.0480000E+01  9.0290000E+01  9.0080000E+01  9.0270000E+01  9.0270000E+01  8.9890000E+01  8.9180000E+01  8.9430000E+01  8.9520000E+01
  8.9530000E+01  8.9680000E+01  8.9780000E+01  8.9780000E+01  8.9760000E+01  9.0480000E+01  9.1580000E+01  9.2570000E+01  9.3220000E+01  9.7870000E+01
  9.9280000E+01  9.9610000E+01  1.0020000E+02  1.0120000E+02  1.0240000E+02  1.0380000E+02  1.0480000E+02  1.0530000E+02  1.0480000E+02  1.0470000E+02
  1.0570000E+02  1.0690000E+02  1.0890000E+02  1.1180000E+02  1.1410000E+02  1.1580000E+02  1.1630000E+02  1.1490000E+02  1.1350000E+02  1.1320000E+02
  1.1220000E+02  1.1230000E+02  1.1140000E+02  1.1010000E+02  1.0910000E+02  1.0880000E+02  1.0920000E+02  1.0930000E+02  1.0880000E+02  1.0820000E+02
  1.0750000E+02  1.0710000E+02  1.0750000E+02  1.0750000E+02  1.0620000E+02  1.0790000E+02  1.1250000E+02  1.1780000E+02  1.2060000E+02  1.2210000E+02
  1.2080000E+02  1.1880000E+02  1.1580000E+02  1.1340000E+02  1.1170000E+02  1.1130000E+02  1.1110000E+02  1.1000000E+02  1.0920000E+02  1.0830000E+02
  1.0810000E+02  1.0870000E+02  1.0970000E+02  1.1380000E+02  1.1490000E+02  1.1580000E+02  1.1690000E+02  1.1830000E+02  1.1990000E+02  1.2000000E+02
  1.1980000E+02  1.2000000E+02  1.2000000E+02  1.2170000E+02  1.2250000E+02  1.2170000E+02  1.2000000E+02  1.1850000E+02  1.1870000E+02  1.1950000E+02
  1.1840000E+02  1.1760000E+02  1.1680000E+02  1.1600000E+02  1.1550000E+02  1.1600000E+02  1.1610000E+02  1.1550000E+02  1.1400000E+02  1.1280000E+02
  1.1200000E+02  1.1100000E+02  1.1120000E+02  1.1060000E+02  1.1040000E+02  1.1060000E+02  1.1040000E+02  1.1020000E+02  1.0930000E+02  1.1070000E+02
  1.1110000E+02  1.1230000E+02  1.1520000E+02  1.1740000E+02  1.1890000E+02  1.1830000E+02  1.1830000E+02  1.1730000E+02  1.1720000E+02  1.1730000E+02
  1.1700000E+02  1.1710000E+02  1.1600000E+02  1.1580000E+02  1.1800000E+02  1.1940000E+02  1.2040000E+02  1.1860000E+02  1.1580000E+02  1.1470000E+02
  1.1340000E+02  1.1260000E+02  1.1130000E+02  1.1020000E+02  1.0940000E+02  1.0860000E+02  1.0630000E+02  1.0550000E+02  1.0530000E+02  1.0490000E+02
  1.0450000E+02  1.0390000E+02  1.0360000E+02  1.0420000E+02  1.0410000E+02  1.0540000E+02  1.0650000E+02  1.0950000E+02  1.1180000E+02  1.1520000E+02
  1.1750000E+02  1.1700000E+02  1.1750000E+02  1.1810000E+02  1.1990000E+02  1.2340000E+02  1.2840000E+02  1.3220000E+02  1.3130000E+02  1.2940000E+02
  1.2860000E+02  1.2830000E+02  1.2960000E+02  1.2940000E+02  1.2550000E+02  1.2230000E+02  1.1970000E+02  1.1860000E+02  1.1780000E+02  1.1640000E+02
  1.1590000E+02  1.1430000E+02  1.1280000E+02  1.1270000E+02  1.1230000E+02  1.1170000E+02  1.1090000E+02  1.1030000E+02  1.0990000E+02  1.1070000E+02
  1.1180000E+02  1.1820000E+02  1.1810000E+02  1.1850000E+02  1.2100000E+02  1.2300000E+02  1.2360000E+02  1.2280000E+02  1.2130000E+02  1.1920000E+02
  1.1680000E+02  1.1620000E+02  1.1600000E+02  1.1570000E+02  1.1620000E+02  1.1660000E+02  1.1710000E+02  1.1630000E+02  1.1620000E+02  1.1700000E+02
  1.1710000E+02  1.1730000E+02  1.1530000E+02  1.1380000E+02  1.1240000E+02  1.1040000E+02  1.0800000E+02  1.0420000E+02  1.0240000E+02  1.0170000E+02
  1.0090000E+02  9.9960000E+01  9.9890000E+01  9.9830000E+01  9.9530000E+01  9.8930000E+01  9.8560000E+01  1.0000000E+02  1.0020000E+02  1.0030000E+02
  1.0020000E+02  9.9920000E+01  9.9380000E+01  9.8990000E+01  9.8960000E+01  9.8860000E+01  9.8980000E+01  9.9260000E+01  9.9220000E+01  9.8500000E+01
  9.8280000E+01  9.8710000E+01  9.9390000E+01  1.0010000E+02  1.0130000E+02  1.0510000E+02  1.0660000E+02  1.0860000E+02  1.1180000E+02  1.1320000E+02
  1.1650000E+02  1.1690000E+02  1.1680000E+02  1.1690000E+02  1.1600000E+02  1.1530000E+02  1.1550000E+02  1.1430000E+02  1.1360000E+02  1.1300000E+02
  1.1340000E+02  1.1280000E+02  1.1290000E+02  1.1920000E+02  1.2080000E+02  1.2180000E+02  1.2070000E+02  1.2120000E+02  1.1970000E+02  1.1820000E+02
  1.1730000E+02  1.1530000E+02  1.1470000E+02  1.1280000E+02  1.1140000E+02  1.1010000E+02  1.0950000E+02  1.0890000E+02  1.0930000E+02  1.1010000E+02
  1.1060000E+02  1.1200000E+02  1.1140000E+02  1.1150000E+02  1.1290000E+02  1.1440000E+02  1.1570000E+02  1.1480000E+02  1.1420000E+02  1.1330000E+02
  1.1320000E+02  1.1450000E+02  1.1590000E+02  1.1700000E+02  1.1940000E+02  1.2330000E+02  1.2400000E+02  1.2340000E+02  1.2190000E+02  1.2210000E+02
  1.1960000E+02  1.1820000E+02  1.1620000E+02  1.1700000E+02  1.1760000E+02  1.1710000E+02  1.1530000E+02  1.1530000E+02  1.1430000E+02  1.1250000E+02
  1.1190000E+02  1.1140000E+02  1.1300000E+02  1.1370000E+02  1.1340000E+02  1.1380000E+02  1.1500000E+02  1.1990000E+02  1.1790000E+02  1.1650000E+02
  1.1500000E+02  1.1540000E+02  1.1790000E+02  1.1820000E+02  1.1710000E+02  1.1610000E+02  1.1580000E+02  1.1730000E+02  1.1750000E+02  1.1710000E+02
  1.1500000E+02  1.1440000E+02  1.1540000E+02  1.1720000E+02  1.1790000E+02  1.1520000E+02  1.1550000E+02  1.1700000E+02  1.1720000E+02  1.1750000E+02
  1.1790000E+02  1.1750000E+02  1.1570000E+02  1.1520000E+02  1.1610000E+02  1.1600000E+02  1.1690000E+02  1.1690000E+02  1.1550000E+02  1.1480000E+02
  1.1250000E+02  1.1150000E+02  1.1240000E+02  1.1210000E+02  1.1100000E+02  1.1120000E+02  1.0990000E+02  1.0940000E+02  1.0880000E+02  1.0950000E+02
  1.0930000E+02  1.0840000E+02  1.0880000E+02  1.1060000E+02  1.1170000E+02  1.1300000E+02  1.1270000E+02  1.1110000E+02  1.0860000E+02  1.0650000E+02
  1.0560000E+02  1.0710000E+02  1.0770000E+02  1.0810000E+02  1.0790000E+02  1.0730000E+02  1.0620000E+02  1.0520000E+02  1.0390000E+02  1.0380000E+02
  1.0390000E+02  1.0390000E+02  1.0400000E+02  1.0450000E+02  1.0450000E+02  1.0570000E+02  1.0460000E+02  1.0390000E+02  1.0210000E+02  1.0250000E+02
  1.0380000E+02  1.0440000E+02  1.0440000E+02  1.0410000E+02  1.0420000E+02  1.0340000E+02  1.0300000E+02  1.0450000E+02  1.0520000E+02  1.0870000E+02
  1.1000000E+02  1.0890000E+02  1.0670000E+02  1.0440000E+02  1.0150000E+02  9.9550000E+01  9.7970000E+01  9.7140000E+01  9.8280000E+01  9.9780000E+01
  1.0100000E+02  1.0230000E+02  1.0330000E+02  1.0420000E+02  1.0370000E+02  1.0230000E+02  1.0140000E+02  1.0140000E+02  1.0080000E+02  1.0010000E+02
  9.9160000E+01  9.8060000E+01  9.6490000E+01  9.4900000E+01  9.4640000E+01  9.4530000E+01  9.5980000E+01  9.7310000E+01  9.7300000E+01  9.6890000E+01
  9.8160000E+01  9.9170000E+01  9.9800000E+01  1.0030000E+02  1.0170000E+02  1.0240000E+02  1.0170000E+02  1.0150000E+02  1.0230000E+02  1.0200000E+02
  1.0160000E+02  1.0210000E+02  1.0470000E+02  1.1020000E+02  1.1060000E+02  1.1010000E+02  1.0820000E+02  1.0740000E+02  1.0660000E+02  1.0460000E+02
  1.0300000E+02  1.0260000E+02  1.0280000E+02  1.0160000E+02  1.0110000E+02  9.9910000E+01  9.8320000E+01  9.9310000E+01  9.9830000E+01  9.9990000E+01
  1.0030000E+02  9.9280000E+01  9.8130000E+01  9.8330000E+01  9.9230000E+01  1.0080000E+02  1.0190000E+02  1.0210000E+02  1.0190000E+02  1.0070000E+02
  9.9040000E+01  9.9080000E+01  9.9270000E+01  9.9400000E+01  1.0040000E+02  1.0110000E+02  1.0170000E+02  9.9800000E+01  9.9440000E+01  9.8500000E+01
  9.7320000E+01  9.6240000E+01  9.5790000E+01  9.4410000E+01  9.3250000E+01  9.3360000E+01  9.3780000E+01  9.5040000E+01  9.4760000E+01  9.4740000E+01
  9.5900000E+01  9.7320000E+01  9.7050000E+01  9.8330000E+01  1.0010000E+02  9.9450000E+01  9.8050000E+01  9.5450000E+01  9.5950000E+01  9.5950000E+01
  9.6480000E+01  9.8740000E+01  9.9430000E+01  9.8990000E+01  9.8500000E+01  9.8700000E+01  9.9330000E+01  9.9440000E+01  9.9840000E+01  1.0070000E+02
  1.0150000E+02  1.0090000E+02  1.0070000E+02  1.0200000E+02  1.0120000E+02  9.8140000E+01  9.7130000E+01  9.7580000E+01  9.7010000E+01  9.6180000E+01
  9.6700000E+01  9.7860000E+01  9.8310000E+01  9.8550000E+01  9.9440000E+01  1.0030000E+02  1.0030000E+02  9.9030000E+01  9.8280000E+01  9.7860000E+01
  9.7610000E+01  9.7860000E+01  9.7880000E+01  9.4350000E+01  9.2910000E+01  9.2130000E+01  9.1410000E+01  8.9820000E+01  8.8780000E+01  8.8230000E+01
  8.8260000E+01  8.8310000E+01  8.8540000E+01  8.7980000E+01  8.6850000E+01  8.5960000E+01  8.5180000E+01  8.5000000E+01  8.4580000E+01  8.6060000E+01
  8.7060000E+01  8.9160000E+01  8.9110000E+01  8.8160000E+01  8.7260000E+01  8.6490000E+01  8.6090000E+01  8.7280000E+01  8.7220000E+01  8.6940000E+01
  8.7260000E+01  8.8100000E+01  8.9220000E+01  8.9590000E+01  9.0350000E+01  9.0590000E+01  9.0530000E+01  9.0440000E+01  9.0530000E+01  8.7050000E+01
  8.6810000E+01  8.6260000E+01  8.5980000E+01  8.5400000E+01  8.4400000E+01  8.3100000E+01  8.2040000E+01  8.2050000E+01  8.2200000E+01  8.1310000E+01
  8.1280000E+01  8.1470000E+01  8.1620000E+01  8.2230000E+01  8.3230000E+01  8.4870000E+01  8.7140000E+01  9.2640000E+01  9.4230000E+01  9.4990000E+01
  9.5200000E+01  9.6580000E+01  9.9200000E+01  1.0040000E+02  1.0050000E+02  1.0020000E+02  1.0110000E+02  1.0530000E+02  1.0760000E+02  1.0730000E+02
  1.0720000E+02  1.0600000E+02  1.0380000E+02  1.0190000E+02  9.9160000E+01  9.4800000E+01  9.3860000E+01  9.2730000E+01  9.2140000E+01  9.1260000E+01
  9.1610000E+01  9.2090000E+01  9.3190000E+01  9.3380000E+01  9.2070000E+01  9.1150000E+01  9.0980000E+01  9.0180000E+01  8.8720000E+01  8.8110000E+01
  8.7690000E+01  8.8290000E+01  8.9490000E+01
  4.1355000E-01  4.7297000E-01  4.8792000E-01  5.1197000E-01  4.8935000E-01  5.2474000E-01  5.7715000E-01  7.5691000E-01  1.2368000E+00  1.4360000E+00
  1.6674000E+00  1.6106000E+00  1.5577000E+00  1.6399000E+00  1.4778000E+00  1.5514000E+00  1.4351000E+00  1.6132000E+00  1.6275000E+00  1.5672000E+00
  1.5380000E+00  1.8339000E+00  1.5063000E+00  1.5808000E+00  1.6033000E+00  1.4095000E+00  1.8606000E+00  1.6855000E+00  1.4730000E+00  1.5585000E+00
  1.6304000E+00  1.4934000E+00  1.5229000E+00  1.5183000E+00  1.6140000E+00  1.7225000E+00  1.4077000E+00  1.3134000E+00  1.4765000E+00  1.4723000E+00
  1.4580000E+00  1.7106000E+00  1.8175000E+00  1.4951000E+00  2.2448000E+00  1.9184000E+00  1.6886000E+00  1.5998000E+00  1.7336000E+00  1.6849000E+00
  1.5581000E+00  1.4542000E+00  1.2939000E+00  1.2910000E+00  1.2442000E+00  1.6092000E+00  1.3533000E+00  1.3478000E+00  1.3584000E+00  1.4204000E+00
  1.3513000E+00  1.5954000E+00  1.4181000E+00  1.3101000E+00  1.3668000E+00  1.1199000E+00  1.3812000E+00  1.2390000E+00  1.2951000E+00  1.2266000E+00
  1.3085000E+00  1.4497000E+00  1.4058000E+00  1.3267000E+00  1.5490000E+00  1.2847000E+00  1.2941000E+00  1.2504000E+00  1.2643000E+00  1.3427000E+00
  1.3958000E+00  1.1887000E+00  1.2986000E+00  1.1032000E+00  1.2169000E+00  1.0979000E+00  1.4532000E+00  1.2730000E+00  1.1158000E+00  1.2855000E+00
  1.3505000E+00  1.3714000E+00  1.4149000E+00  1.4514000E+00  1.3154000E+00  1.3211000E+00  1.2329000E+00  1.2268000E+00  1.2025000E+00  1.0903000E+00
  1.0788000E+00  1.0896000E+00  1.0476000E+00  1.0033000E+00  1.1148000E+00  1.0799000E+00  1.0161000E+00  9.3863000E-01  9.6866000E-01  1.0457000E+00
  9.2010000E-01  9.3051000E-01  9.4695000E-01  9.2173000E-01  1.1039000E+00  9.4666000E-01  9.0487000E-01  1.0337000E+00  9.5165000E-01  8.7344000E-01
  8.8538000E-01  9.4319000E-01  9.5806000E-01  1.0939000E+00  1.2016000E+00  1.0314000E+00  9.6220000E-01  8.9478000E-01  8.7182000E-01  8.9082000E-01
  9.5913000E-01  8.8023000E-01  1.0663000E+00  8.6365000E-01  9.2931000E-01  8.6398000E-01  9.6459000E-01  9.9380000E-01  8.6354000E-01  1.1020000E+00
  1.0779000E+00  9.4624000E-01  1.0532000E+00  9.5277000E-01  8.9478000E-01  9.5228000E-01  1.0664000E+00  1.0628000E+00  1.0253000E+00  9.8444000E-01
  9.0593000E-01  8.6506000E-01  9.1849000E-01  8.1604000E-01  8.3126000E-01  7.0244000E-01  7.8996000E-01  8.0794000E-01  7.4926000E-01  8.1316000E-01
  8.1354000E-01  7.7600000E-01  9.1495000E-01  6.8093000E-01  6.6902000E-01  7.2607000E-01  8.3477000E-01  8.6695000E-01  8.9045000E-01  7.5067000E-01
  7.9642000E-01  7.2824000E-01  8.1895000E-01  9.1277000E-01  7.4450000E-01  9.1585000E-01  9.7625000E-01  6.9984000E-01  8.3794000E-01  7.7192000E-01
  8.9165000E-01  6.7068000E-01  8.3898000E-01  7.3905000E-01  6.9406000E-01  6.6647000E-01  6.9970000E-01  6.6360000E-01  6.7542000E-01  7.2502000E-01
  6.9969000E-01  8.7586000E-01  7.4850000E-01  7.6533000E-01  7.0038000E-01  6.1636000E-01  5.7209000E-01  5.6210000E-01  5.2320000E-01  5.9903000E-01
  7.1151000E-01  8.1145000E-01  7.8947000E-01  6.5689000E-01  7.3098000E-01  7.9477000E-01  9.0030000E-01  8.4106000E-01  7.1194000E-01  6.9121000E-01
  7.7434000E-01  7.0541000E-01  6.1434000E-01  9.4731000E-01  7.9095000E-01  6.9655000E-01  7.4049000E-01  8.1432000E-01  6.8124000E-01  8.1778000E-01
  7.6029000E-01  7.2371000E-01  6.9011000E-01  7.0488000E-01  9.5851000E-01  9.2771000E-01  9.7787000E-01  9.0465000E-01  7.8831000E-01  6.5419000E-01
  6.3954000E-01  7.2120000E-01  7.6359000E-01  8.1404000E-01  7.3564000E-01  6.8093000E-01  6.7319000E-01  6.3915000E-01  6.9060000E-01  6.7389000E-01
  7.4922000E-01  7.0988000E-01  7.9814000E-01  6.3476000E-01  6.5512000E-01  6.5021000E-01  8.0260000E-01  7.8689000E-01  8.6207000E-01  7.3861000E-01
  9.2537000E-01  1.2191000E+00  1.1110000E+00  1.0163000E+00  8.8533000E-01  8.4054000E-01  9.2700000E-01  8.5877000E-01  9.0189000E-01  7.3991000E-01
  7.3698000E-01  6.5023000E-01  8.8975000E-01  6.7042000E-01  7.2187000E-01  6.0390000E-01  6.6299000E-01  6.5279000E-01  6.6723000E-01  6.8955000E-01
  6.5961000E-01  6.6867000E-01  7.7597000E-01  7.4206000E-01  6.0896000E-01  6.5640000E-01  6.6070000E-01  7.0439000E-01  6.9251000E-01  6.5854000E-01
  6.7840000E-01  7.7422000E-01  5.8283000E-01  6.4280000E-01  7.1213000E-01  6.4670000E-01  5.3924000E-01  5.9339000E-01  6.7644000E-01  6.2508000E-01
  5.1357000E-01  5.5449000E-01  5.4719000E-01  6.2784000E-01  5.5603000E-01  5.6921000E-01  5.1079000E-01  5.8233000E-01  7.2175000E-01  6.4867000E-01
  7.6958000E-01  6.9729000E-01  6.4943000E-01  5.1021000E-01  5.6732000E-01  5.7294000E-01  5.1807000E-01  5.5932000E-01  5.4271000E-01  7.3643000E-01
  6.2862000E-01  5.7255000E-01  5.2645000E-01  4.9887000E-01  4.8488000E-01  5.2517000E-01  6.7335000E-01  6.1808000E-01  6.7031000E-01  8.6846000E-01
  5.7430000E-01  5.5524000E-01  5.9340000E-01  4.6143000E-01  4.2702000E-01  5.7630000E-01  6.3242000E-01  4.4659000E-01  5.1286000E-01  5.2897000E-01
  5.3683000E-01  6.8589000E-01  6.2662000E-01  7.0031000E-01  6.4336000E-01  8.1198000E-01  8.8910000E-01  8.6182000E-01  5.3068000E-01  5.1941000E-01
  5.9966000E-01  5.6868000E-01  5.8843000E-01  5.8710000E-01  6.3703000E-01  6.3833000E-01  4.6647000E-01  5.3055000E-01  7.2913000E-01  5.8171000E-01
  5.3804000E-01  5.3783000E-01  6.5420000E-01  6.9001000E-01  5.2447000E-01  5.7516000E-01  5.5541000E-01  6.4253000E-01  6.2941000E-01  8.6318000E-01
  5.5789000E-01  5.8299000E-01  6.8180000E-01  5.2950000E-01  6.4724000E-01  6.4819000E-01  7.0277000E-01  5.4959000E-01  5.1727000E-01  6.1456000E-01
  5.6139000E-01  6.0146000E-01  6.1422000E-01  5.6531000E-01  6.4274000E-01  6.2731000E-01  6.9852000E-01  8.0555000E-01  5.9471000E-01  6.7673000E-01
  9.9630000E-01  7.7009000E-01  7.2302000E-01  8.7347000E-01  8.7664000E-01  6.4310000E-01  8.5232000E-01  8.7850000E-01  8.1922000E-01  1.1744000E+00
  9.7204000E-01  9.5939000E-01  1.1224000E+00  1.0880000E+00  1.0610000E+00  9.0000000E-01  1.0313000E+00  8.4588000E-01  8.1937000E-01  9.9423000E-01
  7.7682000E-01  8.1121000E-01  7.7099000E-01  9.2829000E-01  8.4002000E-01  8.1505000E-01  7.4737000E-01  1.0347000E+00  7.9930000E-01  7.3077000E-01
  7.9494000E-01  1.1053000E+00  8.3452000E-01  9.0964000E-01  8.5468000E-01  9.4736000E-01  9.5381000E-01  1.2918000E+00  1.3171000E+00  1.1947000E+00
  1.0144000E+00  1.0332000E+00  9.8196000E-01  1.0929000E+00  1.2131000E+00  1.0750000E+00  8.9905000E-01  9.3353000E-01  8.0688000E-01  7.6874000E-01
  1.1187000E+00  8.0932000E-01  8.7441000E-01  1.0557000E+00  9.0978000E-01  8.0948000E-01  9.8591000E-01  7.9482000E-01  1.0169000E+00  8.5608000E-01
  9.8482000E-01  9.2415000E-01  9.4112000E-01  9.1331000E-01  1.0685000E+00  9.8264000E-01  1.1162000E+00  1.3322000E+00  1.2059000E+00  1.0236000E+00
  1.0203000E+00  1.2726000E+00  1.0978000E+00  8.8842000E-01  9.1353000E-01  9.0096000E-01  8.6478000E-01  9.4164000E-01  9.1401000E-01  1.0495000E+00
  9.2248000E-01  8.8183000E-01  8.9335000E-01  9.9631000E-01  9.1331000E-01  9.3079000E-01  8.4245000E-01  9.3340000E-01  1.0662000E+00  1.1647000E+00
  1.1924000E+00  1.3026000E+00  1.2140000E+00  1.2265000E+00  1.2490000E+00  1.1289000E+00  1.2298000E+00  1.0256000E+00  9.6201000E-01  8.5344000E-01
  1.1498000E+00  1.1879000E+00  1.0088000E+00  1.1025000E+00  1.0162000E+00  9.6764000E-01  8.2641000E-01  8.2988000E-01  7.4345000E-01  7.7855000E-01
  8.3037000E-01  8.5155000E-01  9.5714000E-01  9.0169000E-01  8.1462000E-01  1.0222000E+00  8.6498000E-01  9.8332000E-01  7.8397000E-01  7.7864000E-01
  9.8199000E-01  7.3183000E-01  7.7015000E-01  1.0559000E+00  8.0012000E-01  9.7477000E-01  9.4818000E-01  1.2993000E+00  1.2626000E+00  1.1248000E+00
  1.2366000E+00  1.3371000E+00  1.1219000E+00  9.5563000E-01  1.2937000E+00  1.1208000E+00  1.0402000E+00  1.1501000E+00  1.1961000E+00  1.2131000E+00
  1.2073000E+00  1.0846000E+00  1.1675000E+00  1.4092000E+00  1.1325000E+00  1.1091000E+00  1.0723000E+00  1.0782000E+00  9.9176000E-01  9.5383000E-01
  1.0625000E+00  1.0374000E+00  1.0573000E+00  1.0731000E+00  1.1040000E+00  1.0574000E+00  1.0659000E+00  1.1974000E+00  1.0413000E+00  1.1963000E+00
  1.0426000E+00  1.1365000E+00  1.0860000E+00  1.0290000E+00  1.1621000E+00  9.9253000E-01  1.0170000E+00  1.0663000E+00  9.7035000E-01  1.0546000E+00
  1.2006000E+00  1.0564000E+00  9.2631000E-01  1.1620000E+00  1.1207000E+00  9.8823000E-01  8.5971000E-01  1.0236000E+00  1.1301000E+00  1.0124000E+00
  1.0816000E+00  1.0972000E+00  1.2504000E+00  1.0178000E+00  1.0762000E+00  9.7705000E-01  1.0193000E+00  9.2121000E-01  8.0163000E-01  8.3471000E-01
  8.1848000E-01  7.4982000E-01  9.8949000E-01  6.7403000E-01  7.4028000E-01  8.0838000E-01  7.7230000E-01  8.4854000E-01  8.1023000E-01  8.5038000E-01
  1.2293000E+00  9.7290000E-01  7.4459000E-01  8.1081000E-01  8.6088000E-01  8.4322000E-01  8.2249000E-01  7.5427000E-01  1.1317000E+00  9.7601000E-01
  8.4238000E-01  9.2145000E-01  8.5286000E-01  7.8571000E-01  7.5284000E-01  1.1672000E+00  9.9444000E-01  9.9499000E-01  1.3285000E+00  1.3219000E+00
  1.0609000E+00  1.0411000E+00  1.0449000E+00  1.0935000E+00  1.2263000E+00  1.0688000E+00  1.3223000E+00  1.2283000E+00  1.1062000E+00  9.9189000E-01
  1.1125000E+00  9.7989000E-01  8.8214000E-01  1.4602000E+00  1.6623000E+00  1.3786000E+00  1.2400000E+00  1.2142000E+00  1.5700000E+00  1.3249000E+00
  1.0235000E+00  1.1048000E+00  1.1896000E+00  1.2335000E+00  1.2115000E+00  1.3313000E+00  1.0377000E+00  1.0476000E+00  1.1818000E+00  1.2037000E+00
  1.1302000E+00  1.1982000E+00  1.0313000E+00  1.0427000E+00  9.9438000E-01  1.1043000E+00  1.0026000E+00  1.0530000E+00  9.3630000E-01  1.1050000E+00
  9.6418000E-01  1.0881000E+00  1.2510000E+00  1.4983000E+00  1.3435000E+00  1.0863000E+00  9.9284000E-01  1.3929000E+00  1.1938000E+00  1.1964000E+00
  1.1162000E+00  1.0967000E+00  1.0303000E+00  1.0331000E+00  9.7620000E-01  1.2712000E+00  1.6895000E+00  1.7249000E+00  1.0857000E+00  1.2461000E+00
  1.3557000E+00  1.3123000E+00  1.3040000E+00  1.1304000E+00  1.4558000E+00  1.5037000E+00  1.0903000E+00  1.0672000E+00  1.4951000E+00  1.1573000E+00
  1.1033000E+00  1.3175000E+00  1.3720000E+00  1.2998000E+00  1.3164000E+00  1.1935000E+00  1.4340000E+00  1.4309000E+00  1.4690000E+00  1.2780000E+00
  1.0610000E+00  1.1260000E+00  1.0784000E+00  1.5839000E+00  1.3648000E+00  1.3476000E+00  1.2974000E+00  1.1392000E+00  1.1421000E+00  1.5346000E+00
  1.4140000E+00  1.3768000E+00  1.5010000E+00  1.4189000E+00  1.3460000E+00  1.1297000E+00  1.2107000E+00  1.1368000E+00  1.0846000E+00  1.3172000E+00
  1.0707000E+00  1.0961000E+00  1.1001000E+00  1.4424000E+00  9.7685000E-01  1.0633000E+00  9.9332000E-01  1.1183000E+00  1.0133000E+00  9.2121000E-01
  1.0539000E+00  1.2373000E+00  8.8828000E-01  1.3278000E+00  1.1376000E+00  1.0404000E+00  9.6531000E-01  1.0782000E+00  9.0614000E-01  9.8938000E-01
  8.8634000E-01  1.1303000E+00  9.8890000E-01  1.0253000E+00  1.1779000E+00  1.0920000E+00  1.0328000E+00  1.0403000E+00  1.0386000E+00  1.1941000E+00
  9.9521000E-01  1.0197000E+00  9.4943000E-01  1.0127000E+00  1.1723000E+00  1.0472000E+00  1.1266000E+00  1.2408000E+00  1.2248000E+00  1.0041000E+00
  9.4888000E-01  1.0401000E+00  1.0215000E+00  9.1233000E-01  9.3225000E-01  9.6638000E-01  1.1427000E+00  1.1066000E+00  1.2458000E+00  1.0920000E+00
  1.1047000E+00  1.1293000E+00  1.1446000E+00  1.2431000E+00  1.1765000E+00  9.7870000E-01  9.5493000E-01  1.0598000E+00  1.1896000E+00  1.0585000E+00
  1.1679000E+00  1.1188000E+00  1.2452000E+00  1.0374000E+00  1.3105000E+00  1.0248000E+00  1.1718000E+00  1.0521000E+00  9.0349000E-01  1.0537000E+00
  8.5200000E-01  8.4644000E-01  9.5069000E-01  9.1901000E-01  9.8709000E-01  9.0901000E-01  9.1399000E-01  8.5343000E-01  9.1275000E-01  1.0663000E+00
  1.2632000E+00  9.8402000E-01  1.0848000E+00  1.0142000E+00  1.1268000E+00  9.2882000E-01  8.7925000E-01  9.3505000E-01  9.7140000E-01  1.0039000E+00
  1.2532000E+00  1.2049000E+00  1.2608000E+00  1.0776000E+00  1.4634000E+00  1.8425000E+00  1.8224000E+00  1.6841000E+00  1.2526000E+00  9.9512000E-01
  1.1351000E+00  1.1898000E+00  1.1746000E+00  1.0598000E+00  1.1883000E+00  1.1068000E+00  1.0896000E+00  1.3219000E+00  1.3506000E+00  1.2632000E+00
  1.1023000E+00  1.0904000E+00  1.1261000E+00  1.0560000E+00  9.9265000E-01  1.0205000E+00  1.0946000E+00  8.7142000E-01  1.0921000E+00  9.6244000E-01
  9.4364000E-01  9.1797000E-01  1.2237000E+00  1.0455000E+00  9.3917000E-01  1.0901000E+00  1.0153000E+00  1.0201000E+00  1.0878000E+00  1.4282000E+00
  1.2873000E+00  1.0692000E+00  1.0958000E+00  9.4676000E-01  9.8121000E-01  9.6272000E-01  9.2710000E-01  9.2871000E-01  1.2045000E+00  1.1303000E+00
  1.0826000E+00  1.1622000E+00  1.3297000E+00  1.1003000E+00  1.0093000E+00  1.0546000E+00  1.2478000E+00  9.0774000E-01  8.6586000E-01  1.0935000E+00
  9.5754000E-01  1.2649000E+00  1.2008000E+00  1.1693000E+00  1.1824000E+00  9.4770000E-01  8.8083000E-01  1.2591000E+00  1.2361000E+00  1.0757000E+00
  1.1708000E+00  1.1729000E+00  1.1200000E+00  1.2292000E+00  1.0020000E+00  1.0048000E+00  1.2073000E+00  1.2063000E+00  9.4638000E-01  1.0171000E+00
  1.5482000E+00  9.4003000E-01  1.0183000E+00  1.0313000E+00  8.6061000E-01  1.0116000E+00  1.0194000E+00  1.0163000E+00  1.2663000E+00  1.0695000E+00
  1.2655000E+00  9.8055000E-01  1.1079000E+00  1.0971000E+00  9.6830000E-01  9.6197000E-01  1.0336000E+00  9.5599000E-01  9.5661000E-01  8.9367000E-01
  8.4894000E-01  7.7166000E-01  8.6150000E-01  8.4333000E-01  8.2071000E-01  8.2954000E-01  8.3831000E-01  8.1846000E-01  8.8228000E-01  1.0064000E+00
  7.8333000E-01  8.0895000E-01  7.1879000E-01  1.0569000E+00  7.6149000E-01  8.4840000E-01  7.7928000E-01  9.2754000E-01  8.6380000E-01  1.0336000E+00
  8.4881000E-01  8.2627000E-01  1.0440000E+00  1.0218000E+00  9.9703000E-01  8.7227000E-01  8.8211000E-01  8.4264000E-01  8.9741000E-01  9.7714000E-01
  9.9452000E-01  9.1280000E-01  9.2944000E-01  8.6672000E-01  8.8626000E-01  9.0949000E-01  1.0441000E+00  9.2707000E-01  9.8155000E-01  9.4495000E-01
  8.8896000E-01  1.0883000E+00  1.0860000E+00  1.0028000E+00  8.9216000E-01  9.3183000E-01  8.5602000E-01  1.0053000E+00  1.0867000E+00  1.0882000E+00
  1.0569000E+00  1.3031000E+00  1.3405000E+00  1.2243000E+00  1.0152000E+00  1.2037000E+00  1.2960000E+00  1.1992000E+00  1.1118000E+00  1.1876000E+00
  1.2629000E+00  1.0511000E+00  9.6549000E-01  1.0989000E+00  1.1828000E+00  9.2936000E-01  8.9724000E-01  9.9498000E-01  1.0982000E+00  9.9722000E-01
  1.2331000E+00  1.3319000E+00  1.2703000E+00  1.2801000E+00  1.1604000E+00  1.4046000E+00  1.3700000E+00  1.1968000E+00  1.0871000E+00  1.0879000E+00
  1.1378000E+00  1.1292000E+00  1.0235000E+00
