Kosovic & Lundquist, CU LES, run at LLNL 6/2003; n=64^3, non-linear Deardorff subgrid model
          64
  3.1199999E+00   9.3800001E+00   1.5620000E+01   2.1879999E+01   2.8120001E+01   3.4380001E+01   4.0619999E+01   4.6880001E+01   5.3119999E+01   5.9380001E+01
  6.5620003E+01   7.1879997E+01   7.8120003E+01   8.4379997E+01   9.0620003E+01   9.6879997E+01   1.0312000E+02   1.0938000E+02   1.1562000E+02   1.2188000E+02
  1.2812000E+02   1.3438000E+02   1.4062000E+02   1.4688000E+02   1.5312000E+02   1.5938000E+02   1.6562000E+02   1.7188000E+02   1.7812000E+02   1.8438000E+02
  1.9062000E+02   1.9688000E+02   2.0312000E+02   2.0938000E+02   2.1562000E+02   2.2188000E+02   2.2812000E+02   2.3438000E+02   2.4062000E+02   2.4688000E+02
  2.5312000E+02   2.5938000E+02   2.6562000E+02   2.7188000E+02   2.7812000E+02   2.8438000E+02   2.9062000E+02   2.9688000E+02   3.0312000E+02   3.0938000E+02
  3.1562000E+02   3.2188000E+02   3.2812000E+02   3.3438000E+02   3.4062000E+02   3.4688000E+02   3.5312000E+02   3.5938000E+02   3.6562000E+02   3.7188000E+02
  3.7812000E+02   3.8438000E+02   3.9062000E+02   3.9062000E+02
 -4.0624077E-03  -2.6759626E-02  -3.7710093E-02  -3.8607784E-02  -3.8521022E-02  -3.7769716E-02  -3.5999358E-02  -3.4600087E-02  -3.2615833E-02  -3.0700549E-02
 -2.8491570E-02  -2.6135745E-02  -2.3628982E-02  -2.1455927E-02  -1.9297130E-02  -1.7136762E-02  -1.5396481E-02  -1.3481946E-02  -1.1601851E-02  -9.8425914E-03
 -7.9646297E-03  -6.5186112E-03  -5.0015738E-03  -3.6965741E-03  -2.6325926E-03  -1.9046296E-03  -1.3006479E-03  -8.8490755E-04  -4.7888892E-04  -1.9962972E-04
 -1.0555541E-05   1.2861115E-04   1.9231475E-04   2.3564816E-04   3.4629633E-05  -4.8981496E-05   2.5175925E-04  -1.6296292E-05  -1.9601847E-04  -1.8453703E-04
 -1.2703704E-04  -1.3527778E-04  -1.2685187E-04  -1.3194446E-04  -1.3407410E-04  -1.3685186E-04  -1.3287038E-04  -1.3212963E-04  -1.3194446E-04  -1.3287037E-04
 -1.3685186E-04  -1.3629632E-04  -1.3981482E-04  -1.4212963E-04  -1.4601854E-04  -1.4870368E-04  -1.5027777E-04  -1.5148149E-04  -1.4814816E-04  -1.4527778E-04
 -1.4324076E-04  -1.4166668E-04  -1.3944443E-04   0.0000000E+00
 -5.4355651E-02  -3.4366116E-02  -1.9574821E-02  -1.6324541E-02  -1.4298981E-02  -1.2829257E-02  -1.1731206E-02  -1.0862593E-02  -1.0073424E-02  -9.2987046E-03
 -8.5596275E-03  -8.0741681E-03  -7.6683331E-03  -7.2324998E-03  -6.9163884E-03  -6.6205552E-03  -6.1818520E-03  -5.7768500E-03  -5.3060181E-03  -4.8330557E-03
 -4.4175927E-03  -3.8459259E-03  -3.2734259E-03  -2.7858338E-03  -2.2060189E-03  -1.5801855E-03  -1.0111108E-03  -5.1518512E-04  -1.3333338E-04   1.2962965E-04
  2.7564805E-04   3.5444440E-04   3.6148148E-04   2.8500005E-04   1.9472220E-04   1.7268521E-04   1.7370375E-04   8.9814843E-05   1.6666663E-05   1.0185189E-06
 -4.2592583E-06  -1.9444449E-06   7.4074075E-07   1.2962964E-06  -0.0000000E+00  -1.8518519E-07  -3.7037037E-07  -0.0000000E+00  -0.0000000E+00  -0.0000000E+00
 -0.0000000E+00  -0.0000000E+00  -0.0000000E+00  -0.0000000E+00  -0.0000000E+00  -5.5555552E-07  -7.4074075E-07  -1.2037038E-06  -1.0185186E-06  -8.3333333E-07
 -9.2592597E-07  -3.7037037E-07  -0.0000000E+00  -6.2500000E-02
 -2.3887041E-03  -1.4283238E-02  -1.9592874E-02  -1.7632222E-02  -1.5719257E-02  -1.3555647E-02  -1.1605740E-02  -9.6119428E-03  -7.5585190E-03  -5.6596287E-03
 -3.9031480E-03  -2.3089817E-03  -8.5500005E-04   2.9212961E-04   1.0139813E-03   2.0133336E-03   2.5922225E-03   3.2684265E-03   3.7016675E-03   3.8316667E-03
  3.7822220E-03   3.5240739E-03   3.3507401E-03   2.9952778E-03   2.4793511E-03   2.1382405E-03   1.8802775E-03   1.5629629E-03   1.3887039E-03   1.0875928E-03
  9.3305536E-04   7.5842603E-04   5.6231482E-04   4.5009257E-04   1.8388884E-04   1.0101857E-04   1.2111114E-04   2.2314807E-05   3.3333326E-05   3.1574087E-05
  3.3425928E-05   3.2222219E-05   3.1574069E-05   3.2870383E-05   3.0648149E-05   3.1296291E-05   3.3611101E-05   3.1574062E-05   3.2777763E-05   3.1481482E-05
  2.8703702E-05   2.9074074E-05   2.8888886E-05   2.8611101E-05   2.8055565E-05   2.7870361E-05   2.8055556E-05   2.8888884E-05   2.7870365E-05   2.7685190E-05
  2.6296284E-05   2.6944446E-05   2.5370360E-05   0.0000000E+00
 -3.4554914E-02  -1.9968612E-02  -9.9001843E-03  -7.3744436E-03  -5.7500000E-03  -4.5253690E-03  -3.5169444E-03  -2.6928708E-03  -2.1306481E-03  -1.5998146E-03
 -1.0652776E-03  -6.4583332E-04  -2.1861111E-04   2.1259260E-04   6.3787028E-04   9.9324051E-04   1.3575926E-03   1.6862034E-03   1.9287028E-03   2.2035188E-03
  2.4945368E-03   2.6924077E-03   2.7662960E-03   2.8624078E-03   2.9224078E-03   2.8080549E-03   2.5499074E-03   2.1788899E-03   1.8012964E-03   1.4348151E-03
  1.0353700E-03   7.4611121E-04   5.3537043E-04   2.9074078E-04   1.2703710E-04   6.1481478E-05   2.2314807E-05   2.3148168E-06   1.7592597E-06   8.3333333E-07
  1.8518521E-06   3.9814799E-06   3.7962950E-06   1.6666670E-06   2.5925926E-06   2.5000002E-06   1.9444449E-06   2.1296300E-06   1.2037038E-06   1.2037038E-06
  1.0185186E-06   4.6296296E-07   3.7037037E-07  -0.0000000E+00   1.8518519E-07   1.8518519E-07  -0.0000000E+00   5.5555552E-07  -0.0000000E+00  -0.0000000E+00
 -0.0000000E+00   5.5555552E-07  -0.0000000E+00  -0.0000000E+00
 -3.3444440E-04  -2.5500928E-03  -4.9167601E-03  -5.6740739E-03  -6.0724979E-03  -6.1908332E-03  -6.1457395E-03  -6.0577774E-03  -5.9200940E-03  -5.6762034E-03
 -5.3824973E-03  -5.0722212E-03  -4.7669443E-03  -4.4110189E-03  -4.0951851E-03  -3.7624994E-03  -3.4900920E-03  -3.1833332E-03  -2.8693522E-03  -2.5753705E-03
 -2.2485179E-03  -1.9397219E-03  -1.6865741E-03  -1.3680552E-03  -1.0453706E-03  -8.6888892E-04  -7.6222210E-04  -6.1907398E-04  -5.6138891E-04  -4.8240725E-04
 -3.9425932E-04  -3.9018516E-04  -2.6694447E-04  -3.2740741E-04  -2.1500001E-04  -1.4611110E-04  -9.7222226E-05  -1.3435184E-04   1.5555570E-05   5.5555556E-05
 -1.7129631E-05  -3.3333333E-06  -4.7222225E-06  -7.8703733E-06  -6.8518507E-06  -6.2037034E-06  -2.6851874E-06   1.3888887E-06   2.8703696E-06   2.4074068E-06
  1.7592577E-06   2.9629639E-06   2.5925929E-06   7.4074075E-07  -1.8518508E-06  -1.9444435E-06  -3.7962973E-06  -5.9259273E-06  -7.3148130E-06  -6.1111100E-06
 -2.5925915E-06   1.0185181E-06  -8.3333334E-06   0.0000000E+00
 -1.3317781E-02  -1.0850464E-02  -8.2200011E-03  -6.8559260E-03  -6.0704625E-03  -5.4918518E-03  -5.0205551E-03  -4.7108340E-03  -4.4908342E-03  -4.2804633E-03
 -4.0452778E-03  -3.8866671E-03  -3.8137038E-03  -3.7050003E-03  -3.6537037E-03  -3.6186101E-03  -3.5861114E-03  -3.4874079E-03  -3.3401859E-03  -3.2519433E-03
 -3.1483348E-03  -3.0064818E-03  -2.9623152E-03  -2.9013897E-03  -2.6961116E-03  -2.5275005E-03  -2.3224067E-03  -1.9961107E-03  -1.7314813E-03  -1.5193520E-03
 -1.2381484E-03  -1.0238887E-03  -7.7074073E-04  -4.8537049E-04  -3.4490737E-04  -2.5666665E-04  -2.2305548E-04  -1.4916666E-04  -6.1111103E-05  -4.9629616E-05
 -3.6666665E-05  -1.3425930E-05  -4.6296296E-07  -0.0000000E+00  -0.0000000E+00  -0.0000000E+00  -0.0000000E+00  -0.0000000E+00  -0.0000000E+00  -0.0000000E+00
 -0.0000000E+00  -0.0000000E+00  -0.0000000E+00  -0.0000000E+00  -0.0000000E+00  -0.0000000E+00  -0.0000000E+00  -0.0000000E+00  -0.0000000E+00  -0.0000000E+00
 -0.0000000E+00  -1.2962964E-06  -7.4074075E-07  -7.4074075E-07
 -9.9999990E+06  -9.9999990E+06  -9.9999990E+06  -9.9999990E+06  -9.9999990E+06  -9.9999990E+06  -9.9999990E+06  -9.9999990E+06  -9.9999990E+06  -9.9999990E+06
 -9.9999990E+06  -9.9999990E+06  -9.9999990E+06  -9.9999990E+06  -9.9999990E+06  -9.9999990E+06  -9.9999990E+06  -9.9999990E+06  -9.9999990E+06  -9.9999990E+06
 -9.9999990E+06  -9.9999990E+06  -9.9999990E+06  -9.9999990E+06  -9.9999990E+06  -9.9999990E+06  -9.9999990E+06  -9.9999990E+06  -9.9999990E+06  -9.9999990E+06
 -9.9999990E+06  -9.9999990E+06  -9.9999990E+06  -9.9999990E+06  -9.9999990E+06  -9.9999990E+06  -9.9999990E+06  -9.9999990E+06  -9.9999990E+06  -9.9999990E+06
 -9.9999990E+06  -9.9999990E+06  -9.9999990E+06  -9.9999990E+06  -9.9999990E+06  -9.9999990E+06  -9.9999990E+06  -9.9999990E+06  -9.9999990E+06  -9.9999990E+06
 -9.9999990E+06  -9.9999990E+06  -9.9999990E+06  -9.9999990E+06  -9.9999990E+06  -9.9999990E+06  -9.9999990E+06  -9.9999990E+06  -9.9999990E+06  -9.9999990E+06
 -9.9999990E+06  -9.9999990E+06  -9.9999990E+06  -9.9999990E+06
 -9.9999990E+06  -9.9999990E+06  -9.9999990E+06  -9.9999990E+06  -9.9999990E+06  -9.9999990E+06  -9.9999990E+06  -9.9999990E+06  -9.9999990E+06  -9.9999990E+06
 -9.9999990E+06  -9.9999990E+06  -9.9999990E+06  -9.9999990E+06  -9.9999990E+06  -9.9999990E+06  -9.9999990E+06  -9.9999990E+06  -9.9999990E+06  -9.9999990E+06
 -9.9999990E+06  -9.9999990E+06  -9.9999990E+06  -9.9999990E+06  -9.9999990E+06  -9.9999990E+06  -9.9999990E+06  -9.9999990E+06  -9.9999990E+06  -9.9999990E+06
 -9.9999990E+06  -9.9999990E+06  -9.9999990E+06  -9.9999990E+06  -9.9999990E+06  -9.9999990E+06  -9.9999990E+06  -9.9999990E+06  -9.9999990E+06  -9.9999990E+06
 -9.9999990E+06  -9.9999990E+06  -9.9999990E+06  -9.9999990E+06  -9.9999990E+06  -9.9999990E+06  -9.9999990E+06  -9.9999990E+06  -9.9999990E+06  -9.9999990E+06
 -9.9999990E+06  -9.9999990E+06  -9.9999990E+06  -9.9999990E+06  -9.9999990E+06  -9.9999990E+06  -9.9999990E+06  -9.9999990E+06  -9.9999990E+06  -9.9999990E+06
 -9.9999990E+06  -9.9999990E+06  -9.9999990E+06  -9.9999990E+06
 -9.9999990E+06  -9.9999990E+06  -9.9999990E+06  -9.9999990E+06  -9.9999990E+06  -9.9999990E+06  -9.9999990E+06  -9.9999990E+06  -9.9999990E+06  -9.9999990E+06
 -9.9999990E+06  -9.9999990E+06  -9.9999990E+06  -9.9999990E+06  -9.9999990E+06  -9.9999990E+06  -9.9999990E+06  -9.9999990E+06  -9.9999990E+06  -9.9999990E+06
 -9.9999990E+06  -9.9999990E+06  -9.9999990E+06  -9.9999990E+06  -9.9999990E+06  -9.9999990E+06  -9.9999990E+06  -9.9999990E+06  -9.9999990E+06  -9.9999990E+06
 -9.9999990E+06  -9.9999990E+06  -9.9999990E+06  -9.9999990E+06  -9.9999990E+06  -9.9999990E+06  -9.9999990E+06  -9.9999990E+06  -9.9999990E+06  -9.9999990E+06
 -9.9999990E+06  -9.9999990E+06  -9.9999990E+06  -9.9999990E+06  -9.9999990E+06  -9.9999990E+06  -9.9999990E+06  -9.9999990E+06  -9.9999990E+06  -9.9999990E+06
 -9.9999990E+06  -9.9999990E+06  -9.9999990E+06  -9.9999990E+06  -9.9999990E+06  -9.9999990E+06  -9.9999990E+06  -9.9999990E+06  -9.9999990E+06  -9.9999990E+06
 -9.9999990E+06  -9.9999990E+06  -9.9999990E+06  -9.9999990E+06
 -9.9999990E+06  -9.9999990E+06  -9.9999990E+06  -9.9999990E+06  -9.9999990E+06  -9.9999990E+06  -9.9999990E+06  -9.9999990E+06  -9.9999990E+06  -9.9999990E+06
 -9.9999990E+06  -9.9999990E+06  -9.9999990E+06  -9.9999990E+06  -9.9999990E+06  -9.9999990E+06  -9.9999990E+06  -9.9999990E+06  -9.9999990E+06  -9.9999990E+06
 -9.9999990E+06  -9.9999990E+06  -9.9999990E+06  -9.9999990E+06  -9.9999990E+06  -9.9999990E+06  -9.9999990E+06  -9.9999990E+06  -9.9999990E+06  -9.9999990E+06
 -9.9999990E+06  -9.9999990E+06  -9.9999990E+06  -9.9999990E+06  -9.9999990E+06  -9.9999990E+06  -9.9999990E+06  -9.9999990E+06  -9.9999990E+06  -9.9999990E+06
 -9.9999990E+06  -9.9999990E+06  -9.9999990E+06  -9.9999990E+06  -9.9999990E+06  -9.9999990E+06  -9.9999990E+06  -9.9999990E+06  -9.9999990E+06  -9.9999990E+06
 -9.9999990E+06  -9.9999990E+06  -9.9999990E+06  -9.9999990E+06  -9.9999990E+06  -9.9999990E+06  -9.9999990E+06  -9.9999990E+06  -9.9999990E+06  -9.9999990E+06
 -9.9999990E+06  -9.9999990E+06  -9.9999990E+06  -9.9999990E+06
