Kosovic & Lundquist, CU LES, run at LLNL 6/2003; n=64^3, non-linear Deardorff subgrid model
         927
  5.9994499E+01   1.9993500E+01   7.9992599E+01   8.3999103E+02   8.9998999E+02   9.5998901E+02   1.0199800E+03   1.0799900E+03   1.1399900E+03   1.1999900E+03
  1.2600000E+03   1.3200000E+03   1.3800100E+03   1.4400100E+03   1.5000100E+03   1.5600200E+03   1.6200200E+03   1.6800200E+03   1.7400300E+03   1.8000300E+03
  1.8600300E+03   1.9200400E+03   1.9800400E+03   2.0400500E+03   2.1000500E+03   2.1600500E+03   2.2200601E+03   2.2800601E+03   2.3400601E+03   2.4000701E+03
  2.4600701E+03   2.5192800E+03   2.5200801E+03   2.5792800E+03   2.5800801E+03   2.6392800E+03   2.6400801E+03   2.6992900E+03   2.7000901E+03   2.7592900E+03
  2.7600901E+03   2.8192900E+03   2.8200901E+03   2.8793000E+03   2.8801001E+03   2.9393000E+03   2.9401001E+03   2.9993000E+03   3.0001001E+03   3.0593101E+03
  3.0601101E+03   3.1193101E+03   3.1201101E+03   3.1793201E+03   3.1801201E+03   3.2393201E+03   3.2401201E+03   3.2993201E+03   3.3001201E+03   3.3593301E+03
  3.3601299E+03   3.4193301E+03   3.4201299E+03   3.4793301E+03   3.4801299E+03   3.5393401E+03   3.5401399E+03   3.5993401E+03   3.6001399E+03   3.6593401E+03
  3.6601399E+03   3.7193501E+03   3.7201499E+03   3.7793501E+03   3.7801499E+03   3.8393601E+03   3.8401599E+03   3.8993601E+03   3.9001599E+03   3.9593601E+03
  3.9601599E+03   4.0193701E+03   4.0201699E+03   4.0793701E+03   4.0801699E+03   4.1393599E+03   4.1401602E+03   4.1993501E+03   4.2001499E+03   4.2593301E+03
  4.2601299E+03   4.3193198E+03   4.3201201E+03   4.3792998E+03   4.3801001E+03   4.4392900E+03   4.4400898E+03   4.5000698E+03   4.5600601E+03   4.6200400E+03
  4.6800298E+03   4.7400098E+03   4.8000000E+03   4.8599800E+03   4.9199702E+03   4.9799600E+03   5.0399399E+03   5.0999302E+03   5.1599102E+03   5.1607100E+03
  5.2198999E+03   5.2207002E+03   5.2798799E+03   5.2806802E+03   5.3398701E+03   5.3406699E+03   5.3998501E+03   5.4006499E+03   5.4598398E+03   5.4606401E+03
  5.5198198E+03   5.5206201E+03   5.5798101E+03   5.5806099E+03   5.6397900E+03   5.6405898E+03   5.6997798E+03   5.7005801E+03   5.7597700E+03   5.7605601E+03
  5.8197500E+03   5.8205498E+03   5.8797402E+03   5.8805400E+03   5.9397202E+03   5.9405200E+03   5.9997100E+03   6.0005098E+03   6.0596899E+03   6.0604902E+03
  6.1196802E+03   6.1204800E+03   6.1796602E+03   6.1804600E+03   6.2396499E+03   6.2404502E+03   6.2996299E+03   6.3004302E+03   6.3596201E+03   6.3604199E+03
  6.4196001E+03   6.4203999E+03   6.4795898E+03   6.4803901E+03   6.5395698E+03   6.5403701E+03   6.5995601E+03   6.6003599E+03   6.6595498E+03   6.6603501E+03
  6.7195298E+03   6.7203301E+03   6.7795200E+03   6.7803198E+03   6.8395000E+03   6.8402998E+03   6.8994902E+03   6.9002900E+03   6.9594702E+03   6.9602700E+03
  7.0194600E+03   7.0202598E+03   7.0794399E+03   7.0802402E+03   7.1394302E+03   7.1402300E+03   7.1994102E+03   7.2002100E+03   7.2593999E+03   7.2602002E+03
  7.3193799E+03   7.3201802E+03   7.3793701E+03   7.3801699E+03   7.4393501E+03   7.4401499E+03   7.4993398E+03   7.5001401E+03   7.5593301E+03   7.5601299E+03
  7.6193101E+03   7.6201099E+03   7.6792998E+03   7.6801001E+03   7.7392798E+03   7.7400801E+03   7.8000698E+03   7.8600498E+03   7.9200400E+03   7.9800200E+03
  8.0400000E+03   8.0998999E+03   8.1598999E+03   8.2199004E+03   8.2799004E+03   8.3399004E+03   8.3999004E+03   8.4599004E+03   8.4607002E+03   8.5197998E+03
  8.5205996E+03   8.5797998E+03   8.5805996E+03   8.6397998E+03   8.6405996E+03   8.6997998E+03   8.7005996E+03   8.7597998E+03   8.7605996E+03   8.8197998E+03
  8.8205996E+03   8.8797998E+03   8.8805996E+03   8.9397002E+03   8.9405000E+03   8.9997002E+03   9.0005000E+03   9.0597002E+03   9.0605000E+03   9.1197002E+03
  9.1205000E+03   9.1797002E+03   9.1805000E+03   9.2397002E+03   9.2405000E+03   9.2997002E+03   9.3005000E+03   9.3595996E+03   9.3604004E+03   9.4195996E+03
  9.4204004E+03   9.4795996E+03   9.4804004E+03   9.5395996E+03   9.5404004E+03   9.5995996E+03   9.6004004E+03   9.6595996E+03   9.6604004E+03   9.7195996E+03
  9.7204004E+03   9.7795000E+03   9.7802998E+03   9.8395000E+03   9.8402998E+03   9.8995000E+03   9.9002998E+03   9.9595000E+03   9.9602998E+03   1.0019000E+04
  1.0020000E+04   1.0079000E+04   1.0080000E+04   1.0139000E+04   1.0140000E+04   1.0199000E+04   1.0200000E+04   1.0259000E+04   1.0260000E+04   1.0319000E+04
  1.0320000E+04   1.0379000E+04   1.0380000E+04   1.0439000E+04   1.0440000E+04   1.0499000E+04   1.0500000E+04   1.0559000E+04   1.0560000E+04   1.0619000E+04
  1.0620000E+04   1.0679000E+04   1.0680000E+04   1.0739000E+04   1.0740000E+04   1.0799000E+04   1.0800000E+04   1.0859000E+04   1.0860000E+04   1.0919000E+04
  1.0920000E+04   1.0979000E+04   1.0980000E+04   1.1039000E+04   1.1040000E+04   1.1100000E+04   1.1160000E+04   1.1220000E+04   1.1280000E+04   1.1340000E+04
  1.1399000E+04   1.1459000E+04   1.1519000E+04   1.1579000E+04   1.1639000E+04   1.1699000E+04   1.1700000E+04   1.1759000E+04   1.1760000E+04   1.1819000E+04
  1.1820000E+04   1.1879000E+04   1.1880000E+04   1.1939000E+04   1.1940000E+04   1.1999000E+04   1.2000000E+04   1.2059000E+04   1.2060000E+04   1.2119000E+04
  1.2120000E+04   1.2179000E+04   1.2180000E+04   1.2239000E+04   1.2240000E+04   1.2299000E+04   1.2300000E+04   1.2359000E+04   1.2360000E+04   1.2419000E+04
  1.2420000E+04   1.2479000E+04   1.2480000E+04   1.2539000E+04   1.2540000E+04   1.2599000E+04   1.2600000E+04   1.2659000E+04   1.2660000E+04   1.2719000E+04
  1.2720000E+04   1.2779000E+04   1.2780000E+04   1.2839000E+04   1.2840000E+04   1.2899000E+04   1.2900000E+04   1.2959000E+04   1.2960000E+04   1.3019000E+04
  1.3020000E+04   1.3079000E+04   1.3080000E+04   1.3139000E+04   1.3140000E+04   1.3199000E+04   1.3200000E+04   1.3259000E+04   1.3260000E+04   1.3319000E+04
  1.3320000E+04   1.3379000E+04   1.3380000E+04   1.3439000E+04   1.3440000E+04   1.3499000E+04   1.3500000E+04   1.3559000E+04   1.3560000E+04   1.3619000E+04
  1.3620000E+04   1.3679000E+04   1.3680000E+04   1.3739000E+04   1.3740000E+04   1.3799000E+04   1.3800000E+04   1.3859000E+04   1.3860000E+04   1.3919000E+04
  1.3920000E+04   1.3979000E+04   1.3980000E+04   1.4039000E+04   1.4040000E+04   1.4099000E+04   1.4100000E+04   1.4159000E+04   1.4160000E+04   1.4219000E+04
  1.4220000E+04   1.4279000E+04   1.4280000E+04   1.4340000E+04   1.4400000E+04   1.4460000E+04   1.4520000E+04   1.4580000E+04   1.4640000E+04   1.4699000E+04
  1.4759000E+04   1.4819000E+04   1.4879000E+04   1.4939000E+04   1.4999000E+04   1.5000000E+04   1.5059000E+04   1.5060000E+04   1.5119000E+04   1.5120000E+04
  1.5179000E+04   1.5180000E+04   1.5239000E+04   1.5240000E+04   1.5299000E+04   1.5300000E+04   1.5359000E+04   1.5360000E+04   1.5419000E+04   1.5420000E+04
  1.5479000E+04   1.5480000E+04   1.5539000E+04   1.5540000E+04   1.5599000E+04   1.5600000E+04   1.5659000E+04   1.5660000E+04   1.5719000E+04   1.5720000E+04
  1.5779000E+04   1.5780000E+04   1.5839000E+04   1.5840000E+04   1.5899000E+04   1.5900000E+04   1.5959000E+04   1.5960000E+04   1.6019000E+04   1.6020000E+04
  1.6079000E+04   1.6080000E+04   1.6139000E+04   1.6140000E+04   1.6199000E+04   1.6200000E+04   1.6259000E+04   1.6260000E+04   1.6319000E+04   1.6320000E+04
  1.6379000E+04   1.6380000E+04   1.6439000E+04   1.6440000E+04   1.6499000E+04   1.6500000E+04   1.6559000E+04   1.6560000E+04   1.6619000E+04   1.6620000E+04
  1.6679000E+04   1.6680000E+04   1.6739000E+04   1.6799000E+04   1.6860000E+04   1.6919000E+04   1.6920000E+04   1.6979000E+04   1.6980000E+04   1.7039000E+04
  1.7040000E+04   1.7099000E+04   1.7100000E+04   1.7159000E+04   1.7160000E+04   1.7219000E+04   1.7220000E+04   1.7279000E+04   1.7280000E+04   1.7339000E+04
  1.7340000E+04   1.7399000E+04   1.7400000E+04   1.7459000E+04   1.7460000E+04   1.7519000E+04   1.7520000E+04   1.7579000E+04   1.7640000E+04   1.7700000E+04
  1.7759000E+04   1.7760000E+04   1.7819000E+04   1.7820000E+04   1.7879000E+04   1.7880000E+04   1.7939000E+04   1.7940000E+04   1.7999000E+04   1.8000000E+04
  1.8059000E+04   1.8060000E+04   1.8119000E+04   1.8120000E+04   1.8179000E+04   1.8180000E+04   1.8239000E+04   1.8240000E+04   1.8299000E+04   1.8300000E+04
  1.8359000E+04   1.8360000E+04   1.8419000E+04   1.8480000E+04   1.8540000E+04   1.8599000E+04   1.8600000E+04   1.8659000E+04   1.8660000E+04   1.8719000E+04
  1.8720000E+04   1.8779000E+04   1.8780000E+04   1.8839000E+04   1.8840000E+04   1.8899000E+04   1.8900000E+04   1.8959000E+04   1.8960000E+04   1.9019000E+04
  1.9020000E+04   1.9079000E+04   1.9080000E+04   1.9139000E+04   1.9140000E+04   1.9199000E+04   1.9259000E+04   1.9320000E+04   1.9379000E+04   1.9380000E+04
  1.9439000E+04   1.9440000E+04   1.9499000E+04   1.9500000E+04   1.9559000E+04   1.9560000E+04   1.9619000E+04   1.9620000E+04   1.9679000E+04   1.9680000E+04
  1.9739000E+04   1.9740000E+04   1.9799000E+04   1.9800000E+04   1.9859000E+04   1.9860000E+04   1.9919000E+04   1.9920000E+04   1.9979000E+04   1.9980000E+04
  2.0039000E+04   2.0100000E+04   2.0160000E+04   2.0219000E+04   2.0220000E+04   2.0279000E+04   2.0280000E+04   2.0339000E+04   2.0340000E+04   2.0399000E+04
  2.0400000E+04   2.0459000E+04   2.0460000E+04   2.0519000E+04   2.0520000E+04   2.0579000E+04   2.0580000E+04   2.0639000E+04   2.0640000E+04   2.0699000E+04
  2.0700000E+04   2.0759000E+04   2.0760000E+04   2.0819000E+04   2.0820000E+04   2.0879000E+04   2.0940000E+04   2.1000000E+04   2.1059000E+04   2.1060000E+04
  2.1119000E+04   2.1120000E+04   2.1179000E+04   2.1180000E+04   2.1239000E+04   2.1240000E+04   2.1299000E+04   2.1300000E+04   2.1359000E+04   2.1360000E+04
  2.1419000E+04   2.1420000E+04   2.1479000E+04   2.1480000E+04   2.1539000E+04   2.1540000E+04   2.1599000E+04   2.1600000E+04   2.1659000E+04   2.1719000E+04
  2.1780000E+04   2.1839000E+04   2.1840000E+04   2.1899000E+04   2.1900000E+04   2.1959000E+04   2.1960000E+04   2.2019000E+04   2.2020000E+04   2.2079000E+04
  2.2080000E+04   2.2139000E+04   2.2140000E+04   2.2199000E+04   2.2200000E+04   2.2259000E+04   2.2260000E+04   2.2319000E+04   2.2320000E+04   2.2379000E+04
  2.2380000E+04   2.2439000E+04   2.2440000E+04   2.2499000E+04   2.2560000E+04   2.2620000E+04   2.2679000E+04   2.2680000E+04   2.2739000E+04   2.2740000E+04
  2.2799000E+04   2.2800000E+04   2.2859000E+04   2.2860000E+04   2.2919000E+04   2.2920000E+04   2.2979000E+04   2.2980000E+04   2.3039000E+04   2.3040000E+04
  2.3099000E+04   2.3100000E+04   2.3159000E+04   2.3160000E+04   2.3219000E+04   2.3220000E+04   2.3279000E+04   2.3280000E+04   2.3339000E+04   2.3400000E+04
  2.3460000E+04   2.3519000E+04   2.3520000E+04   2.3579000E+04   2.3580000E+04   2.3639000E+04   2.3640000E+04   2.3699000E+04   2.3700000E+04   2.3759000E+04
  2.3760000E+04   2.3819000E+04   2.3820000E+04   2.3879000E+04   2.3880000E+04   2.3939000E+04   2.3940000E+04   2.3999000E+04   2.4000000E+04   2.4059000E+04
  2.4060000E+04   2.4119000E+04   2.4179000E+04   2.4240000E+04   2.4299000E+04   2.4300000E+04   2.4359000E+04   2.4360000E+04   2.4419000E+04   2.4420000E+04
  2.4479000E+04   2.4480000E+04   2.4539000E+04   2.4540000E+04   2.4599000E+04   2.4600000E+04   2.4659000E+04   2.4660000E+04   2.4719000E+04   2.4720000E+04
  2.4779000E+04   2.4780000E+04   2.4839000E+04   2.4840000E+04   2.4899000E+04   2.4900000E+04   2.4959000E+04   2.5020000E+04   2.5080000E+04   2.5139000E+04
  2.5140000E+04   2.5199000E+04   2.5200000E+04   2.5259000E+04   2.5260000E+04   2.5319000E+04   2.5320000E+04   2.5379000E+04   2.5380000E+04   2.5439000E+04
  2.5440000E+04   2.5499000E+04   2.5500000E+04   2.5559000E+04   2.5560000E+04   2.5619000E+04   2.5620000E+04   2.5679000E+04   2.5680000E+04   2.5739000E+04
  2.5740000E+04   2.5799000E+04   2.5860000E+04   2.5920000E+04   2.5979000E+04   2.5980000E+04   2.6039000E+04   2.6040000E+04   2.6099000E+04   2.6100000E+04
  2.6159000E+04   2.6160000E+04   2.6219000E+04   2.6220000E+04   2.6279000E+04   2.6280000E+04   2.6339000E+04   2.6340000E+04   2.6399000E+04   2.6400000E+04
  2.6459000E+04   2.6460000E+04   2.6519000E+04   2.6520000E+04   2.6579000E+04   2.6639000E+04   2.6700000E+04   2.6759000E+04   2.6760000E+04   2.6819000E+04
  2.6820000E+04   2.6879000E+04   2.6880000E+04   2.6939000E+04   2.6940000E+04   2.6999000E+04   2.7000000E+04   2.7059000E+04   2.7060000E+04   2.7119000E+04
  2.7120000E+04   2.7179000E+04   2.7180000E+04   2.7239000E+04   2.7240000E+04   2.7299000E+04   2.7300000E+04   2.7359000E+04   2.7360000E+04   2.7419000E+04
  2.7480000E+04   2.7540000E+04   2.7599000E+04   2.7600000E+04   2.7659000E+04   2.7660000E+04   2.7719000E+04   2.7720000E+04   2.7779000E+04   2.7780000E+04
  2.7839000E+04   2.7840000E+04   2.7899000E+04   2.7900000E+04   2.7959000E+04   2.7960000E+04   2.8019000E+04   2.8020000E+04   2.8079000E+04   2.8080000E+04
  2.8139000E+04   2.8140000E+04   2.8199000E+04   2.8200000E+04   2.8259000E+04   2.8320000E+04   2.8380000E+04   2.8439000E+04   2.8440000E+04   2.8499000E+04
  2.8500000E+04   2.8559000E+04   2.8560000E+04   2.8619000E+04   2.8620000E+04   2.8679000E+04   2.8680000E+04   2.8739000E+04   2.8740000E+04   2.8799000E+04
  2.8800000E+04   2.8859000E+04   2.8860000E+04   2.8919000E+04   2.8920000E+04   2.8979000E+04   2.8980000E+04   2.9039000E+04   2.9099000E+04   2.9160000E+04
  2.9219000E+04   2.9220000E+04   2.9279000E+04   2.9280000E+04   2.9339000E+04   2.9340000E+04   2.9399000E+04   2.9400000E+04   2.9459000E+04   2.9460000E+04
  2.9519000E+04   2.9520000E+04   2.9579000E+04   2.9580000E+04   2.9639000E+04   2.9640000E+04   2.9699000E+04   2.9700000E+04   2.9759000E+04   2.9760000E+04
  2.9819000E+04   2.9820000E+04   2.9879000E+04   2.9940000E+04   3.0000000E+04   3.0059000E+04   3.0060000E+04   3.0119000E+04   3.0120000E+04   3.0179000E+04
  3.0180000E+04   3.0239000E+04   3.0240000E+04   3.0299000E+04   3.0300000E+04   3.0359000E+04   3.0360000E+04   3.0419000E+04   3.0420000E+04   3.0479000E+04
  3.0480000E+04   3.0539000E+04   3.0540000E+04   3.0599000E+04   3.0600000E+04   3.0659000E+04   3.0660000E+04   3.0719000E+04   3.0780000E+04   3.0840000E+04
  3.0899000E+04   3.0900000E+04   3.0959000E+04   3.0960000E+04   3.1019000E+04   3.1020000E+04   3.1079000E+04   3.1080000E+04   3.1139000E+04   3.1140000E+04
  3.1199000E+04   3.1200000E+04   3.1259000E+04   3.1260000E+04   3.1319000E+04   3.1320000E+04   3.1379000E+04   3.1380000E+04   3.1439000E+04   3.1440000E+04
  3.1499000E+04   3.1559000E+04   3.1620000E+04   3.1679000E+04   3.1680000E+04   3.1739000E+04   3.1740000E+04   3.1799000E+04   3.1800000E+04   3.1859000E+04
  3.1860000E+04   3.1919000E+04   3.1920000E+04   3.1979000E+04   3.1980000E+04   3.2039000E+04   3.2040000E+04   3.2099000E+04   3.2100000E+04   3.2159000E+04
  3.2160000E+04   3.2219000E+04   3.2220000E+04   3.2279000E+04   3.2280000E+04   3.2339000E+04   3.2400000E+04
  8.7009834E+01   9.3377075E+01   9.5133110E+01   1.0481178E+02   1.1205081E+02   1.1976309E+02   1.3293236E+02   1.4076338E+02   1.3397298E+02   1.3979674E+02
  1.3259140E+02   1.3408211E+02   1.4628049E+02   1.5961589E+02   1.6714922E+02   1.7421432E+02   1.4710237E+02   1.3396191E+02   1.4061420E+02   1.4528830E+02
  1.4623253E+02   1.5445810E+02   1.5778056E+02   1.5277779E+02   1.5312825E+02   1.5388805E+02   1.5714005E+02   1.5368640E+02   1.5970061E+02   1.6358519E+02
  1.6097530E+02   1.6036800E+02   1.6037279E+02   1.6315804E+02   1.6317039E+02   1.6478726E+02   1.6478818E+02   1.6565552E+02   1.6564218E+02   1.6360254E+02
  1.6353642E+02   1.5381821E+02   1.5380125E+02   1.6451498E+02   1.6460358E+02   1.7082135E+02   1.7086539E+02   1.7152095E+02   1.7152757E+02   1.7396298E+02
  1.7402127E+02   1.7131683E+02   1.7123230E+02   1.6741302E+02   1.6739102E+02   1.6973694E+02   1.6973878E+02   1.7140335E+02   1.7142137E+02   1.7127260E+02
  1.7127431E+02   1.7417043E+02   1.7427164E+02   1.8029416E+02   1.8038882E+02   1.9073492E+02   1.9080159E+02   1.7986475E+02   1.7968372E+02   1.7409697E+02
  1.7408604E+02   1.7550743E+02   1.7563048E+02   1.7861047E+02   1.7857664E+02   1.7395453E+02   1.7397133E+02   1.7767804E+02   1.7768138E+02   1.8098610E+02
  1.8096797E+02   1.7863368E+02   1.7869949E+02   1.8155496E+02   1.8170526E+02   1.7359872E+02   1.7358971E+02   1.7775562E+02   1.7780745E+02   1.8044109E+02
  1.8046750E+02   1.8192529E+02   1.8196880E+02   1.8361086E+02   1.8363562E+02   1.8388870E+02   1.8394333E+02   1.8820309E+02   1.8818130E+02   1.8503616E+02
  1.8775932E+02   1.9300412E+02   1.9019666E+02   1.8947272E+02   1.9133615E+02   1.9061073E+02   1.9265829E+02   1.9180310E+02   1.9183945E+02   1.9184264E+02
  1.8642073E+02   1.8637332E+02   1.9087645E+02   1.9095921E+02   1.9293268E+02   1.9298642E+02   1.9405943E+02   1.9407953E+02   1.9420497E+02   1.9420497E+02
  1.9156804E+02   1.9157579E+02   1.9274245E+02   1.9274132E+02   1.9258580E+02   1.9259065E+02   1.9483762E+02   1.9487564E+02   1.9757794E+02   1.9757748E+02
  1.9260300E+02   1.9257224E+02   1.9361702E+02   1.9367708E+02   1.9398419E+02   1.9398686E+02   1.9383423E+02   1.9382892E+02   1.9300568E+02   1.9297583E+02
  1.9370854E+02   1.9374763E+02   1.9621405E+02   1.9615616E+02   1.9383450E+02   1.9383533E+02   1.9748671E+02   1.9748878E+02   1.9854146E+02   1.9853734E+02
  1.9749454E+02   1.9746747E+02   1.9367076E+02   1.9365565E+02   1.9302423E+02   1.9304933E+02   1.9863513E+02   1.9863344E+02   1.9890428E+02   1.9894180E+02
  2.0133876E+02   2.0134058E+02   1.9840700E+02   1.9836618E+02   1.9280258E+02   1.9273582E+02   1.9297429E+02   1.9297159E+02   1.9771048E+02   1.9770975E+02
  1.9847255E+02   1.9843835E+02   1.9373051E+02   1.9373354E+02   1.9315970E+02   1.9315872E+02   1.9107991E+02   1.9104437E+02   1.9142522E+02   1.9145927E+02
  1.9779010E+02   1.9781389E+02   1.9775807E+02   1.9779320E+02   1.9773561E+02   1.9766962E+02   1.9246655E+02   1.9243604E+02   1.9130530E+02   1.9133585E+02
  1.9247792E+02   1.9254344E+02   1.9368724E+02   1.9368724E+02   1.9910431E+02   1.9913640E+02   1.9341502E+02   1.8680922E+02   1.8621771E+02   1.8670724E+02
  1.9312198E+02   1.9205147E+02   1.8650516E+02   1.8686256E+02   1.8732774E+02   1.8738655E+02   1.9181624E+02   1.8634985E+02   1.8632162E+02   1.8577576E+02
  1.8577484E+02   1.8568893E+02   1.8569035E+02   1.8071875E+02   1.8071814E+02   1.8644736E+02   1.8644994E+02   1.8557436E+02   1.8559979E+02   1.8088374E+02
  1.8091418E+02   1.8021225E+02   1.8021225E+02   1.8693916E+02   1.8697279E+02   1.9283722E+02   1.9280655E+02   1.8726141E+02   1.8720091E+02   1.7902432E+02
  1.7902386E+02   1.7919772E+02   1.7924940E+02   1.8720688E+02   1.8723544E+02   1.8604440E+02   1.8601501E+02   1.7973929E+02   1.7973697E+02   1.8021294E+02
  1.8024658E+02   1.7972221E+02   1.7971274E+02   1.7940871E+02   1.7940782E+02   1.8064983E+02   1.8065140E+02   1.8696976E+02   1.8696817E+02   1.8679495E+02
  1.8676573E+02   1.8592230E+02   1.8589783E+02   1.8079797E+02   1.8079747E+02   1.8620975E+02   1.8620834E+02   1.8684128E+02   1.8686208E+02   1.8611038E+02
  1.8611275E+02   1.8536203E+02   1.8535785E+02   1.8078557E+02   1.8078557E+02   1.8599550E+02   1.8599417E+02   1.8669560E+02   1.8669313E+02   1.8637422E+02
  1.8636961E+02   1.8069489E+02   1.8064630E+02   1.8714314E+02   1.8714825E+02   1.8528656E+02   1.8525337E+02   1.8536842E+02   1.8534892E+02   1.8009419E+02
  1.8012953E+02   1.8633423E+02   1.8632930E+02   1.8615080E+02   1.8614771E+02   1.8587271E+02   1.8585858E+02   1.8670142E+02   1.8673300E+02   1.8696741E+02
  1.8694398E+02   1.8601416E+02   1.8601328E+02   1.8596924E+02   1.8597260E+02   1.8627357E+02   1.8742851E+02   1.8652586E+02   1.8689369E+02   1.8708565E+02
  1.9860504E+02   1.8685609E+02   1.8735107E+02   1.8739146E+02   1.9274174E+02   1.8734067E+02   1.8730421E+02   1.9225020E+02   1.9224812E+02   1.9257742E+02
  1.9254182E+02   1.9324951E+02   1.9324951E+02   1.9261674E+02   1.9261487E+02   1.9267769E+02   1.9271252E+02   1.9703088E+02   1.9703088E+02   1.9299078E+02
  1.9299107E+02   1.9726726E+02   1.9730418E+02   1.9684792E+02   1.9684630E+02   1.9715860E+02   1.9715669E+02   1.9309373E+02   1.9309152E+02   1.9374100E+02
  1.9376958E+02   1.9722908E+02   1.9726735E+02   1.9846750E+02   1.9846555E+02   1.9875780E+02   1.9872372E+02   1.9811787E+02   1.9811867E+02   1.9940245E+02
  1.9945045E+02   1.9996587E+02   1.9991928E+02   1.9406351E+02   1.9402614E+02   1.9970232E+02   1.9973370E+02   2.0016553E+02   2.0021341E+02   2.0655305E+02
  2.0658401E+02   1.9915460E+02   1.9406729E+02   1.9242372E+02   1.9242372E+02   1.9293105E+02   1.9292982E+02   1.9388828E+02   1.9389069E+02   1.9362561E+02
  1.9358949E+02   1.9349858E+02   1.9353358E+02   2.0613206E+02   2.0616904E+02   2.0710573E+02   2.0710529E+02   1.8743449E+02   1.8739185E+02   1.9281631E+02
  1.9281631E+02   1.9343127E+02   1.9346126E+02   1.9404741E+02   1.9401585E+02   1.9343977E+02   1.9340605E+02   1.8721812E+02   1.8725949E+02   1.9314862E+02
  1.9317676E+02   1.9378958E+02   1.9375682E+02   1.8586351E+02   1.8586160E+02   1.9191582E+02   1.9195268E+02   1.9908238E+02   1.9907500E+02   1.9813210E+02
  1.9813287E+02   1.9286671E+02   1.9285793E+02   1.9997714E+02   1.9374141E+02   1.9216055E+02   1.9388449E+02   2.0025746E+02   2.0003696E+02   1.9331618E+02
  1.8641437E+02   1.8742805E+02   2.0047513E+02   2.0032449E+02   2.0042601E+02   2.0038809E+02   1.9340327E+02   1.9340327E+02   1.9297523E+02   1.9296869E+02
  1.9260789E+02   1.9264261E+02   2.0589670E+02   2.0592871E+02   1.9946242E+02   1.9942856E+02   1.9328180E+02   1.9324391E+02   1.9896046E+02   1.9898904E+02
  1.9934804E+02   1.9931056E+02   1.7427162E+02   1.9259515E+02   2.0001395E+02   1.9998167E+02   1.9296021E+02   1.9298730E+02   2.0391922E+02   2.0398509E+02
  2.0615279E+02   2.0611691E+02   1.6541353E+02   1.6531941E+02   1.9173613E+02   1.9181828E+02   2.0040192E+02   2.0040732E+02   1.8667447E+02   1.8661244E+02
  1.7921649E+02   1.7921397E+02   1.8050133E+02   1.8052524E+02   1.7372414E+02   1.7366653E+02   1.7351828E+02   1.7358006E+02   1.8628711E+02   1.8631194E+02
  1.7363873E+02   1.7361246E+02   1.7293332E+02   1.7289549E+02   1.7422154E+02   1.7423080E+02   1.8020674E+02   1.8024083E+02   1.9318861E+02   1.9313142E+02
  1.8026971E+02   1.8018559E+02   1.7320665E+02   1.6634494E+02   1.6695058E+02   1.7425418E+02   1.7432504E+02   1.9212505E+02   1.9212672E+02   1.8063737E+02
  1.8060861E+02   1.9324910E+02   1.9328108E+02   1.8661932E+02   1.8655531E+02   1.7878712E+02   1.7881030E+02   1.8579283E+02   1.8582262E+02   1.8664311E+02
  1.8661636E+02   1.7888446E+02   1.7891000E+02   1.8661560E+02   1.8667514E+02   2.0011903E+02   2.0012483E+02   1.7403384E+02   1.7949089E+02   1.9270204E+02
  2.0569254E+02   2.0569254E+02   1.7934015E+02   1.7927838E+02   1.7948030E+02   1.7956250E+02   1.9260634E+02   1.9264034E+02   1.9967912E+02   1.9964879E+02
  1.8061047E+02   1.8052336E+02   1.7934013E+02   1.7944456E+02   1.9237993E+02   1.9241385E+02   1.9987827E+02   1.9984616E+02   1.7318430E+02   1.7318358E+02
  1.8619112E+02   1.8629813E+02   2.0412094E+02   1.6527505E+02   1.7757939E+02   1.8664110E+02   1.8667047E+02   1.8693723E+02   1.8693755E+02   2.0045898E+02
  2.0052290E+02   1.7947362E+02   1.7944618E+02   1.7888583E+02   1.7888257E+02   1.8050658E+02   1.8054478E+02   1.7334695E+02   1.7334793E+02   1.8072064E+02
  1.8077666E+02   1.8686168E+02   1.8688702E+02   1.8043570E+02   1.8037573E+02   1.7376424E+02   1.8425378E+02   1.8045731E+02   1.7406599E+02   1.7408824E+02
  1.8619786E+02   1.8625291E+02   1.9392862E+02   1.9393275E+02   1.7121089E+02   1.7131834E+02   1.9308653E+02   1.9320137E+02   1.8740833E+02   1.8735342E+02
  1.7423895E+02   1.7430238E+02   1.9172339E+02   1.9179616E+02   1.7365627E+02   1.7356461E+02   1.7172594E+02   1.7175203E+02   1.8662369E+02   1.8670837E+02
  1.9297127E+02   1.8086647E+02   1.8472302E+02   1.7353299E+02   1.7352177E+02   1.7917630E+02   1.7923111E+02   1.8682896E+02   1.8694189E+02   1.8720175E+02
  1.8715256E+02   1.8719679E+02   1.8715439E+02   1.8702957E+02   1.8700623E+02   1.9200240E+02   1.9207999E+02   1.7180853E+02   1.7172484E+02   1.8089314E+02
  1.8260670E+02   1.9739122E+02   1.9746068E+02   1.9218518E+02   1.9205321E+02   1.7804338E+02   1.9659093E+02   1.9949196E+02   1.8977341E+02   1.8983900E+02
  1.9839201E+02   1.9847578E+02   2.0048575E+02   2.0036201E+02   1.8313142E+02   1.8317847E+02   1.9234291E+02   1.9245320E+02   1.9948405E+02   1.9952489E+02
  1.8974977E+02   1.8956790E+02   2.0017773E+02   2.0030623E+02   1.9657326E+02   1.9648326E+02   1.7298254E+02   1.7295973E+02   2.0019649E+02   2.0454027E+02
  2.0540340E+02   1.7954079E+02   1.7956490E+02   1.9703540E+02   1.9712334E+02   1.9918172E+02   1.9918576E+02   1.8065057E+02   1.8067079E+02   1.9280319E+02
  1.9280257E+02   1.9840523E+02   1.9846544E+02   1.8712904E+02   1.8713647E+02   2.0556282E+02   2.0559091E+02   1.8026633E+02   1.8026703E+02   1.9395212E+02
  1.9398422E+02   2.0666310E+02   2.0670042E+02   1.9301505E+02   1.9930293E+02   2.0456398E+02   1.7354877E+02   1.7342560E+02   1.8744548E+02   1.9308789E+02
  2.0000656E+02   2.0000775E+02   1.8075038E+02   1.8077979E+02   2.0013864E+02   2.0019969E+02   1.8447437E+02   1.8447273E+02   1.7945735E+02   1.7944531E+02
  1.9786398E+02   1.9783475E+02   1.7433307E+02   1.7924036E+02   2.0623938E+02   2.0617056E+02   1.8049190E+02   1.8040742E+02   1.7996449E+02   1.8037878E+02
  1.9360953E+02   1.8023026E+02   1.8025635E+02   1.8673544E+02   1.8679211E+02   2.0584715E+02   2.0576268E+02   1.6765874E+02   1.6758919E+02   1.7213905E+02
  1.7222691E+02   1.8027715E+02   1.8025519E+02   1.8044868E+02   1.8050706E+02   2.1159520E+02   2.1155249E+02   1.8326959E+02   1.8323805E+02   1.9391127E+02
  1.9403145E+02   1.8027165E+02   1.8485910E+02   1.7369452E+02   1.7833542E+02   1.7843620E+02   1.9364629E+02   1.9370013E+02   1.8578178E+02   1.8574019E+02
  1.8999663E+02   1.8998689E+02   1.8663742E+02   1.8654652E+02   1.8610797E+02   1.8616278E+02   1.9331732E+02   1.9328831E+02   1.9279044E+02   1.9285493E+02
  1.8639528E+02   1.8633749E+02   1.9281685E+02   1.9293390E+02   1.9878833E+02   1.9872604E+02   1.8330893E+02   1.9345322E+02   1.9204553E+02   1.9052136E+02
  1.9061160E+02   2.0520694E+02   2.0529401E+02   1.8683099E+02   1.8674509E+02   1.8462393E+02   1.8464153E+02   1.8495001E+02   1.8494640E+02   1.8709198E+02
  1.8710228E+02   1.9889262E+02   1.9892226E+02   1.9085643E+02   1.9076706E+02   1.9295618E+02   1.9312802E+02   2.0885323E+02   2.0891177E+02   1.8641118E+02
  1.8633061E+02   1.9167125E+02   2.0534952E+02   1.8494409E+02   1.9911469E+02   1.9920639E+02   1.8722456E+02   1.8719974E+02   1.8682890E+02   1.8684506E+02
  1.9954938E+02   1.9954402E+02   1.9126225E+02   1.9125746E+02   1.9878094E+02   1.9884029E+02   1.9826801E+02   1.9826703E+02   1.8681290E+02   1.8673494E+02
  1.8616286E+02   1.8623447E+02   1.7347470E+02   1.7348396E+02   1.7271307E+02   1.7998892E+02   1.9343048E+02   1.7912070E+02   1.7914421E+02   1.6759776E+02
  1.6755238E+02   1.7893268E+02   1.7903926E+02   1.7398201E+02   1.7389001E+02   1.6514220E+02   1.6508847E+02   1.7869983E+02   1.7871309E+02   1.8696968E+02
  1.8701819E+02   1.7420866E+02   1.7422971E+02   1.7300656E+02   1.7299594E+02   1.7376385E+02   1.7376778E+02   1.8670325E+02   1.8670248E+02   1.7427094E+02
  1.7993327E+02   1.8036876E+02   1.7916008E+02   1.7913734E+02   1.9350642E+02   1.9363475E+02   1.7892688E+02   1.7882962E+02   1.8452669E+02   1.8461662E+02
  1.8692342E+02   1.8689711E+02   1.7999719E+02   1.8004994E+02   1.9092836E+02   1.9095566E+02   1.9839636E+02   1.9844127E+02   1.7308743E+02   1.7307285E+02
  1.8578824E+02   1.8593219E+02   1.8079811E+02   1.8072603E+02   1.8653839E+02   1.9718527E+02   1.7903011E+02   1.8653479E+02   1.8665295E+02   1.7958412E+02
  1.7937276E+02   1.7931348E+02   1.7936748E+02   1.9183920E+02   1.9195895E+02   2.0478384E+02   2.0488559E+02   1.8650070E+02   1.8660393E+02   1.9400381E+02
  1.9268225E+02   1.7934262E+02   1.7927008E+02   1.8496254E+02   1.8498540E+02   1.8724582E+02   1.8721733E+02   1.9146495E+02   1.9379425E+02   1.9809424E+02
  1.7177327E+02   1.7174530E+02   1.9162782E+02   1.9167642E+02   1.9282491E+02   1.9276031E+02   1.9064847E+02   1.9067484E+02   1.9328345E+02   1.9331897E+02
  1.9849994E+02   1.9855231E+02   1.9891641E+02   1.9888666E+02   1.9142792E+02   1.9145366E+02   1.9308159E+02   1.9319835E+02   2.0355185E+02   2.0355006E+02
  1.8729716E+02   1.8726524E+02   1.9052832E+02   1.9928268E+02   1.9509410E+02   1.9950545E+02   1.9944946E+02   1.9200209E+02   1.9203009E+02   1.9264851E+02
  1.9265134E+02   1.9909248E+02   1.9908987E+02   1.8740714E+02   1.8741130E+02   1.9328491E+02   1.9331247E+02   1.9385826E+02   1.9391328E+02   1.9856882E+02
  1.9857077E+02   1.9995624E+02   1.9996242E+02   1.8511134E+02   1.8499940E+02   2.0004526E+02   1.9998035E+02   1.8717090E+02   1.8012708E+02   1.9779507E+02
  1.9126643E+02   1.9123366E+02   1.9895784E+02   1.9892413E+02   1.9933797E+02   1.9924184E+02   1.8693997E+02   1.8699805E+02   1.9999799E+02   2.0006036E+02
  1.9886899E+02   1.9879153E+02   1.8488628E+02   1.8490010E+02   2.0391147E+02   2.0382233E+02   1.7825055E+02   1.7807443E+02   2.0533447E+02   2.0524393E+02
  1.9966995E+02   1.7282483E+02   1.9788911E+02   2.0031767E+02   2.0023024E+02   1.8682057E+02   1.8694669E+02   1.9979744E+02   1.9975981E+02   1.8606862E+02
  1.8604265E+02   2.0037627E+02   2.0040306E+02   1.8734918E+02   1.8724326E+02   2.0592723E+02   2.0600177E+02   1.9302786E+02   1.9285095E+02   1.8374707E+02
  1.8385896E+02   2.1350238E+02   2.1339722E+02   1.9109741E+02   1.8749133E+02   1.9278731E+02   1.9335558E+02
 -1.7320000E-03  -1.8860000E-03  -1.9950001E-03  -2.0870001E-03  -2.1860001E-03  -2.2760001E-03  -2.4359999E-03  -2.6219999E-03  -2.7020001E-03  -2.9249999E-03
 -3.1079999E-03  -3.1910001E-03  -3.2599999E-03  -3.3270000E-03  -3.4550000E-03  -3.5669999E-03  -3.7270000E-03  -3.8409999E-03  -3.9229998E-03  -4.1310000E-03
 -4.2500002E-03  -4.2920001E-03  -4.1890000E-03  -4.2599998E-03  -4.2659999E-03  -4.3090000E-03  -4.3380000E-03  -4.4600000E-03  -4.5770002E-03  -4.7229999E-03
 -4.6810000E-03  -4.6839998E-03  -4.6850001E-03  -4.7929999E-03  -4.7990000E-03  -4.9430002E-03  -4.9470002E-03  -5.1099998E-03  -5.1099998E-03  -5.1560001E-03
 -5.1549999E-03  -5.1799999E-03  -5.1790001E-03  -5.3719999E-03  -5.3739999E-03  -5.5840001E-03  -5.5869999E-03  -5.6340001E-03  -5.6340001E-03  -5.5620000E-03
 -5.5579999E-03  -5.5399998E-03  -5.5410000E-03  -5.5940002E-03  -5.5950000E-03  -5.6409999E-03  -5.6420001E-03  -5.7470002E-03  -5.7450002E-03  -5.7830000E-03
 -5.7859998E-03  -5.8329999E-03  -5.8329999E-03  -5.8050002E-03  -5.8040000E-03  -5.7790000E-03  -5.7760002E-03  -5.6679999E-03  -5.6670001E-03  -5.6540002E-03
 -5.6550000E-03  -5.7140002E-03  -5.7150000E-03  -5.7609999E-03  -5.7600001E-03  -5.7460000E-03  -5.7470002E-03  -5.8350000E-03  -5.8350000E-03  -5.8499998E-03
 -5.8510001E-03  -5.9409998E-03  -5.9400001E-03  -6.0790000E-03  -6.0800002E-03  -6.0589998E-03  -6.0589998E-03  -6.0390001E-03  -6.0410001E-03  -6.0790000E-03
 -6.0790000E-03  -6.0950001E-03  -6.0919998E-03  -6.1670002E-03  -6.1720000E-03  -6.3570002E-03  -6.3590002E-03  -6.5899999E-03  -6.6370000E-03  -6.6620000E-03
 -6.7139999E-03  -6.6229999E-03  -6.6450001E-03  -6.6660000E-03  -6.7389999E-03  -6.8089999E-03  -6.8339999E-03  -6.7840000E-03  -6.7150001E-03  -6.7159999E-03
 -6.6539999E-03  -6.6530001E-03  -6.6970000E-03  -6.6960002E-03  -6.6970000E-03  -6.6950000E-03  -6.7019998E-03  -6.7019998E-03  -6.7050001E-03  -6.7059998E-03
 -6.7050001E-03  -6.7079999E-03  -6.7750001E-03  -6.7759999E-03  -6.8020001E-03  -6.8009999E-03  -6.7889998E-03  -6.7900000E-03  -6.7790002E-03  -6.7790002E-03
 -6.8029999E-03  -6.8029999E-03  -6.7670001E-03  -6.7670001E-03  -6.7639998E-03  -6.7650001E-03  -6.7409999E-03  -6.7409999E-03  -6.7380001E-03  -6.7380001E-03
 -6.7159999E-03  -6.7190002E-03  -6.6700000E-03  -6.6660000E-03  -6.6479999E-03  -6.6470001E-03  -6.6200001E-03  -6.6180001E-03  -6.5830001E-03  -6.5830001E-03
 -6.6379998E-03  -6.6359998E-03  -6.6530001E-03  -6.6499999E-03  -6.6370000E-03  -6.6410000E-03  -6.6769999E-03  -6.6789999E-03  -6.7039998E-03  -6.7019998E-03
 -6.6700000E-03  -6.6689998E-03  -6.6330000E-03  -6.6399998E-03  -6.7050001E-03  -6.7050001E-03  -6.7590000E-03  -6.7599998E-03  -6.7880000E-03  -6.7900000E-03
 -6.7820000E-03  -6.7850002E-03  -6.7690001E-03  -6.7679998E-03  -6.7340001E-03  -6.7360001E-03  -6.7360001E-03  -6.7349998E-03  -6.7059998E-03  -6.7090001E-03
 -6.6330000E-03  -6.6350000E-03  -6.6399998E-03  -6.6419998E-03  -6.6390000E-03  -6.6410000E-03  -6.6149998E-03  -6.6140001E-03  -6.7099999E-03  -6.7130001E-03
 -6.8319999E-03  -6.8330001E-03  -6.8740002E-03  -6.8770000E-03  -6.9519999E-03  -6.9519999E-03  -6.9780000E-03  -7.0400001E-03  -7.0340000E-03  -7.0839999E-03
 -7.1709999E-03  -7.2240001E-03  -7.3119998E-03  -7.4229999E-03  -7.5810002E-03  -7.6560001E-03  -7.7630002E-03  -7.8659998E-03  -7.8659998E-03  -7.8590000E-03
 -7.8590000E-03  -7.8530004E-03  -7.8499997E-03  -7.8769997E-03  -7.8800004E-03  -7.9150004E-03  -7.9119997E-03  -7.8870002E-03  -7.8860000E-03  -7.9030003E-03
 -7.9030003E-03  -7.9560000E-03  -7.9560000E-03  -7.9889996E-03  -7.9899998E-03  -7.9870000E-03  -7.9870000E-03  -7.9260003E-03  -7.9260003E-03  -7.9239998E-03
 -7.9279998E-03  -8.0040004E-03  -8.0080004E-03  -8.2010003E-03  -8.2010003E-03  -8.3480002E-03  -8.3480002E-03  -8.3520003E-03  -8.3499998E-03  -8.3370004E-03
 -8.3430000E-03  -8.3769998E-03  -8.3769998E-03  -8.4720002E-03  -8.4680002E-03  -8.4539996E-03  -8.4509999E-03  -8.3910003E-03  -8.3950004E-03  -8.4319999E-03
 -8.4340004E-03  -8.4830001E-03  -8.4819999E-03  -8.4889997E-03  -8.4910002E-03  -8.5290000E-03  -8.5340003E-03  -8.5910000E-03  -8.5950000E-03  -8.5890004E-03
 -8.5870000E-03  -8.6329998E-03  -8.6390004E-03  -8.7970002E-03  -8.8000000E-03  -8.8240001E-03  -8.8250004E-03  -8.8229999E-03  -8.8200001E-03  -8.8620000E-03
 -8.8660000E-03  -8.9539997E-03  -8.9579998E-03  -9.0039996E-03  -9.0060001E-03  -8.9800004E-03  -8.9809997E-03  -8.9790002E-03  -8.9739999E-03  -8.9689996E-03
 -8.9680003E-03  -9.0460004E-03  -9.0480000E-03  -9.3069999E-03  -9.3120001E-03  -9.4780000E-03  -9.4820000E-03  -9.5650004E-03  -9.5699998E-03  -9.5929997E-03
 -9.5939999E-03  -9.6129999E-03  -9.6150003E-03  -9.5950002E-03  -9.5920004E-03  -9.4229998E-03  -9.3590003E-03  -9.3250005E-03  -9.3350001E-03  -9.3909996E-03
 -9.5340004E-03  -9.5969997E-03  -9.6150003E-03  -9.6129999E-03  -9.7409999E-03  -9.8299999E-03  -9.8280003E-03  -9.8599996E-03  -9.8590003E-03  -9.9130003E-03
 -9.9099996E-03  -9.9290004E-03  -9.9299997E-03  -9.8930001E-03  -9.8890001E-03  -9.8789996E-03  -9.8799998E-03  -9.8789996E-03  -9.8780002E-03  -9.9409996E-03
 -9.9400003E-03  -1.0004000E-02  -1.0004000E-02  -1.0082000E-02  -1.0080000E-02  -1.0271000E-02  -1.0273000E-02  -1.0451000E-02  -1.0455000E-02  -1.0619000E-02
 -1.0617000E-02  -1.0649000E-02  -1.0646000E-02  -1.0694000E-02  -1.0691000E-02  -1.0758000E-02  -1.0757000E-02  -1.0871000E-02  -1.0873000E-02  -1.0904000E-02
 -1.0902000E-02  -1.0847000E-02  -1.0846000E-02  -1.0768000E-02  -1.0770000E-02  -1.0870000E-02  -1.0873000E-02  -1.0902000E-02  -1.0904000E-02  -1.0879000E-02
 -1.0881000E-02  -1.0917000E-02  -1.0913000E-02  -1.0841000E-02  -1.0840000E-02  -1.0837000E-02  -1.0836000E-02  -1.0835000E-02  -1.0833000E-02  -1.0804000E-02
 -1.0800000E-02  -1.0827000E-02  -1.0828000E-02  -1.0913000E-02  -1.0911000E-02  -1.0925000E-02  -1.0921000E-02  -1.0967000E-02  -1.0963000E-02  -1.0923000E-02
 -1.0920000E-02  -1.0929000E-02  -1.0931000E-02  -1.1075000E-02  -1.1076000E-02  -1.1049000E-02  -1.1049000E-02  -1.0990000E-02  -1.0992000E-02  -1.0967000E-02
 -1.0972000E-02  -1.0993000E-02  -1.0998000E-02  -1.0996000E-02  -1.0999000E-02  -1.1003000E-02  -1.1002000E-02  -1.0993000E-02  -1.0992000E-02  -1.1010000E-02
 -1.1008000E-02  -1.1018000E-02  -1.1020000E-02  -1.1139000E-02  -1.1196000E-02  -1.1258000E-02  -1.1297000E-02  -1.1287000E-02  -1.1330000E-02  -1.1378000E-02
 -1.1305000E-02  -1.1087000E-02  -1.0958000E-02  -1.0904000E-02  -1.1047000E-02  -1.1048000E-02  -1.1347000E-02  -1.1353000E-02  -1.1417000E-02  -1.1420000E-02
 -1.1374000E-02  -1.1370000E-02  -1.1321000E-02  -1.1321000E-02  -1.1335000E-02  -1.1333000E-02  -1.1365000E-02  -1.1366000E-02  -1.1528000E-02  -1.1527000E-02
 -1.1619000E-02  -1.1619000E-02  -1.1634000E-02  -1.1635000E-02  -1.1664000E-02  -1.1667000E-02  -1.1774000E-02  -1.1781000E-02  -1.1931000E-02  -1.1932000E-02
 -1.1952000E-02  -1.1958000E-02  -1.2006000E-02  -1.2008000E-02  -1.2187000E-02  -1.2189000E-02  -1.2392000E-02  -1.2393000E-02  -1.2453000E-02  -1.2457000E-02
 -1.2536000E-02  -1.2532000E-02  -1.2649000E-02  -1.2651000E-02  -1.2889000E-02  -1.2891000E-02  -1.2890000E-02  -1.2889000E-02  -1.2749000E-02  -1.2747000E-02
 -1.2627000E-02  -1.2623000E-02  -1.2453000E-02  -1.2456000E-02  -1.2660000E-02  -1.2667000E-02  -1.2932000E-02  -1.2935000E-02  -1.3265000E-02  -1.3271000E-02
 -1.3425000E-02  -1.3422000E-02  -1.3573000E-02  -1.3670000E-02  -1.3481000E-02  -1.3262000E-02  -1.3256000E-02  -1.3112000E-02  -1.3108000E-02  -1.3018000E-02
 -1.3018000E-02  -1.2993000E-02  -1.2991000E-02  -1.3114000E-02  -1.3115000E-02  -1.3019000E-02  -1.3015000E-02  -1.2858000E-02  -1.2858000E-02  -1.2834000E-02
 -1.2833000E-02  -1.2812000E-02  -1.2811000E-02  -1.2886000E-02  -1.2884000E-02  -1.3004000E-02  -1.3006000E-02  -1.2974000E-02  -1.2893000E-02  -1.2862000E-02
 -1.2852000E-02  -1.2851000E-02  -1.2826000E-02  -1.2822000E-02  -1.2686000E-02  -1.2684000E-02  -1.2687000E-02  -1.2684000E-02  -1.2478000E-02  -1.2481000E-02
 -1.2459000E-02  -1.2461000E-02  -1.2549000E-02  -1.2551000E-02  -1.2587000E-02  -1.2585000E-02  -1.2431000E-02  -1.2427000E-02  -1.2314000E-02  -1.2315000E-02
 -1.2335000E-02  -1.2335000E-02  -1.2427000E-02  -1.2561000E-02  -1.2699000E-02  -1.2555000E-02  -1.2554000E-02  -1.2387000E-02  -1.2388000E-02  -1.2311000E-02
 -1.2310000E-02  -1.2352000E-02  -1.2354000E-02  -1.2565000E-02  -1.2569000E-02  -1.2819000E-02  -1.2823000E-02  -1.2900000E-02  -1.2898000E-02  -1.2887000E-02
 -1.2886000E-02  -1.3009000E-02  -1.3011000E-02  -1.3097000E-02  -1.3099000E-02  -1.3203000E-02  -1.3354000E-02  -1.3190000E-02  -1.3144000E-02  -1.3147000E-02
 -1.3131000E-02  -1.3131000E-02  -1.3098000E-02  -1.3100000E-02  -1.2995000E-02  -1.2993000E-02  -1.2928000E-02  -1.2930000E-02  -1.2989000E-02  -1.2989000E-02
 -1.2968000E-02  -1.2966000E-02  -1.3050000E-02  -1.3057000E-02  -1.3543000E-02  -1.3550000E-02  -1.3777000E-02  -1.3777000E-02  -1.3778000E-02  -1.3780000E-02
 -1.3612000E-02  -1.3711000E-02  -1.3696000E-02  -1.3725000E-02  -1.3724000E-02  -1.3711000E-02  -1.3711000E-02  -1.3682000E-02  -1.3683000E-02  -1.3637000E-02
 -1.3633000E-02  -1.3619000E-02  -1.3619000E-02  -1.3598000E-02  -1.3597000E-02  -1.3548000E-02  -1.3550000E-02  -1.3654000E-02  -1.3653000E-02  -1.3980000E-02
 -1.3984000E-02  -1.4488000E-02  -1.4490000E-02  -1.4534000E-02  -1.4530000E-02  -1.4125000E-02  -1.3780000E-02  -1.3875000E-02  -1.3957000E-02  -1.3952000E-02
 -1.3851000E-02  -1.3854000E-02  -1.3824000E-02  -1.3821000E-02  -1.4122000E-02  -1.4128000E-02  -1.4184000E-02  -1.4187000E-02  -1.4123000E-02  -1.4126000E-02
 -1.4137000E-02  -1.4137000E-02  -1.4061000E-02  -1.4061000E-02  -1.4005000E-02  -1.4003000E-02  -1.3875000E-02  -1.3873000E-02  -1.3791000E-02  -1.3719000E-02
 -1.3718000E-02  -1.3809000E-02  -1.3808000E-02  -1.3922000E-02  -1.3919000E-02  -1.3887000E-02  -1.3890000E-02  -1.3973000E-02  -1.3977000E-02  -1.4148000E-02
 -1.4148000E-02  -1.4173000E-02  -1.4173000E-02  -1.4167000E-02  -1.4166000E-02  -1.4082000E-02  -1.4080000E-02  -1.3940000E-02  -1.3935000E-02  -1.3794000E-02
 -1.3792000E-02  -1.3546000E-02  -1.3541000E-02  -1.3234000E-02  -1.3135000E-02  -1.3128000E-02  -1.3179000E-02  -1.3177000E-02  -1.3201000E-02  -1.3201000E-02
 -1.3209000E-02  -1.3210000E-02  -1.3095000E-02  -1.3092000E-02  -1.3016000E-02  -1.3014000E-02  -1.3033000E-02  -1.3029000E-02  -1.3147000E-02  -1.3145000E-02
 -1.3317000E-02  -1.3323000E-02  -1.3290000E-02  -1.3290000E-02  -1.3392000E-02  -1.3396000E-02  -1.3615000E-02  -1.3620000E-02  -1.3745000E-02  -1.3831000E-02
 -1.3864000E-02  -1.3728000E-02  -1.3726000E-02  -1.3926000E-02  -1.3930000E-02  -1.4163000E-02  -1.4165000E-02  -1.4028000E-02  -1.4024000E-02  -1.3980000E-02
 -1.3981000E-02  -1.4151000E-02  -1.4152000E-02  -1.4178000E-02  -1.4175000E-02  -1.4223000E-02  -1.4228000E-02  -1.4298000E-02  -1.4297000E-02  -1.4378000E-02
 -1.4376000E-02  -1.4382000E-02  -1.4242000E-02  -1.4276000E-02  -1.4335000E-02  -1.4342000E-02  -1.4398000E-02  -1.4403000E-02  -1.4352000E-02  -1.4350000E-02
 -1.3973000E-02  -1.3972000E-02  -1.3842000E-02  -1.3840000E-02  -1.3836000E-02  -1.3834000E-02  -1.3824000E-02  -1.3826000E-02  -1.3823000E-02  -1.3824000E-02
 -1.3909000E-02  -1.3911000E-02  -1.4032000E-02  -1.4031000E-02  -1.4249000E-02  -1.4249000E-02  -1.4370000E-02  -1.4374000E-02  -1.4217000E-02  -1.4120000E-02
 -1.4123000E-02  -1.4163000E-02  -1.4155000E-02  -1.3974000E-02  -1.3974000E-02  -1.3821000E-02  -1.3821000E-02  -1.3742000E-02  -1.3745000E-02  -1.3650000E-02
 -1.3648000E-02  -1.3621000E-02  -1.3617000E-02  -1.3622000E-02  -1.3618000E-02  -1.3629000E-02  -1.3628000E-02  -1.3624000E-02  -1.3624000E-02  -1.3516000E-02
 -1.3514000E-02  -1.3498000E-02  -1.3613000E-02  -1.3745000E-02  -1.3816000E-02  -1.3813000E-02  -1.3807000E-02  -1.3812000E-02  -1.3605000E-02  -1.3602000E-02
 -1.3584000E-02  -1.3586000E-02  -1.3784000E-02  -1.3785000E-02  -1.3703000E-02  -1.3700000E-02  -1.3728000E-02  -1.3726000E-02  -1.3872000E-02  -1.3876000E-02
 -1.3870000E-02  -1.3872000E-02  -1.3817000E-02  -1.3816000E-02  -1.3819000E-02  -1.3818000E-02  -1.3896000E-02  -1.4112000E-02  -1.4113000E-02  -1.4121000E-02
 -1.4123000E-02  -1.4157000E-02  -1.4159000E-02  -1.4212000E-02  -1.4211000E-02  -1.4321000E-02  -1.4325000E-02  -1.4376000E-02  -1.4379000E-02  -1.4371000E-02
 -1.4369000E-02  -1.4361000E-02  -1.4361000E-02  -1.4552000E-02  -1.4549000E-02  -1.4599000E-02  -1.4597000E-02  -1.4552000E-02  -1.4551000E-02  -1.4600000E-02
 -1.4634000E-02  -1.4487000E-02  -1.4139000E-02  -1.4133000E-02  -1.4126000E-02  -1.4131000E-02  -1.4022000E-02  -1.4021000E-02  -1.4051000E-02  -1.4050000E-02
 -1.4438000E-02  -1.4444000E-02  -1.4584000E-02  -1.4583000E-02  -1.4675000E-02  -1.4674000E-02  -1.4484000E-02  -1.4480000E-02  -1.4265000E-02  -1.4260000E-02
 -1.4105000E-02  -1.4102000E-02  -1.4023000E-02  -1.4023000E-02  -1.3957000E-02  -1.3939000E-02  -1.3967000E-02  -1.4055000E-02  -1.4058000E-02  -1.4155000E-02
 -1.4156000E-02  -1.4193000E-02  -1.4190000E-02  -1.4222000E-02  -1.4228000E-02  -1.4418000E-02  -1.4423000E-02  -1.4657000E-02  -1.4658000E-02  -1.4672000E-02
 -1.4671000E-02  -1.4673000E-02  -1.4675000E-02  -1.4749000E-02  -1.4746000E-02  -1.4700000E-02  -1.4698000E-02  -1.4681000E-02  -1.4704000E-02  -1.4724000E-02
 -1.4601000E-02  -1.4600000E-02  -1.4356000E-02  -1.4355000E-02  -1.4324000E-02  -1.4327000E-02  -1.4508000E-02  -1.4505000E-02  -1.4561000E-02  -1.4558000E-02
 -1.4503000E-02  -1.4505000E-02  -1.4742000E-02  -1.4742000E-02  -1.5082000E-02  -1.5087000E-02  -1.5133000E-02  -1.5131000E-02  -1.5029000E-02  -1.5027000E-02
 -1.5004000E-02  -1.5002000E-02  -1.5076000E-02  -1.5160000E-02  -1.5454000E-02  -1.5241000E-02  -1.5234000E-02  -1.5026000E-02  -1.5025000E-02  -1.5066000E-02
 -1.5060000E-02  -1.5008000E-02  -1.5008000E-02  -1.4966000E-02  -1.4966000E-02  -1.5031000E-02  -1.5033000E-02  -1.5146000E-02  -1.5147000E-02  -1.5244000E-02
 -1.5242000E-02  -1.5271000E-02  -1.5272000E-02  -1.5482000E-02  -1.5482000E-02  -1.5300000E-02  -1.5299000E-02  -1.5164000E-02  -1.5181000E-02  -1.5181000E-02
 -1.5059000E-02  -1.5066000E-02  -1.5275000E-02  -1.5284000E-02  -1.5671000E-02  -1.5668999E-02  -1.5498000E-02  -1.5495000E-02  -1.5279000E-02  -1.5278000E-02
 -1.5399000E-02  -1.5403000E-02  -1.5568000E-02  -1.5565000E-02  -1.5710000E-02  -1.5705001E-02  -1.5791001E-02  -1.5789000E-02  -1.5520000E-02  -1.5516000E-02
 -1.5391000E-02  -1.5818000E-02  -1.6034000E-02  -1.6295001E-02  -1.6294001E-02  -1.6437000E-02  -1.6438000E-02  -1.6293000E-02  -1.6290000E-02  -1.5926000E-02
 -1.5920000E-02  -1.5729999E-02  -1.5735000E-02  -1.5717000E-02  -1.5720000E-02  -1.5604000E-02  -1.5599000E-02  -1.5486000E-02  -1.5487000E-02  -1.5601000E-02
 -1.5602000E-02  -1.5499000E-02  -1.5494000E-02  -1.5122000E-02  -1.5120000E-02  -1.5071000E-02  -1.5049000E-02
  3.2394448E-01   3.2386535E-01   3.2260959E-01   3.1802231E-01   3.1391329E-01   3.0959122E-01   3.0987820E-01   3.1383067E-01   3.1182705E-01   3.1469160E-01
  3.1529688E-01   3.1292539E-01   3.0820678E-01   3.0268462E-01   2.9980788E-01   2.9744857E-01   2.9599890E-01   2.9445617E-01   2.9150637E-01   2.9358481E-01
  2.9223078E-01   2.8842875E-01   2.7969419E-01   2.7841758E-01   2.7571215E-01   2.7064045E-01   2.6720802E-01   2.6646970E-01   2.6495394E-01   2.6563833E-01
  2.6284857E-01   2.5968571E-01   2.5962135E-01   2.5798820E-01   2.5799167E-01   2.5858911E-01   2.5860303E-01   2.6132758E-01   2.6137542E-01   2.6109974E-01
  2.6104931E-01   2.5851781E-01   2.5850128E-01   2.5938657E-01   2.5939440E-01   2.6043969E-01   2.6044751E-01   2.5911349E-01   2.5905784E-01   2.5441315E-01
  2.5436096E-01   2.5227212E-01   2.5226689E-01   2.5098158E-01   2.5093636E-01   2.4900927E-01   2.4899273E-01   2.4791526E-01   2.4791788E-01   2.4868922E-01
  2.4869881E-01   2.4811529E-01   2.4809093E-01   2.4636211E-01   2.4635340E-01   2.4423758E-01   2.4417759E-01   2.3998336E-01   2.3994769E-01   2.3828932E-01
  2.3825801E-01   2.3776494E-01   2.3779624E-01   2.3864153E-01   2.3861022E-01   2.3650570E-01   2.3650656E-01   2.3702140E-01   2.3701966E-01   2.3651527E-01
  2.3650397E-01   2.3637960E-01   2.3639351E-01   2.3738315E-01   2.3738665E-01   2.3595002E-01   2.3591435E-01   2.3384550E-01   2.3384377E-01   2.3379419E-01
  2.3380723E-01   2.3391072E-01   2.3388637E-01   2.3299152E-01   2.3298719E-01   2.3408290E-01   2.3411510E-01   2.3569956E-01   2.3548823E-01   2.3635005E-01
  2.3735011E-01   2.3394464E-01   2.3292021E-01   2.3325851E-01   2.3471427E-01   2.3489429E-01   2.3534388E-01   2.3396376E-01   2.3206625E-01   2.3203842E-01
  2.3012784E-01   2.3011739E-01   2.3024000E-01   2.3024348E-01   2.2998433E-01   2.2997824E-01   2.2919211E-01   2.2918516E-01   2.2870077E-01   2.2869032E-01
  2.2822942E-01   2.2822683E-01   2.2789289E-01   2.2788941E-01   2.2796680E-01   2.2796159E-01   2.2743545E-01   2.2743024E-01   2.2698672E-01   2.2698845E-01
  2.2729456E-01   2.2728241E-01   2.2621797E-01   2.2620926E-01   2.2612405E-01   2.2612319E-01   2.2517092E-01   2.2516136E-01   2.2495006E-01   2.2494482E-01
  2.2437436E-01   2.2436219E-01   2.2285423E-01   2.2282816E-01   2.2221418E-01   2.2221854E-01   2.2149153E-01   2.2147238E-01   2.2040449E-01   2.2040015E-01
  2.2102539E-01   2.2103584E-01   2.2088886E-01   2.2088104E-01   2.2029056E-01   2.2029143E-01   2.2065929E-01   2.2066624E-01   2.2133759E-01   2.2134283E-01
  2.2011402E-01   2.2009142E-01   2.1887829E-01   2.1887047E-01   2.1988533E-01   2.1990967E-01   2.2111237E-01   2.2112540E-01   2.2202112E-01   2.2202374E-01
  2.2179067E-01   2.2178372E-01   2.2146456E-01   2.2144978E-01   2.2062277E-01   2.2062015E-01   2.2069580E-01   2.2069406E-01   2.1989140E-01   2.1986879E-01
  2.1800256E-01   2.1797996E-01   2.1809649E-01   2.1810778E-01   2.1786082E-01   2.1784602E-01   2.1681379E-01   2.1681030E-01   2.1800517E-01   2.1802431E-01
  2.1972097E-01   2.1973921E-01   2.1982271E-01   2.1981489E-01   2.2023578E-01   2.2025231E-01   2.2071928E-01   2.2129151E-01   2.2064363E-01   2.2056884E-01
  2.2173850E-01   2.2215332E-01   2.2312643E-01   2.2453437E-01   2.2611884E-01   2.2716412E-01   2.2870597E-01   2.3035394E-01   2.3036524E-01   2.3029394E-01
  2.3028959E-01   2.3001391E-01   2.3001044E-01   2.3014608E-01   2.3016174E-01   2.3050177E-01   2.3049394E-01   2.2974172E-01   2.2973649E-01   2.3034959E-01
  2.3036262E-01   2.3155141E-01   2.3156706E-01   2.3223929E-01   2.3224451E-01   2.3203927E-01   2.3202797E-01   2.3058092E-01   2.3056874E-01   2.3052525E-01
  2.3052089E-01   2.3128008E-01   2.3130618E-01   2.3336026E-01   2.3339678E-01   2.3578825E-01   2.3580131E-01   2.3583173E-01   2.3583435E-01   2.3550650E-01
  2.3549346E-01   2.3599263E-01   2.3600914E-01   2.3698836E-01   2.3700139E-01   2.3660048E-01   2.3657700E-01   2.3535779E-01   2.3535084E-01   2.3588740E-01
  2.3590306E-01   2.3657700E-01   2.3658571E-01   2.3668399E-01   2.3668399E-01   2.3703706E-01   2.3703880E-01   2.3748838E-01   2.3748752E-01   2.3729968E-01
  2.3729532E-01   2.3793972E-01   2.3796320E-01   2.4020860E-01   2.4023729E-01   2.4084691E-01   2.4084865E-01   2.4071559E-01   2.4071733E-01   2.4161478E-01
  2.4163914E-01   2.4303055E-01   2.4303402E-01   2.4329752E-01   2.4329143E-01   2.4234789E-01   2.4233572E-01   2.4195743E-01   2.4195481E-01   2.4148781E-01
  2.4148434E-01   2.4220353E-01   2.4223658E-01   2.4483850E-01   2.4486460E-01   2.4730914E-01   2.4732565E-01   2.4812223E-01   2.4813963E-01   2.4845617E-01
  2.4845791E-01   2.4889534E-01   2.4890402E-01   2.4880662E-01   2.4879359E-01   2.4681604E-01   2.4530114E-01   2.4447934E-01   2.4456196E-01   2.4523246E-01
  2.4697605E-01   2.4797787E-01   2.4809528E-01   2.4711346E-01   2.4761525E-01   2.4879621E-01   2.4880836E-01   2.4956322E-01   2.4957713E-01   2.5045805E-01
  2.5046762E-01   2.5085374E-01   2.5084505E-01   2.4991019E-01   2.4989366E-01   2.4957105E-01   2.4957190E-01   2.4948495E-01   2.4948668E-01   2.5015804E-01
  2.5017369E-01   2.5077896E-01   2.5077896E-01   2.5142160E-01   2.5144161E-01   2.5286782E-01   2.5288695E-01   2.5444184E-01   2.5446706E-01   2.5562018E-01
  2.5561844E-01   2.5622285E-01   2.5624199E-01   2.5676549E-01   2.5677681E-01   2.5757425E-01   2.5758122E-01   2.5849345E-01   2.5850042E-01   2.5923872E-01
  2.5924654E-01   2.5856825E-01   2.5854738E-01   2.5721336E-01   2.5721074E-01   2.5787341E-01   2.5788818E-01   2.5811690E-01   2.5810039E-01   2.5755686E-01
  2.5756816E-01   2.5835256E-01   2.5835344E-01   2.5760470E-01   2.5759511E-01   2.5763774E-01   2.5763513E-01   2.5757598E-01   2.5756643E-01   2.5683768E-01
  2.5684290E-01   2.5732641E-01   2.5734641E-01   2.5898828E-01   2.5900393E-01   2.5924480E-01   2.5925264E-01   2.6002400E-01   2.6003183E-01   2.5910307E-01
  2.5908044E-01   2.5920741E-01   2.5923089E-01   2.6119452E-01   2.6121191E-01   2.6059623E-01   2.6057884E-01   2.5978919E-01   2.5978137E-01   2.5976138E-01
  2.5976312E-01   2.6040229E-01   2.6040926E-01   2.6033967E-01   2.6033532E-01   2.6049533E-01   2.6049359E-01   2.5980138E-01   2.5980138E-01   2.5992922E-01
  2.5992922E-01   2.5991269E-01   2.5991616E-01   2.6043012E-01   2.6097363E-01   2.6222677E-01   2.6301552E-01   2.6303466E-01   2.6399561E-01   2.6495568E-01
  2.6397821E-01   2.6183457E-01   2.6000314E-01   2.5871955E-01   2.5993096E-01   2.5995965E-01   2.6239114E-01   2.6241983E-01   2.6285551E-01   2.6284334E-01
  2.6189283E-01   2.6187718E-01   2.6103974E-01   2.6104148E-01   2.6134497E-01   2.6134932E-01   2.6150760E-01   2.6151890E-01   2.6281379E-01   2.6284075E-01
  2.6395300E-01   2.6395386E-01   2.6428171E-01   2.6427997E-01   2.6487655E-01   2.6489568E-01   2.6611230E-01   2.6614794E-01   2.6840638E-01   2.6841593E-01
  2.6816288E-01   2.6816636E-01   2.6871857E-01   2.6872466E-01   2.6947340E-01   2.6949862E-01   2.7131442E-01   2.7133704E-01   2.7233190E-01   2.7235190E-01
  2.7379460E-01   2.7381461E-01   2.7517906E-01   2.7520254E-01   2.7780013E-01   2.7783056E-01   2.7878106E-01   2.7877847E-01   2.7794275E-01   2.7793145E-01
  2.7678789E-01   2.7676962E-01   2.7474860E-01   2.7473295E-01   2.7536950E-01   2.7539907E-01   2.7731227E-01   2.7733139E-01   2.7985159E-01   2.7988810E-01
  2.8043423E-01   2.8042293E-01   2.8196826E-01   2.8405018E-01   2.8320662E-01   2.8033857E-01   2.8030902E-01   2.7806710E-01   2.7803579E-01   2.7745489E-01
  2.7745401E-01   2.7739748E-01   2.7739922E-01   2.7786883E-01   2.7788969E-01   2.7778012E-01   2.7776013E-01   2.7691050E-01   2.7691050E-01   2.7661831E-01
  2.7660960E-01   2.7625045E-01   2.7624959E-01   2.7710702E-01   2.7712183E-01   2.7811233E-01   2.7812188E-01   2.7810276E-01   2.7645830E-01   2.7577998E-01
  2.7600607E-01   2.7600522E-01   2.7594695E-01   2.7593389E-01   2.7415725E-01   2.7414072E-01   2.7424333E-01   2.7423550E-01   2.7335458E-01   2.7334240E-01
  2.7300324E-01   2.7301455E-01   2.7437988E-01   2.7439727E-01   2.7462685E-01   2.7461814E-01   2.7269017E-01   2.7266148E-01   2.7119180E-01   2.7117962E-01
  2.7130312E-01   2.7130224E-01   2.7230753E-01   2.7362591E-01   2.7502426E-01   2.7411986E-01   2.7408767E-01   2.7227363E-01   2.7224666E-01   2.7170836E-01
  2.7171359E-01   2.7194055E-01   2.7194316E-01   2.7389026E-01   2.7394158E-01   2.7639915E-01   2.7642525E-01   2.7675135E-01   2.7674528E-01   2.7638612E-01
  2.7637220E-01   2.7685224E-01   2.7686789E-01   2.7720442E-01   2.7721140E-01   2.7856628E-01   2.8031685E-01   2.7861498E-01   2.7787493E-01   2.7787840E-01
  2.7777055E-01   2.7776620E-01   2.7754534E-01   2.7752619E-01   2.7657482E-01   2.7656437E-01   2.7601652E-01   2.7601216E-01   2.7683397E-01   2.7683918E-01
  2.7637480E-01   2.7636088E-01   2.7591129E-01   2.7594869E-01   2.8054904E-01   2.8061513E-01   2.8406668E-01   2.8409887E-01   2.8418235E-01   2.8415975E-01
  2.8212220E-01   2.8322228E-01   2.8355796E-01   2.8410496E-01   2.8410755E-01   2.8380233E-01   2.8381710E-01   2.8370144E-01   2.8368145E-01   2.8287877E-01
  2.8287007E-01   2.8284835E-01   2.8285268E-01   2.8246309E-01   2.8245179E-01   2.8114996E-01   2.8111950E-01   2.8088557E-01   2.8090994E-01   2.8360319E-01
  2.8368057E-01   2.8927492E-01   2.8932188E-01   2.9105505E-01   2.9103242E-01   2.8746783E-01   2.8367448E-01   2.8392756E-01   2.8467977E-01   2.8466500E-01
  2.8296052E-01   2.8295007E-01   2.8221960E-01   2.8222743E-01   2.8451282E-01   2.8453715E-01   2.8509893E-01   2.8508416E-01   2.8442933E-01   2.8443890E-01
  2.8461978E-01   2.8461369E-01   2.8381624E-01   2.8381451E-01   2.8284138E-01   2.8281007E-01   2.8113082E-01   2.8112124E-01   2.8018291E-01   2.7927936E-01
  2.7927068E-01   2.8051250E-01   2.8054207E-01   2.8116037E-01   2.8116037E-01   2.8061772E-01   2.8061339E-01   2.8223526E-01   2.8226915E-01   2.8384406E-01
  2.8384406E-01   2.8422061E-01   2.8422410E-01   2.8393189E-01   2.8392668E-01   2.8263614E-01   2.8262398E-01   2.8184217E-01   2.8183696E-01   2.8140127E-01
  2.8139953E-01   2.7969419E-01   2.7965244E-01   2.7677658E-01   2.7494425E-01   2.7452336E-01   2.7561387E-01   2.7563126E-01   2.7634349E-01   2.7634872E-01
  2.7653222E-01   2.7653481E-01   2.7535211E-01   2.7532080E-01   2.7405898E-01   2.7406159E-01   2.7414160E-01   2.7414767E-01   2.7508252E-01   2.7510426E-01
  2.7631394E-01   2.7630697E-01   2.7571388E-01   2.7570953E-01   2.7618609E-01   2.7620610E-01   2.7741228E-01   2.7742532E-01   2.7808623E-01   2.7950547E-01
  2.8032033E-01   2.7828190E-01   2.7826539E-01   2.7909328E-01   2.7912024E-01   2.8124996E-01   2.8126822E-01   2.7974636E-01   2.7971070E-01   2.7872977E-01
  2.7874977E-01   2.7992639E-01   2.7991941E-01   2.8021596E-01   2.8022119E-01   2.8040468E-01   2.8042208E-01   2.8131082E-01   2.8131606E-01   2.8204827E-01
  2.8206306E-01   2.8209698E-01   2.8058642E-01   2.8112733E-01   2.8231352E-01   2.8233351E-01   2.8342055E-01   2.8344056E-01   2.8368319E-01   2.8365882E-01
  2.8034554E-01   2.8029858E-01   2.7840451E-01   2.7839410E-01   2.7820363E-01   2.7820363E-01   2.7802711E-01   2.7801581E-01   2.7799318E-01   2.7800622E-01
  2.7853148E-01   2.7852365E-01   2.7815146E-01   2.7815234E-01   2.7958897E-01   2.7962201E-01   2.8068816E-01   2.8071862E-01   2.7984723E-01   2.7911241E-01
  2.7912198E-01   2.7992898E-01   2.7993333E-01   2.7868107E-01   2.7866627E-01   2.7750185E-01   2.7748967E-01   2.7702181E-01   2.7700877E-01   2.7567737E-01
  2.7566780E-01   2.7513210E-01   2.7512601E-01   2.7519471E-01   2.7519645E-01   2.7549996E-01   2.7551038E-01   2.7542778E-01   2.7540690E-01   2.7357197E-01
  2.7354937E-01   2.7324238E-01   2.7445639E-01   2.7662005E-01   2.7779403E-01   2.7779927E-01   2.7777055E-01   2.7776882E-01   2.7523994E-01   2.7521211E-01
  2.7468684E-01   2.7470685E-01   2.7703485E-01   2.7705921E-01   2.7637567E-01   2.7634437E-01   2.7618000E-01   2.7620522E-01   2.7813319E-01   2.7815755E-01
  2.7823843E-01   2.7822102E-01   2.7761228E-01   2.7760707E-01   2.7757056E-01   2.7757229E-01   2.7745924E-01   2.7936720E-01   2.7938112E-01   2.7941763E-01
  2.7940286E-01   2.7901675E-01   2.7902110E-01   2.7966897E-01   2.7967418E-01   2.8030902E-01   2.8032901E-01   2.8066992E-01   2.8066642E-01   2.8086036E-01
  2.8086992E-01   2.8068557E-01   2.8069514E-01   2.8235090E-01   2.8237005E-01   2.8259441E-01   2.8257440E-01   2.8127692E-01   2.8128039E-01   2.8191349E-01
  2.8256744E-01   2.8235090E-01   2.7964374E-01   2.7962375E-01   2.7873412E-01   2.7871497E-01   2.7679571E-01   2.7677658E-01   2.7691224E-01   2.7692006E-01
  2.7993159E-01   2.7998117E-01   2.8151084E-01   2.8151432E-01   2.8281007E-01   2.8282399E-01   2.8106212E-01   2.8100819E-01   2.7865062E-01   2.7864453E-01
  2.7737141E-01   2.7735314E-01   2.7590608E-01   2.7588781E-01   2.7461293E-01   2.7400419E-01   2.7463293E-01   2.7623131E-01   2.7623826E-01   2.7686701E-01
  2.7687224E-01   2.7638003E-01   2.7636697E-01   2.7616000E-01   2.7616608E-01   2.7682876E-01   2.7684527E-01   2.7832103E-01   2.7834278E-01   2.7864715E-01
  2.7864888E-01   2.7877499E-01   2.7877932E-01   2.7950114E-01   2.7950896E-01   2.7922546E-01   2.7922023E-01   2.7958462E-01   2.8008814E-01   2.8090820E-01
  2.8081339E-01   2.8080036E-01   2.7852018E-01   2.7848628E-01   2.7735576E-01   2.7734878E-01   2.7816450E-01   2.7818365E-01   2.7943070E-01   2.7943155E-01
  2.7849496E-01   2.7847410E-01   2.7938982E-01   2.7940896E-01   2.8231352E-01   2.8234916E-01   2.8253963E-01   2.8252832E-01   2.8093863E-01   2.8090994E-01
  2.8075426E-01   2.8077688E-01   2.8224482E-01   2.8372492E-01   2.8554418E-01   2.8399191E-01   2.8395363E-01   2.8198479E-01   2.8198044E-01   2.8221611E-01
  2.8219697E-01   2.8144909E-01   2.8144040E-01   2.8089775E-01   2.8090820E-01   2.8124038E-01   2.8125603E-01   2.8137343E-01   2.8137258E-01   2.8219524E-01
  2.8221090E-01   2.8216308E-01   2.8216829E-01   2.8357797E-01   2.8357708E-01   2.8262572E-01   2.8259615E-01   2.8051859E-01   2.8076991E-01   2.8154127E-01
  2.7961940E-01   2.7959245E-01   2.8121778E-01   2.8127604E-01   2.8596857E-01   2.8599291E-01   2.8430758E-01   2.8425626E-01   2.8225176E-01   2.8226482E-01
  2.8349186E-01   2.8350317E-01   2.8537722E-01   2.8540506E-01   2.8620424E-01   2.8620163E-01   2.8725737E-01   2.8726432E-01   2.8443367E-01   2.8438150E-01
  2.8298226E-01   2.8661907E-01   2.8681125E-01   2.8765740E-01   2.8766956E-01   2.8965146E-01   2.8968189E-01   2.8917055E-01   2.8914447E-01   2.8686777E-01
  2.8682690E-01   2.8455021E-01   2.8453368E-01   2.8413886E-01   2.8413712E-01   2.8367883E-01   2.8365797E-01   2.8253006E-01   2.8255180E-01   2.8364143E-01
  2.8365274E-01   2.8283617E-01   2.8279789E-01   2.7964374E-01   2.7959853E-01   2.7837321E-01   2.7762881E-01
  2.0040588E+03   1.8390706E+03   1.7184447E+03   1.5736093E+03   1.4448593E+03   1.3311906E+03   1.2472181E+03   1.2036497E+03   1.1457837E+03   1.0878682E+03
  1.0297330E+03   9.8048785E+02   9.1697101E+02   8.5106915E+02   7.9639349E+02   7.5331952E+02   7.1048932E+02   6.7867883E+02   6.4472205E+02   6.2544934E+02
  5.9956390E+02   5.7082440E+02   5.3331848E+02   5.1728156E+02   5.0164151E+02   4.6972992E+02   4.4906122E+02   4.3316690E+02   4.1493188E+02   4.0522937E+02
  3.9611826E+02   3.8174548E+02   3.8138031E+02   3.6579581E+02   3.6535321E+02   3.5717963E+02   3.5694843E+02   3.5660013E+02   3.5679602E+02   3.5249506E+02
  3.5235916E+02   3.4055582E+02   3.4055621E+02   3.3170584E+02   3.3161243E+02   3.2301501E+02   3.2287070E+02   3.1528247E+02   3.1507938E+02   3.0229730E+02
  3.0232874E+02   2.9589981E+02   2.9582794E+02   2.8856900E+02   2.8836154E+02   2.7947122E+02   2.7936603E+02   2.7071680E+02   2.7081961E+02   2.7155905E+02
  2.7144968E+02   2.6737158E+02   2.6729282E+02   2.6300629E+02   2.6302368E+02   2.5741354E+02   2.5735748E+02   2.4897752E+02   2.4891046E+02   2.4434560E+02
  2.4420612E+02   2.4018716E+02   2.4024001E+02   2.4087228E+02   2.4081927E+02   2.3507469E+02   2.3503633E+02   2.3300673E+02   2.3300162E+02   2.3092361E+02
  2.3085104E+02   2.2699539E+02   2.2707370E+02   2.2467989E+02   2.2465283E+02   2.2136336E+02   2.2126302E+02   2.1620647E+02   2.1613007E+02   2.1464246E+02
  2.1467836E+02   2.1439925E+02   2.1443790E+02   2.0940787E+02   2.0922656E+02   2.0601721E+02   2.0603740E+02   2.0287920E+02   2.0090115E+02   2.0235274E+02
  2.0334505E+02   1.9739273E+02   1.9416600E+02   1.9439890E+02   1.9591588E+02   1.9434828E+02   1.9475130E+02   1.9275542E+02   1.9003630E+02   1.8993964E+02
  1.8701280E+02   1.8701544E+02   1.8608385E+02   1.8612007E+02   1.8546465E+02   1.8550531E+02   1.8341768E+02   1.8340099E+02   1.8215904E+02   1.8210693E+02
  1.8103505E+02   1.8094797E+02   1.7837320E+02   1.7833875E+02   1.7783809E+02   1.7785207E+02   1.7693561E+02   1.7689742E+02   1.7614987E+02   1.7615393E+02
  1.7624358E+02   1.7621532E+02   1.7467540E+02   1.7465524E+02   1.7453529E+02   1.7450751E+02   1.7292558E+02   1.7290353E+02   1.7249399E+02   1.7248195E+02
  1.7173375E+02   1.7162909E+02   1.6942732E+02   1.6946947E+02   1.6852757E+02   1.6856281E+02   1.6759460E+02   1.6760178E+02   1.6606729E+02   1.6605745E+02
  1.6608711E+02   1.6616069E+02   1.6540575E+02   1.6546275E+02   1.6446083E+02   1.6436369E+02   1.6429784E+02   1.6426416E+02   1.6514983E+02   1.6521085E+02
  1.6325404E+02   1.6322823E+02   1.6141531E+02   1.6122786E+02   1.6189618E+02   1.6194994E+02   1.6330644E+02   1.6331117E+02   1.6462193E+02   1.6457925E+02
  1.6425502E+02   1.6416696E+02   1.6384560E+02   1.6383702E+02   1.6282629E+02   1.6277216E+02   1.6293964E+02   1.6295999E+02   1.6188545E+02   1.6176315E+02
  1.5948558E+02   1.5938791E+02   1.5952347E+02   1.5950020E+02   1.5903084E+02   1.5895055E+02   1.5731764E+02   1.5733385E+02   1.5766109E+02   1.5763211E+02
  1.5853065E+02   1.5854694E+02   1.5778102E+02   1.5769534E+02   1.5689189E+02   1.5692723E+02   1.5733904E+02   1.5716948E+02   1.5592598E+02   1.5466803E+02
  1.5523520E+02   1.5496277E+02   1.5511847E+02   1.5570970E+02   1.5571497E+02   1.5633777E+02   1.5734378E+02   1.5866444E+02   1.5868781E+02   1.5868172E+02
  1.5867271E+02   1.5822433E+02   1.5827766E+02   1.5801436E+02   1.5798643E+02   1.5798595E+02   1.5802977E+02   1.5698366E+02   1.5699283E+02   1.5791266E+02
  1.5793947E+02   1.5932875E+02   1.5936107E+02   1.6008894E+02   1.6007968E+02   1.5971562E+02   1.5969229E+02   1.5792928E+02   1.5790425E+02   1.5785475E+02
  1.5776616E+02   1.5781715E+02   1.5779175E+02   1.5821968E+02   1.5829398E+02   1.6033583E+02   1.6036249E+02   1.6034776E+02   1.6039149E+02   1.5997256E+02
  1.5983096E+02   1.6019664E+02   1.6023029E+02   1.6041380E+02   1.6051607E+02   1.5996733E+02   1.5997649E+02   1.5864217E+02   1.5855254E+02   1.5893892E+02
  1.5893286E+02   1.5937300E+02   1.5940938E+02   1.5947652E+02   1.5943895E+02   1.5943997E+02   1.5935007E+02   1.5919521E+02   1.5911940E+02   1.5885300E+02
  1.5888127E+02   1.5932565E+02   1.5926213E+02   1.6087096E+02   1.6087376E+02   1.6166068E+02   1.6164584E+02   1.6141467E+02   1.6147308E+02   1.6251198E+02
  1.6248781E+02   1.6368625E+02   1.6362015E+02   1.6331430E+02   1.6326576E+02   1.6184081E+02   1.6179837E+02   1.6107773E+02   1.6116228E+02   1.6032022E+02
  1.6033116E+02   1.6037308E+02   1.6040327E+02   1.6101860E+02   1.6098361E+02   1.6294852E+02   1.6291240E+02   1.6306422E+02   1.6301331E+02   1.6324564E+02
  1.6323206E+02   1.6377138E+02   1.6375444E+02   1.6390321E+02   1.6392871E+02   1.6292120E+02   1.6103337E+02   1.6000159E+02   1.5999229E+02   1.6034988E+02
  1.6133775E+02   1.6223703E+02   1.6216339E+02   1.6027911E+02   1.5913850E+02   1.5996480E+02   1.6002078E+02   1.6095760E+02   1.6100085E+02   1.6182533E+02
  1.6189288E+02   1.6233151E+02   1.6229831E+02   1.6109073E+02   1.6112390E+02   1.6066315E+02   1.6064853E+02   1.6049692E+02   1.6051651E+02   1.6079034E+02
  1.6083672E+02   1.6097047E+02   1.6097047E+02   1.6095619E+02   1.6102655E+02   1.6073653E+02   1.6074171E+02   1.6093643E+02   1.6092270E+02   1.6060107E+02
  1.6062805E+02   1.6128404E+02   1.6136563E+02   1.6162791E+02   1.6169467E+02   1.6218939E+02   1.6221764E+02   1.6222800E+02   1.6221126E+02   1.6313995E+02
  1.6318471E+02   1.6272810E+02   1.6270370E+02   1.6135860E+02   1.6132372E+02   1.6107820E+02   1.6106143E+02   1.6106079E+02   1.6100032E+02   1.6035298E+02
  1.6034460E+02   1.6128043E+02   1.6134120E+02   1.6100475E+02   1.6100162E+02   1.6112616E+02   1.6113611E+02   1.6104002E+02   1.6105182E+02   1.6011732E+02
  1.6018637E+02   1.6069101E+02   1.6071364E+02   1.6253348E+02   1.6259274E+02   1.6283786E+02   1.6291226E+02   1.6368130E+02   1.6375581E+02   1.6260068E+02
  1.6260274E+02   1.6270782E+02   1.6272229E+02   1.6428394E+02   1.6430191E+02   1.6354153E+02   1.6350879E+02   1.6289665E+02   1.6285231E+02   1.6318587E+02
  1.6311479E+02   1.6400790E+02   1.6394650E+02   1.6384491E+02   1.6379201E+02   1.6403456E+02   1.6404619E+02   1.6287512E+02   1.6288994E+02   1.6286383E+02
  1.6289342E+02   1.6271455E+02   1.6269150E+02   1.6191016E+02   1.6209650E+02   1.6353717E+02   1.6444766E+02   1.6462926E+02   1.6580850E+02   1.6691693E+02
  1.6614235E+02   1.6531548E+02   1.6377634E+02   1.6216179E+02   1.6232161E+02   1.6236064E+02   1.6255978E+02   1.6252716E+02   1.6242239E+02   1.6235716E+02
  1.6125166E+02   1.6127946E+02   1.6042859E+02   1.6043179E+02   1.6079314E+02   1.6082956E+02   1.6066827E+02   1.6067496E+02   1.6078188E+02   1.6084531E+02
  1.6160608E+02   1.6160765E+02   1.6200145E+02   1.6198433E+02   1.6267831E+02   1.6267171E+02   1.6342461E+02   1.6339314E+02   1.6548105E+02   1.6548486E+02
  1.6474113E+02   1.6466487E+02   1.6502182E+02   1.6500551E+02   1.6394475E+02   1.6396388E+02   1.6455983E+02   1.6458772E+02   1.6560298E+02   1.6558630E+02
  1.6717151E+02   1.6726154E+02   1.6820410E+02   1.6822058E+02   1.6983403E+02   1.6986349E+02   1.7162617E+02   1.7163470E+02   1.7196359E+02   1.7196962E+02
  1.7146982E+02   1.7149019E+02   1.7005098E+02   1.6998097E+02   1.6840712E+02   1.6836827E+02   1.6837910E+02   1.6837488E+02   1.6870297E+02   1.6869270E+02
  1.6773566E+02   1.6775287E+02   1.6864421E+02   1.7118404E+02   1.7204208E+02   1.6962357E+02   1.6964668E+02   1.6742738E+02   1.6742192E+02   1.6752493E+02
  1.6752335E+02   1.6774312E+02   1.6777211E+02   1.6704401E+02   1.6706892E+02   1.6810185E+02   1.6811722E+02   1.6861316E+02   1.6861316E+02   1.6839429E+02
  1.6839151E+02   1.6801137E+02   1.6802290E+02   1.6860526E+02   1.6865845E+02   1.6890025E+02   1.6889175E+02   1.6927339E+02   1.6733299E+02   1.6650464E+02
  1.6704437E+02   1.6705582E+02   1.6727544E+02   1.6730389E+02   1.6585217E+02   1.6584831E+02   1.6599533E+02   1.6602039E+02   1.6714012E+02   1.6707761E+02
  1.6675041E+02   1.6674434E+02   1.6807159E+02   1.6807675E+02   1.6801706E+02   1.6802777E+02   1.6655167E+02   1.6655270E+02   1.6537778E+02   1.6534207E+02
  1.6529962E+02   1.6529802E+02   1.6590494E+02   1.6653061E+02   1.6725925E+02   1.6751410E+02   1.6746843E+02   1.6637852E+02   1.6631564E+02   1.6636513E+02
  1.6638826E+02   1.6623837E+02   1.6621626E+02   1.6696056E+02   1.6700127E+02   1.6819095E+02   1.6818613E+02   1.6777455E+02   1.6778955E+02   1.6727980E+02
  1.6726750E+02   1.6655084E+02   1.6655348E+02   1.6606390E+02   1.6605109E+02   1.6717050E+02   1.6841583E+02   1.6742302E+02   1.6667371E+02   1.6664194E+02
  1.6665083E+02   1.6664299E+02   1.6666464E+02   1.6660471E+02   1.6622958E+02   1.6623631E+02   1.6608121E+02   1.6604767E+02   1.6677425E+02   1.6678366E+02
  1.6621449E+02   1.6621504E+02   1.6434048E+02   1.6431918E+02   1.6647849E+02   1.6651010E+02   1.6988416E+02   1.6994193E+02   1.7007941E+02   1.7001416E+02
  1.6843661E+02   1.6918417E+02   1.6997241E+02   1.7059674E+02   1.7061382E+02   1.7022578E+02   1.7025237E+02   1.7040472E+02   1.7035626E+02   1.6948407E+02
  1.6951814E+02   1.6965332E+02   1.6966110E+02   1.6922195E+02   1.6921410E+02   1.6748868E+02   1.6740956E+02   1.6572005E+02   1.6577533E+02   1.6659912E+02
  1.6668788E+02   1.7059665E+02   1.7065620E+02   1.7321555E+02   1.7322284E+02   1.7172200E+02   1.6914464E+02   1.6843654E+02   1.6878131E+02   1.6881552E+02
  1.6701021E+02   1.6695557E+02   1.6602536E+02   1.6607521E+02   1.6651598E+02   1.6648799E+02   1.6681483E+02   1.6675363E+02   1.6635768E+02   1.6633911E+02
  1.6652698E+02   1.6651630E+02   1.6601303E+02   1.6600998E+02   1.6496521E+02   1.6493398E+02   1.6350801E+02   1.6351485E+02   1.6284554E+02   1.6212155E+02
  1.6211824E+02   1.6320786E+02   1.6327129E+02   1.6300740E+02   1.6304254E+02   1.6247386E+02   1.6243126E+02   1.6428229E+02   1.6429446E+02   1.6504068E+02
  1.6504066E+02   1.6540610E+02   1.6541222E+02   1.6497241E+02   1.6497495E+02   1.6370630E+02   1.6370842E+02   1.6398413E+02   1.6403387E+02   1.6494324E+02
  1.6496413E+02   1.6492477E+02   1.6491179E+02   1.6358504E+02   1.6156619E+02   1.6091107E+02   1.6220619E+02   1.6226149E+02   1.6322531E+02   1.6323457E+02
  1.6346088E+02   1.6345312E+02   1.6278200E+02   1.6276376E+02   1.6147348E+02   1.6150293E+02   1.6140875E+02   1.6146902E+02   1.6166238E+02   1.6172533E+02
  1.6175162E+02   1.6166652E+02   1.6102657E+02   1.6101895E+02   1.6062257E+02   1.6060953E+02   1.6010542E+02   1.6006920E+02   1.5974980E+02   1.6119960E+02
  1.6222652E+02   1.6028551E+02   1.6028030E+02   1.5939268E+02   1.5939308E+02   1.6038687E+02   1.6039545E+02   1.5934714E+02   1.5933163E+02   1.5815741E+02
  1.5818016E+02   1.5826723E+02   1.5824422E+02   1.5845656E+02   1.5849899E+02   1.5827458E+02   1.5824841E+02   1.5897565E+02   1.5899565E+02   1.5933766E+02
  1.5938493E+02   1.5937592E+02   1.5837096E+02   1.5890930E+02   1.6026697E+02   1.6022276E+02   1.6145013E+02   1.6142828E+02   1.6241830E+02   1.6239909E+02
  1.6100447E+02   1.6093509E+02   1.5917564E+02   1.5918077E+02   1.5890021E+02   1.5892319E+02   1.5873561E+02   1.5869328E+02   1.5868898E+02   1.5869983E+02
  1.5862570E+02   1.5858954E+02   1.5659254E+02   1.5660519E+02   1.5661104E+02   1.5666656E+02   1.5713110E+02   1.5713850E+02   1.5739891E+02   1.5723505E+02
  1.5721782E+02   1.5813753E+02   1.5823428E+02   1.5814241E+02   1.5811720E+02   1.5787189E+02   1.5785109E+02   1.5795689E+02   1.5790012E+02   1.5671742E+02
  1.5672409E+02   1.5612103E+02   1.5615652E+02   1.5621619E+02   1.5626503E+02   1.5665610E+02   1.5668535E+02   1.5659044E+02   1.5655481E+02   1.5467256E+02
  1.5465710E+02   1.5431972E+02   1.5506467E+02   1.5723630E+02   1.5842841E+02   1.5847177E+02   1.5849149E+02   1.5843114E+02   1.5648849E+02   1.5647554E+02
  1.5578748E+02   1.5579860E+02   1.5749783E+02   1.5752797E+02   1.5730061E+02   1.5728160E+02   1.5668089E+02   1.5674666E+02   1.5836746E+02   1.5836342E+02
  1.5857019E+02   1.5851755E+02   1.5810620E+02   1.5810872E+02   1.5801205E+02   1.5802644E+02   1.5694751E+02   1.5775543E+02   1.5776784E+02   1.5774030E+02
  1.5769292E+02   1.5666292E+02   1.5664813E+02   1.5715359E+02   1.5717343E+02   1.5703069E+02   1.5702040E+02   1.5703491E+02   1.5699626E+02   1.5740952E+02
  1.5744751E+02   1.5722523E+02   1.5724130E+02   1.5793974E+02   1.5800449E+02   1.5783897E+02   1.5782709E+02   1.5614433E+02   1.5616086E+02   1.5669003E+02
  1.5741638E+02   1.5864839E+02   1.5792220E+02   1.5795540E+02   1.5653011E+02   1.5644246E+02   1.5442398E+02   1.5440298E+02   1.5429996E+02   1.5432402E+02
  1.5512984E+02   1.5514780E+02   1.5619077E+02   1.5620726E+02   1.5738130E+02   1.5741525E+02   1.5651828E+02   1.5647141E+02   1.5486557E+02   1.5490973E+02
  1.5447516E+02   1.5447748E+02   1.5292888E+02   1.5289850E+02   1.5150169E+02   1.5069075E+02   1.5142632E+02   1.5312093E+02   1.5309979E+02   1.5309126E+02
  1.5308913E+02   1.5187714E+02   1.5188770E+02   1.5120573E+02   1.5115196E+02   1.5023642E+02   1.5021121E+02   1.5018951E+02   1.5021448E+02   1.5056400E+02
  1.5057707E+02   1.5076106E+02   1.5074754E+02   1.5115927E+02   1.5120273E+02   1.5121481E+02   1.5122688E+02   1.5199553E+02   1.5257918E+02   1.5371423E+02
  1.5485225E+02   1.5484128E+02   1.5366791E+02   1.5362250E+02   1.5208762E+02   1.5204430E+02   1.5147612E+02   1.5153874E+02   1.5299518E+02   1.5302812E+02
  1.5206905E+02   1.5201392E+02   1.5105043E+02   1.5108147E+02   1.5232906E+02   1.5233624E+02   1.5218074E+02   1.5218260E+02   1.5064368E+02   1.5061757E+02
  1.5059779E+02   1.5065428E+02   1.5227844E+02   1.5382957E+02   1.5382457E+02   1.5344440E+02   1.5345287E+02   1.5236328E+02   1.5236636E+02   1.5233301E+02
  1.5236272E+02   1.5167827E+02   1.5166422E+02   1.5121181E+02   1.5122867E+02   1.5110950E+02   1.5111464E+02   1.5017511E+02   1.5016383E+02   1.5052089E+02
  1.5056569E+02   1.5020338E+02   1.5020187E+02   1.5039626E+02   1.5039484E+02   1.5065733E+02   1.5061987E+02   1.4863388E+02   1.4886682E+02   1.5009715E+02
  1.4823555E+02   1.4812384E+02   1.4865987E+02   1.4866469E+02   1.5237190E+02   1.5243025E+02   1.5140363E+02   1.5135095E+02   1.5026634E+02   1.5029703E+02
  1.5106921E+02   1.5104803E+02   1.5243045E+02   1.5250446E+02   1.5236971E+02   1.5241403E+02   1.5326767E+02   1.5329820E+02   1.5139026E+02   1.5134596E+02
  1.5033408E+02   1.5198834E+02   1.5024266E+02   1.4914850E+02   1.4917657E+02   1.5095631E+02   1.5099471E+02   1.5153317E+02   1.5152010E+02   1.5135095E+02
  1.5134329E+02   1.4955284E+02   1.4947925E+02   1.4902834E+02   1.4899718E+02   1.4937967E+02   1.4939458E+02   1.4869670E+02   1.4872144E+02   1.4934930E+02
  1.4935757E+02   1.4905542E+02   1.4904298E+02   1.4765652E+02   1.4760448E+02   1.4614597E+02   1.4518863E+02
 -9.9999990E+06  -9.9999990E+06  -9.9999990E+06  -9.9999990E+06  -9.9999990E+06  -9.9999990E+06  -9.9999990E+06  -9.9999990E+06  -9.9999990E+06  -9.9999990E+06
 -9.9999990E+06  -9.9999990E+06  -9.9999990E+06  -9.9999990E+06  -9.9999990E+06  -9.9999990E+06  -9.9999990E+06  -9.9999990E+06  -9.9999990E+06  -9.9999990E+06
 -9.9999990E+06  -9.9999990E+06  -9.9999990E+06  -9.9999990E+06  -9.9999990E+06  -9.9999990E+06  -9.9999990E+06  -9.9999990E+06  -9.9999990E+06  -9.9999990E+06
 -9.9999990E+06  -9.9999990E+06  -9.9999990E+06  -9.9999990E+06  -9.9999990E+06  -9.9999990E+06  -9.9999990E+06  -9.9999990E+06  -9.9999990E+06  -9.9999990E+06
 -9.9999990E+06  -9.9999990E+06  -9.9999990E+06  -9.9999990E+06  -9.9999990E+06  -9.9999990E+06  -9.9999990E+06  -9.9999990E+06  -9.9999990E+06  -9.9999990E+06
 -9.9999990E+06  -9.9999990E+06  -9.9999990E+06  -9.9999990E+06  -9.9999990E+06  -9.9999990E+06  -9.9999990E+06  -9.9999990E+06  -9.9999990E+06  -9.9999990E+06
 -9.9999990E+06  -9.9999990E+06  -9.9999990E+06  -9.9999990E+06  -9.9999990E+06  -9.9999990E+06  -9.9999990E+06  -9.9999990E+06  -9.9999990E+06  -9.9999990E+06
 -9.9999990E+06  -9.9999990E+06  -9.9999990E+06  -9.9999990E+06  -9.9999990E+06  -9.9999990E+06  -9.9999990E+06  -9.9999990E+06  -9.9999990E+06  -9.9999990E+06
 -9.9999990E+06  -9.9999990E+06  -9.9999990E+06  -9.9999990E+06  -9.9999990E+06  -9.9999990E+06  -9.9999990E+06  -9.9999990E+06  -9.9999990E+06  -9.9999990E+06
 -9.9999990E+06  -9.9999990E+06  -9.9999990E+06  -9.9999990E+06  -9.9999990E+06  -9.9999990E+06  -9.9999990E+06  -9.9999990E+06  -9.9999990E+06  -9.9999990E+06
 -9.9999990E+06  -9.9999990E+06  -9.9999990E+06  -9.9999990E+06  -9.9999990E+06  -9.9999990E+06  -9.9999990E+06  -9.9999990E+06  -9.9999990E+06  -9.9999990E+06
 -9.9999990E+06  -9.9999990E+06  -9.9999990E+06  -9.9999990E+06  -9.9999990E+06  -9.9999990E+06  -9.9999990E+06  -9.9999990E+06  -9.9999990E+06  -9.9999990E+06
 -9.9999990E+06  -9.9999990E+06  -9.9999990E+06  -9.9999990E+06  -9.9999990E+06  -9.9999990E+06  -9.9999990E+06  -9.9999990E+06  -9.9999990E+06  -9.9999990E+06
 -9.9999990E+06  -9.9999990E+06  -9.9999990E+06  -9.9999990E+06  -9.9999990E+06  -9.9999990E+06  -9.9999990E+06  -9.9999990E+06  -9.9999990E+06  -9.9999990E+06
 -9.9999990E+06  -9.9999990E+06  -9.9999990E+06  -9.9999990E+06  -9.9999990E+06  -9.9999990E+06  -9.9999990E+06  -9.9999990E+06  -9.9999990E+06  -9.9999990E+06
 -9.9999990E+06  -9.9999990E+06  -9.9999990E+06  -9.9999990E+06  -9.9999990E+06  -9.9999990E+06  -9.9999990E+06  -9.9999990E+06  -9.9999990E+06  -9.9999990E+06
 -9.9999990E+06  -9.9999990E+06  -9.9999990E+06  -9.9999990E+06  -9.9999990E+06  -9.9999990E+06  -9.9999990E+06  -9.9999990E+06  -9.9999990E+06  -9.9999990E+06
 -9.9999990E+06  -9.9999990E+06  -9.9999990E+06  -9.9999990E+06  -9.9999990E+06  -9.9999990E+06  -9.9999990E+06  -9.9999990E+06  -9.9999990E+06  -9.9999990E+06
 -9.9999990E+06  -9.9999990E+06  -9.9999990E+06  -9.9999990E+06  -9.9999990E+06  -9.9999990E+06  -9.9999990E+06  -9.9999990E+06  -9.9999990E+06  -9.9999990E+06
 -9.9999990E+06  -9.9999990E+06  -9.9999990E+06  -9.9999990E+06  -9.9999990E+06  -9.9999990E+06  -9.9999990E+06  -9.9999990E+06  -9.9999990E+06  -9.9999990E+06
 -9.9999990E+06  -9.9999990E+06  -9.9999990E+06  -9.9999990E+06  -9.9999990E+06  -9.9999990E+06  -9.9999990E+06  -9.9999990E+06  -9.9999990E+06  -9.9999990E+06
 -9.9999990E+06  -9.9999990E+06  -9.9999990E+06  -9.9999990E+06  -9.9999990E+06  -9.9999990E+06  -9.9999990E+06  -9.9999990E+06  -9.9999990E+06  -9.9999990E+06
 -9.9999990E+06  -9.9999990E+06  -9.9999990E+06  -9.9999990E+06  -9.9999990E+06  -9.9999990E+06  -9.9999990E+06  -9.9999990E+06  -9.9999990E+06  -9.9999990E+06
 -9.9999990E+06  -9.9999990E+06  -9.9999990E+06  -9.9999990E+06  -9.9999990E+06  -9.9999990E+06  -9.9999990E+06  -9.9999990E+06  -9.9999990E+06  -9.9999990E+06
 -9.9999990E+06  -9.9999990E+06  -9.9999990E+06  -9.9999990E+06  -9.9999990E+06  -9.9999990E+06  -9.9999990E+06  -9.9999990E+06  -9.9999990E+06  -9.9999990E+06
 -9.9999990E+06  -9.9999990E+06  -9.9999990E+06  -9.9999990E+06  -9.9999990E+06  -9.9999990E+06  -9.9999990E+06  -9.9999990E+06  -9.9999990E+06  -9.9999990E+06
 -9.9999990E+06  -9.9999990E+06  -9.9999990E+06  -9.9999990E+06  -9.9999990E+06  -9.9999990E+06  -9.9999990E+06  -9.9999990E+06  -9.9999990E+06  -9.9999990E+06
 -9.9999990E+06  -9.9999990E+06  -9.9999990E+06  -9.9999990E+06  -9.9999990E+06  -9.9999990E+06  -9.9999990E+06  -9.9999990E+06  -9.9999990E+06  -9.9999990E+06
 -9.9999990E+06  -9.9999990E+06  -9.9999990E+06  -9.9999990E+06  -9.9999990E+06  -9.9999990E+06  -9.9999990E+06  -9.9999990E+06  -9.9999990E+06  -9.9999990E+06
 -9.9999990E+06  -9.9999990E+06  -9.9999990E+06  -9.9999990E+06  -9.9999990E+06  -9.9999990E+06  -9.9999990E+06  -9.9999990E+06  -9.9999990E+06  -9.9999990E+06
 -9.9999990E+06  -9.9999990E+06  -9.9999990E+06  -9.9999990E+06  -9.9999990E+06  -9.9999990E+06  -9.9999990E+06  -9.9999990E+06  -9.9999990E+06  -9.9999990E+06
 -9.9999990E+06  -9.9999990E+06  -9.9999990E+06  -9.9999990E+06  -9.9999990E+06  -9.9999990E+06  -9.9999990E+06  -9.9999990E+06  -9.9999990E+06  -9.9999990E+06
 -9.9999990E+06  -9.9999990E+06  -9.9999990E+06  -9.9999990E+06  -9.9999990E+06  -9.9999990E+06  -9.9999990E+06  -9.9999990E+06  -9.9999990E+06  -9.9999990E+06
 -9.9999990E+06  -9.9999990E+06  -9.9999990E+06  -9.9999990E+06  -9.9999990E+06  -9.9999990E+06  -9.9999990E+06  -9.9999990E+06  -9.9999990E+06  -9.9999990E+06
 -9.9999990E+06  -9.9999990E+06  -9.9999990E+06  -9.9999990E+06  -9.9999990E+06  -9.9999990E+06  -9.9999990E+06  -9.9999990E+06  -9.9999990E+06  -9.9999990E+06
 -9.9999990E+06  -9.9999990E+06  -9.9999990E+06  -9.9999990E+06  -9.9999990E+06  -9.9999990E+06  -9.9999990E+06  -9.9999990E+06  -9.9999990E+06  -9.9999990E+06
 -9.9999990E+06  -9.9999990E+06  -9.9999990E+06  -9.9999990E+06  -9.9999990E+06  -9.9999990E+06  -9.9999990E+06  -9.9999990E+06  -9.9999990E+06  -9.9999990E+06
 -9.9999990E+06  -9.9999990E+06  -9.9999990E+06  -9.9999990E+06  -9.9999990E+06  -9.9999990E+06  -9.9999990E+06  -9.9999990E+06  -9.9999990E+06  -9.9999990E+06
 -9.9999990E+06  -9.9999990E+06  -9.9999990E+06  -9.9999990E+06  -9.9999990E+06  -9.9999990E+06  -9.9999990E+06  -9.9999990E+06  -9.9999990E+06  -9.9999990E+06
 -9.9999990E+06  -9.9999990E+06  -9.9999990E+06  -9.9999990E+06  -9.9999990E+06  -9.9999990E+06  -9.9999990E+06  -9.9999990E+06  -9.9999990E+06  -9.9999990E+06
 -9.9999990E+06  -9.9999990E+06  -9.9999990E+06  -9.9999990E+06  -9.9999990E+06  -9.9999990E+06  -9.9999990E+06  -9.9999990E+06  -9.9999990E+06  -9.9999990E+06
 -9.9999990E+06  -9.9999990E+06  -9.9999990E+06  -9.9999990E+06  -9.9999990E+06  -9.9999990E+06  -9.9999990E+06  -9.9999990E+06  -9.9999990E+06  -9.9999990E+06
 -9.9999990E+06  -9.9999990E+06  -9.9999990E+06  -9.9999990E+06  -9.9999990E+06  -9.9999990E+06  -9.9999990E+06  -9.9999990E+06  -9.9999990E+06  -9.9999990E+06
 -9.9999990E+06  -9.9999990E+06  -9.9999990E+06  -9.9999990E+06  -9.9999990E+06  -9.9999990E+06  -9.9999990E+06  -9.9999990E+06  -9.9999990E+06  -9.9999990E+06
 -9.9999990E+06  -9.9999990E+06  -9.9999990E+06  -9.9999990E+06  -9.9999990E+06  -9.9999990E+06  -9.9999990E+06  -9.9999990E+06  -9.9999990E+06  -9.9999990E+06
 -9.9999990E+06  -9.9999990E+06  -9.9999990E+06  -9.9999990E+06  -9.9999990E+06  -9.9999990E+06  -9.9999990E+06  -9.9999990E+06  -9.9999990E+06  -9.9999990E+06
 -9.9999990E+06  -9.9999990E+06  -9.9999990E+06  -9.9999990E+06  -9.9999990E+06  -9.9999990E+06  -9.9999990E+06  -9.9999990E+06  -9.9999990E+06  -9.9999990E+06
 -9.9999990E+06  -9.9999990E+06  -9.9999990E+06  -9.9999990E+06  -9.9999990E+06  -9.9999990E+06  -9.9999990E+06  -9.9999990E+06  -9.9999990E+06  -9.9999990E+06
 -9.9999990E+06  -9.9999990E+06  -9.9999990E+06  -9.9999990E+06  -9.9999990E+06  -9.9999990E+06  -9.9999990E+06  -9.9999990E+06  -9.9999990E+06  -9.9999990E+06
 -9.9999990E+06  -9.9999990E+06  -9.9999990E+06  -9.9999990E+06  -9.9999990E+06  -9.9999990E+06  -9.9999990E+06  -9.9999990E+06  -9.9999990E+06  -9.9999990E+06
 -9.9999990E+06  -9.9999990E+06  -9.9999990E+06  -9.9999990E+06  -9.9999990E+06  -9.9999990E+06  -9.9999990E+06  -9.9999990E+06  -9.9999990E+06  -9.9999990E+06
 -9.9999990E+06  -9.9999990E+06  -9.9999990E+06  -9.9999990E+06  -9.9999990E+06  -9.9999990E+06  -9.9999990E+06  -9.9999990E+06  -9.9999990E+06  -9.9999990E+06
 -9.9999990E+06  -9.9999990E+06  -9.9999990E+06  -9.9999990E+06  -9.9999990E+06  -9.9999990E+06  -9.9999990E+06  -9.9999990E+06  -9.9999990E+06  -9.9999990E+06
 -9.9999990E+06  -9.9999990E+06  -9.9999990E+06  -9.9999990E+06  -9.9999990E+06  -9.9999990E+06  -9.9999990E+06  -9.9999990E+06  -9.9999990E+06  -9.9999990E+06
 -9.9999990E+06  -9.9999990E+06  -9.9999990E+06  -9.9999990E+06  -9.9999990E+06  -9.9999990E+06  -9.9999990E+06  -9.9999990E+06  -9.9999990E+06  -9.9999990E+06
 -9.9999990E+06  -9.9999990E+06  -9.9999990E+06  -9.9999990E+06  -9.9999990E+06  -9.9999990E+06  -9.9999990E+06  -9.9999990E+06  -9.9999990E+06  -9.9999990E+06
 -9.9999990E+06  -9.9999990E+06  -9.9999990E+06  -9.9999990E+06  -9.9999990E+06  -9.9999990E+06  -9.9999990E+06  -9.9999990E+06  -9.9999990E+06  -9.9999990E+06
 -9.9999990E+06  -9.9999990E+06  -9.9999990E+06  -9.9999990E+06  -9.9999990E+06  -9.9999990E+06  -9.9999990E+06  -9.9999990E+06  -9.9999990E+06  -9.9999990E+06
 -9.9999990E+06  -9.9999990E+06  -9.9999990E+06  -9.9999990E+06  -9.9999990E+06  -9.9999990E+06  -9.9999990E+06  -9.9999990E+06  -9.9999990E+06  -9.9999990E+06
 -9.9999990E+06  -9.9999990E+06  -9.9999990E+06  -9.9999990E+06  -9.9999990E+06  -9.9999990E+06  -9.9999990E+06  -9.9999990E+06  -9.9999990E+06  -9.9999990E+06
 -9.9999990E+06  -9.9999990E+06  -9.9999990E+06  -9.9999990E+06  -9.9999990E+06  -9.9999990E+06  -9.9999990E+06  -9.9999990E+06  -9.9999990E+06  -9.9999990E+06
 -9.9999990E+06  -9.9999990E+06  -9.9999990E+06  -9.9999990E+06  -9.9999990E+06  -9.9999990E+06  -9.9999990E+06  -9.9999990E+06  -9.9999990E+06  -9.9999990E+06
 -9.9999990E+06  -9.9999990E+06  -9.9999990E+06  -9.9999990E+06  -9.9999990E+06  -9.9999990E+06  -9.9999990E+06  -9.9999990E+06  -9.9999990E+06  -9.9999990E+06
 -9.9999990E+06  -9.9999990E+06  -9.9999990E+06  -9.9999990E+06  -9.9999990E+06  -9.9999990E+06  -9.9999990E+06  -9.9999990E+06  -9.9999990E+06  -9.9999990E+06
 -9.9999990E+06  -9.9999990E+06  -9.9999990E+06  -9.9999990E+06  -9.9999990E+06  -9.9999990E+06  -9.9999990E+06  -9.9999990E+06  -9.9999990E+06  -9.9999990E+06
 -9.9999990E+06  -9.9999990E+06  -9.9999990E+06  -9.9999990E+06  -9.9999990E+06  -9.9999990E+06  -9.9999990E+06  -9.9999990E+06  -9.9999990E+06  -9.9999990E+06
 -9.9999990E+06  -9.9999990E+06  -9.9999990E+06  -9.9999990E+06  -9.9999990E+06  -9.9999990E+06  -9.9999990E+06  -9.9999990E+06  -9.9999990E+06  -9.9999990E+06
 -9.9999990E+06  -9.9999990E+06  -9.9999990E+06  -9.9999990E+06  -9.9999990E+06  -9.9999990E+06  -9.9999990E+06  -9.9999990E+06  -9.9999990E+06  -9.9999990E+06
 -9.9999990E+06  -9.9999990E+06  -9.9999990E+06  -9.9999990E+06  -9.9999990E+06  -9.9999990E+06  -9.9999990E+06  -9.9999990E+06  -9.9999990E+06  -9.9999990E+06
 -9.9999990E+06  -9.9999990E+06  -9.9999990E+06  -9.9999990E+06  -9.9999990E+06  -9.9999990E+06  -9.9999990E+06  -9.9999990E+06  -9.9999990E+06  -9.9999990E+06
 -9.9999990E+06  -9.9999990E+06  -9.9999990E+06  -9.9999990E+06  -9.9999990E+06  -9.9999990E+06  -9.9999990E+06  -9.9999990E+06  -9.9999990E+06  -9.9999990E+06
 -9.9999990E+06  -9.9999990E+06  -9.9999990E+06  -9.9999990E+06  -9.9999990E+06  -9.9999990E+06  -9.9999990E+06  -9.9999990E+06  -9.9999990E+06  -9.9999990E+06
 -9.9999990E+06  -9.9999990E+06  -9.9999990E+06  -9.9999990E+06  -9.9999990E+06  -9.9999990E+06  -9.9999990E+06  -9.9999990E+06  -9.9999990E+06  -9.9999990E+06
 -9.9999990E+06  -9.9999990E+06  -9.9999990E+06  -9.9999990E+06  -9.9999990E+06  -9.9999990E+06  -9.9999990E+06  -9.9999990E+06  -9.9999990E+06  -9.9999990E+06
 -9.9999990E+06  -9.9999990E+06  -9.9999990E+06  -9.9999990E+06  -9.9999990E+06  -9.9999990E+06  -9.9999990E+06  -9.9999990E+06  -9.9999990E+06  -9.9999990E+06
 -9.9999990E+06  -9.9999990E+06  -9.9999990E+06  -9.9999990E+06  -9.9999990E+06  -9.9999990E+06  -9.9999990E+06  -9.9999990E+06  -9.9999990E+06  -9.9999990E+06
 -9.9999990E+06  -9.9999990E+06  -9.9999990E+06  -9.9999990E+06  -9.9999990E+06  -9.9999990E+06  -9.9999990E+06  -9.9999990E+06  -9.9999990E+06  -9.9999990E+06
 -9.9999990E+06  -9.9999990E+06  -9.9999990E+06  -9.9999990E+06  -9.9999990E+06  -9.9999990E+06  -9.9999990E+06  -9.9999990E+06  -9.9999990E+06  -9.9999990E+06
 -9.9999990E+06  -9.9999990E+06  -9.9999990E+06  -9.9999990E+06  -9.9999990E+06  -9.9999990E+06  -9.9999990E+06  -9.9999990E+06  -9.9999990E+06  -9.9999990E+06
 -9.9999990E+06  -9.9999990E+06  -9.9999990E+06  -9.9999990E+06  -9.9999990E+06  -9.9999990E+06  -9.9999990E+06  -9.9999990E+06  -9.9999990E+06  -9.9999990E+06
 -9.9999990E+06  -9.9999990E+06  -9.9999990E+06  -9.9999990E+06  -9.9999990E+06  -9.9999990E+06  -9.9999990E+06  -9.9999990E+06  -9.9999990E+06  -9.9999990E+06
 -9.9999990E+06  -9.9999990E+06  -9.9999990E+06  -9.9999990E+06  -9.9999990E+06  -9.9999990E+06  -9.9999990E+06  -9.9999990E+06  -9.9999990E+06  -9.9999990E+06
 -9.9999990E+06  -9.9999990E+06  -9.9999990E+06  -9.9999990E+06  -9.9999990E+06  -9.9999990E+06  -9.9999990E+06  -9.9999990E+06  -9.9999990E+06  -9.9999990E+06
 -9.9999990E+06  -9.9999990E+06  -9.9999990E+06  -9.9999990E+06  -9.9999990E+06  -9.9999990E+06  -9.9999990E+06  -9.9999990E+06  -9.9999990E+06  -9.9999990E+06
 -9.9999990E+06  -9.9999990E+06  -9.9999990E+06  -9.9999990E+06  -9.9999990E+06  -9.9999990E+06  -9.9999990E+06  -9.9999990E+06  -9.9999990E+06  -9.9999990E+06
 -9.9999990E+06  -9.9999990E+06  -9.9999990E+06  -9.9999990E+06  -9.9999990E+06  -9.9999990E+06  -9.9999990E+06  -9.9999990E+06  -9.9999990E+06  -9.9999990E+06
 -9.9999990E+06  -9.9999990E+06  -9.9999990E+06  -9.9999990E+06  -9.9999990E+06  -9.9999990E+06  -9.9999990E+06  -9.9999990E+06  -9.9999990E+06  -9.9999990E+06
 -9.9999990E+06  -9.9999990E+06  -9.9999990E+06  -9.9999990E+06  -9.9999990E+06  -9.9999990E+06  -9.9999990E+06  -9.9999990E+06  -9.9999990E+06  -9.9999990E+06
 -9.9999990E+06  -9.9999990E+06  -9.9999990E+06  -9.9999990E+06  -9.9999990E+06  -9.9999990E+06  -9.9999990E+06  -9.9999990E+06  -9.9999990E+06  -9.9999990E+06
 -9.9999990E+06  -9.9999990E+06  -9.9999990E+06  -9.9999990E+06  -9.9999990E+06  -9.9999990E+06  -9.9999990E+06  -9.9999990E+06  -9.9999990E+06  -9.9999990E+06
 -9.9999990E+06  -9.9999990E+06  -9.9999990E+06  -9.9999990E+06  -9.9999990E+06  -9.9999990E+06  -9.9999990E+06  -9.9999990E+06  -9.9999990E+06  -9.9999990E+06
 -9.9999990E+06  -9.9999990E+06  -9.9999990E+06  -9.9999990E+06  -9.9999990E+06  -9.9999990E+06  -9.9999990E+06  -9.9999990E+06  -9.9999990E+06  -9.9999990E+06
 -9.9999990E+06  -9.9999990E+06  -9.9999990E+06  -9.9999990E+06  -9.9999990E+06  -9.9999990E+06  -9.9999990E+06
