Kosovic & Lundquist, CU LES, run at LLNL 6/2003; n=64^3, non-linear Deardorff subgrid model
          64
  3.1199999E+00   9.3800001E+00   1.5620000E+01   2.1879999E+01   2.8120001E+01   3.4380001E+01   4.0619999E+01   4.6880001E+01   5.3119999E+01   5.9380001E+01
  6.5620003E+01   7.1879997E+01   7.8120003E+01   8.4379997E+01   9.0620003E+01   9.6879997E+01   1.0312000E+02   1.0938000E+02   1.1562000E+02   1.2188000E+02
  1.2812000E+02   1.3438000E+02   1.4062000E+02   1.4688000E+02   1.5312000E+02   1.5938000E+02   1.6562000E+02   1.7188000E+02   1.7812000E+02   1.8438000E+02
  1.9062000E+02   1.9688000E+02   2.0312000E+02   2.0938000E+02   2.1562000E+02   2.2188000E+02   2.2812000E+02   2.3438000E+02   2.4062000E+02   2.4688000E+02
  2.5312000E+02   2.5938000E+02   2.6562000E+02   2.7188000E+02   2.7812000E+02   2.8438000E+02   2.9062000E+02   2.9688000E+02   3.0312000E+02   3.0938000E+02
  3.1562000E+02   3.2188000E+02   3.2812000E+02   3.3438000E+02   3.4062000E+02   3.4688000E+02   3.5312000E+02   3.5938000E+02   3.6562000E+02   3.7188000E+02
  3.7812000E+02   3.8438000E+02   3.9062000E+02   3.9062000E+02
  3.9405279E-02   1.1008471E-01   1.3358694E-01   1.4103629E-01   1.4443786E-01   1.4442919E-01   1.4127314E-01   1.3953313E-01   1.3445912E-01   1.2768753E-01
  1.2038806E-01   1.1331333E-01   1.0492323E-01   9.8307982E-02   9.0750657E-02   8.3659090E-02   7.6836027E-02   6.9405086E-02   6.0523432E-02   5.3187031E-02
  4.4438049E-02   3.5412960E-02   2.8510738E-02   2.2284076E-02   1.6897686E-02   1.2260836E-02   8.7377774E-03   6.3786129E-03   5.3462959E-03   5.1120389E-03
  5.3687044E-03   6.0208333E-03   5.6311125E-03   6.0744430E-03   7.9312045E-03   7.5146281E-03   3.9532403E-03   5.0032428E-03   4.6199071E-03   1.5227777E-03
  1.0377779E-03   8.9037046E-04   7.8953692E-04   6.8694435E-04   6.3462957E-04   6.5268535E-04   6.3324074E-04   6.3833332E-04   6.1083329E-04   5.3805549E-04
  5.1333325E-04   5.3000008E-04   5.8074063E-04   6.0342590E-04   5.9638894E-04   5.8379635E-04   6.1046309E-04   6.0638908E-04   5.8574066E-04   5.0351850E-04
  4.9546309E-04   5.7361112E-04   5.9333333E-04   0.0000000E+00
  2.6203694E-02   7.2357483E-02   8.8507064E-02   9.1569908E-02   9.0228051E-02   8.8106856E-02   8.4989913E-02   8.1604652E-02   7.6438524E-02   6.9139801E-02
  6.3486107E-02   5.9238974E-02   5.3124812E-02   4.7545750E-02   4.4000633E-02   4.1012865E-02   3.7069444E-02   3.4809444E-02   3.2204166E-02   2.9791022E-02
  2.7772501E-02   2.5206111E-02   2.3522500E-02   2.2130838E-02   2.0671571E-02   1.9042687E-02   1.7853327E-02   1.6159358E-02   1.4718886E-02   1.2800739E-02
  1.1056479E-02   8.4637953E-03   5.0496291E-03   3.7387044E-03   3.1528701E-03   2.1871293E-03   1.6029628E-03   1.5404630E-03   1.1169446E-03   7.9148152E-04
  7.0425920E-04   5.2916672E-04   4.7000006E-04   4.1231493E-04   3.9111101E-04   3.7574078E-04   3.4592600E-04   3.2685182E-04   3.3259264E-04   2.9888895E-04
  2.8435193E-04   2.9379630E-04   2.7703692E-04   2.7999992E-04   2.6518514E-04   2.5824065E-04   2.6009252E-04   2.5444437E-04   2.5268510E-04   2.7925923E-04
  2.8805554E-04   3.2287036E-04   2.8944443E-04   0.0000000E+00
  2.4080549E-03   1.6911298E-02   2.9812220E-02   3.2818977E-02   3.4252230E-02   3.4850370E-02   3.4511853E-02   3.3581112E-02   3.2300096E-02   3.0364444E-02
  2.8312782E-02   2.6332954E-02   2.4292408E-02   2.2374813E-02   2.0300280E-02   1.8325184E-02   1.6443146E-02   1.4676852E-02   1.3240648E-02   1.1752590E-02
  1.0262032E-02   8.9446297E-03   7.6940721E-03   6.6152792E-03   5.8561098E-03   5.2655544E-03   4.7543515E-03   4.3889810E-03   4.0628705E-03   3.7812961E-03
  3.5224992E-03   3.2001848E-03   3.0587958E-03   2.9070368E-03   2.4085185E-03   2.2499075E-03   2.2055556E-03   1.6179627E-03   1.3155558E-03   1.2023150E-03
  9.7212946E-04   7.9712988E-04   7.3222228E-04   6.7861122E-04   6.3027791E-04   5.8268517E-04   5.4370367E-04   5.1537022E-04   4.9324083E-04   4.7981486E-04
  4.6583338E-04   4.5083321E-04   4.3314812E-04   4.1657410E-04   4.0175929E-04   3.8277780E-04   3.6185182E-04   3.3999994E-04   3.2361108E-04   3.1583334E-04
  3.0861117E-04   3.0907412E-04   1.9703705E-04   0.0000000E+00
 -9.9999990E+06  -9.9999990E+06  -9.9999990E+06  -9.9999990E+06  -9.9999990E+06  -9.9999990E+06  -9.9999990E+06  -9.9999990E+06  -9.9999990E+06  -9.9999990E+06
 -9.9999990E+06  -9.9999990E+06  -9.9999990E+06  -9.9999990E+06  -9.9999990E+06  -9.9999990E+06  -9.9999990E+06  -9.9999990E+06  -9.9999990E+06  -9.9999990E+06
 -9.9999990E+06  -9.9999990E+06  -9.9999990E+06  -9.9999990E+06  -9.9999990E+06  -9.9999990E+06  -9.9999990E+06  -9.9999990E+06  -9.9999990E+06  -9.9999990E+06
 -9.9999990E+06  -9.9999990E+06  -9.9999990E+06  -9.9999990E+06  -9.9999990E+06  -9.9999990E+06  -9.9999990E+06  -9.9999990E+06  -9.9999990E+06  -9.9999990E+06
 -9.9999990E+06  -9.9999990E+06  -9.9999990E+06  -9.9999990E+06  -9.9999990E+06  -9.9999990E+06  -9.9999990E+06  -9.9999990E+06  -9.9999990E+06  -9.9999990E+06
 -9.9999990E+06  -9.9999990E+06  -9.9999990E+06  -9.9999990E+06  -9.9999990E+06  -9.9999990E+06  -9.9999990E+06  -9.9999990E+06  -9.9999990E+06  -9.9999990E+06
 -9.9999990E+06  -9.9999990E+06  -9.9999990E+06  -9.9999990E+06
  1.4002974E-01   1.1945831E-01   9.2939548E-02   8.2169823E-02   7.3727980E-02   6.7007147E-02   6.1445743E-02   5.6453533E-02   5.1811751E-02   4.7482401E-02
  4.3445379E-02   3.9905097E-02   3.6564723E-02   3.3454716E-02   3.0752225E-02   2.8169354E-02   2.5539264E-02   2.3142410E-02   2.0723889E-02   1.8394349E-02
  1.6271295E-02   1.4008055E-02   1.1758148E-02   9.9397236E-03   8.3228722E-03   6.6182408E-03   5.0297221E-03   3.6872227E-03   2.6446295E-03   1.8312964E-03
  1.1539814E-03   7.9490739E-04   7.0694438E-04   4.3851856E-04   1.1379630E-04   5.0453685E-04   7.3120376E-04   2.3888891E-04   6.3611173E-05   1.4666663E-04
  8.9166686E-05   4.4444441E-06   0.0000000E+00   0.0000000E+00   0.0000000E+00   0.0000000E+00   0.0000000E+00   0.0000000E+00   0.0000000E+00   0.0000000E+00
  0.0000000E+00   0.0000000E+00   0.0000000E+00   0.0000000E+00   0.0000000E+00   0.0000000E+00   0.0000000E+00   0.0000000E+00   0.0000000E+00   0.0000000E+00
  0.0000000E+00   5.9259264E-06   5.9259264E-06   0.0000000E+00
  4.9138878E-04   1.0589816E-03   1.9251854E-03   2.4638888E-03   2.8729613E-03   3.1813893E-03   3.3775929E-03   3.5358339E-03   3.6640735E-03   3.7315732E-03
  3.7699074E-03   3.7533329E-03   3.7179631E-03   3.6678712E-03   3.6325010E-03   3.5887957E-03   3.5946297E-03   3.5763886E-03   3.4968529E-03   3.3858335E-03
  3.1780566E-03   2.9471293E-03   2.8061117E-03   2.6152784E-03   2.3457408E-03   2.1853705E-03   2.1861112E-03   2.2217585E-03   2.5162962E-03   2.9356477E-03
  3.4492591E-03   3.5523146E-03   2.5838884E-03   3.1304625E-03   9.1686109E-03   6.8686116E-03   1.6099078E-03   4.8178704E-03   7.0125912E-03   1.0277776E-03
  3.7898149E-04   4.6194441E-04   4.1759250E-04   4.0444452E-04   3.8324072E-04   3.6231490E-04   3.6212962E-04   3.3092595E-04   3.2083332E-04   3.3064821E-04
  3.4240753E-04   3.3435173E-04   3.2472212E-04   3.1249991E-04   3.1888889E-04   3.1490740E-04   2.9620374E-04   2.9722229E-04   3.0185189E-04   2.7935184E-04
  2.0638884E-04   1.0990741E-04   1.1407406E-04   0.0000000E+00
