Kosovic & Lundquist, CU LES, run at LLNL 6/2003; n=64^3, non-linear Deardorff subgrid model
          64
  3.1199999E+00   9.3800001E+00   1.5620000E+01   2.1879999E+01   2.8120001E+01   3.4380001E+01   4.0619999E+01   4.6880001E+01   5.3119999E+01   5.9380001E+01
  6.5620003E+01   7.1879997E+01   7.8120003E+01   8.4379997E+01   9.0620003E+01   9.6879997E+01   1.0312000E+02   1.0938000E+02   1.1562000E+02   1.2188000E+02
  1.2812000E+02   1.3438000E+02   1.4062000E+02   1.4688000E+02   1.5312000E+02   1.5938000E+02   1.6562000E+02   1.7188000E+02   1.7812000E+02   1.8438000E+02
  1.9062000E+02   1.9688000E+02   2.0312000E+02   2.0938000E+02   2.1562000E+02   2.2188000E+02   2.2812000E+02   2.3438000E+02   2.4062000E+02   2.4688000E+02
  2.5312000E+02   2.5938000E+02   2.6562000E+02   2.7188000E+02   2.7812000E+02   2.8438000E+02   2.9062000E+02   2.9688000E+02   3.0312000E+02   3.0938000E+02
  3.1562000E+02   3.2188000E+02   3.2812000E+02   3.3438000E+02   3.4062000E+02   3.4688000E+02   3.5312000E+02   3.5938000E+02   3.6562000E+02   3.7188000E+02
  3.7812000E+02   3.8438000E+02   3.9062000E+02   3.9062000E+02
 -4.4849999E-03  -2.8942171E-02  -4.1261323E-02  -4.3045174E-02  -4.3172743E-02  -4.2251982E-02  -4.0493764E-02  -3.8761802E-02  -3.6644433E-02  -3.4620386E-02
 -3.2384239E-02  -3.0297076E-02  -2.8260281E-02  -2.5912914E-02  -2.3436602E-02  -2.1056414E-02  -1.8733582E-02  -1.6459810E-02  -1.4189904E-02  -1.2175095E-02
 -1.0228112E-02  -8.2840566E-03  -6.5872660E-03  -5.0483951E-03  -3.7550004E-03  -2.6737740E-03  -1.9056610E-03  -1.3455660E-03  -8.3537761E-04  -4.4613198E-04
 -1.8933964E-04  -6.1981133E-05   6.9811249E-06  -1.8867382E-07  -1.5084905E-04  -2.9018868E-04  -9.0566109E-06  -5.2830183E-05  -2.3471699E-04  -1.9084907E-04
 -1.8169812E-04  -1.9320754E-04  -1.8141510E-04  -1.5792449E-04  -1.3971697E-04  -1.4198113E-04  -1.4886791E-04  -1.5084908E-04  -1.5311323E-04  -1.5575474E-04
 -1.5518867E-04  -1.5679248E-04  -1.5594337E-04  -1.5650946E-04  -1.5594339E-04  -1.5971700E-04  -1.5792454E-04  -1.5518867E-04  -1.5264154E-04  -1.5471701E-04
 -1.6047177E-04  -1.6490568E-04  -1.6905670E-04   0.0000000E+00
 -5.7634436E-02  -3.6007550E-02  -1.9830562E-02  -1.6120844E-02  -1.3826134E-02  -1.2340380E-02  -1.1317167E-02  -1.0586415E-02  -1.0040755E-02  -9.4674518E-03
 -8.8585848E-03  -8.2907556E-03  -7.8235837E-03  -7.5554722E-03  -7.3677362E-03  -7.0647188E-03  -6.6378298E-03  -6.1243400E-03  -5.6562265E-03  -5.2125449E-03
 -4.7535850E-03  -4.2408491E-03  -3.6699066E-03  -3.1149061E-03  -2.5710377E-03  -2.0416044E-03  -1.4485854E-03  -8.5132092E-04  -3.5443396E-04   1.7924533E-05
  2.3971683E-04   3.3867921E-04   3.4556605E-04   2.6396225E-04   1.6179250E-04   1.3886792E-04   1.4490567E-04   9.5849049E-05   3.7924536E-05  -2.0754705E-06
 -1.0188676E-05  -1.0283017E-05  -5.0943395E-06  -2.4528304E-06  -1.5094342E-06  -6.6037728E-07  -0.0000000E+00  -0.0000000E+00  -0.0000000E+00  -1.8867924E-07
 -0.0000000E+00  -0.0000000E+00  -0.0000000E+00  -0.0000000E+00  -0.0000000E+00  -0.0000000E+00  -0.0000000E+00  -0.0000000E+00  -0.0000000E+00  -0.0000000E+00
 -0.0000000E+00  -0.0000000E+00  -0.0000000E+00  -6.2500000E-02
 -2.4737734E-03  -1.4427926E-02  -1.9779436E-02  -1.7703308E-02  -1.5798397E-02  -1.3431510E-02  -1.1103305E-02  -8.9638690E-03  -6.4861332E-03  -4.5682075E-03
 -2.9783009E-03  -1.2000941E-03   2.2075469E-04   1.5674529E-03   2.7331130E-03   3.2056603E-03   3.9539626E-03   4.3120766E-03   4.5585856E-03   4.9399049E-03
  4.9913209E-03   4.6866043E-03   4.4421703E-03   3.9928309E-03   3.6062275E-03   3.1017927E-03   2.6369810E-03   2.1539624E-03   1.7420757E-03   1.4330188E-03
  1.1554717E-03   8.1896211E-04   5.2981119E-04   3.3792449E-04   1.2688679E-04   6.0283022E-05   1.8113205E-05  -2.1698113E-05   1.0283020E-05   1.8773597E-05
  3.9339629E-05   3.9245297E-05   4.5943405E-05   4.0943392E-05   4.4811321E-05   4.1509436E-05   3.8584887E-05   3.4150933E-05   3.3396227E-05   3.5566038E-05
  3.7924521E-05   3.9056595E-05   3.6037720E-05   3.7641516E-05   3.9716968E-05   3.9622635E-05   3.7830170E-05   3.7264141E-05   4.0283012E-05   4.0471707E-05
  3.7547165E-05   4.0377370E-05   3.8207538E-05   0.0000000E+00
 -3.3930942E-02  -1.9252833E-02  -9.0885852E-03  -6.6209435E-03  -5.0149052E-03  -3.7625469E-03  -2.9298107E-03  -2.3081135E-03  -1.8152827E-03  -1.2808491E-03
 -7.5443386E-04  -3.7707546E-04  -1.1415100E-05   4.1245276E-04   8.8556617E-04   1.2981131E-03   1.5686793E-03   1.8615091E-03   2.1843398E-03   2.4250946E-03
  2.6655658E-03   2.9149055E-03   3.0847173E-03   3.1856601E-03   3.2583955E-03   3.3018868E-03   3.1830173E-03   2.8627352E-03   2.4484901E-03   1.9027360E-03
  1.3099057E-03   8.5245282E-04   5.1273586E-04   2.4292449E-04   7.2830218E-05   9.4339515E-07  -2.8867924E-05  -4.0094346E-05  -2.4905657E-05  -7.1698123E-06
 -3.7735873E-07   9.4339629E-07   3.7735845E-07   1.3207549E-06   7.5471695E-07   2.8301886E-07  -0.0000000E+00  -1.8867924E-07  -9.4339619E-08  -4.7169812E-07
 -2.8301886E-07  -0.0000000E+00  -8.4905662E-07  -1.8867924E-07  -0.0000000E+00  -0.0000000E+00  -1.8867924E-07  -0.0000000E+00  -0.0000000E+00   9.4339619E-08
  2.8301886E-07  -9.4339619E-08  -0.0000000E+00  -0.0000000E+00
 -3.9330195E-04  -2.9370757E-03  -5.6728288E-03  -6.5816035E-03  -7.0188679E-03  -7.1553774E-03  -7.1142446E-03  -7.0065097E-03  -6.8216976E-03  -6.6285846E-03
 -6.3830176E-03  -6.1058491E-03  -5.8482066E-03  -5.4600951E-03  -5.0045289E-03  -4.5766043E-03  -4.2387731E-03  -3.9419802E-03  -3.5467925E-03  -3.1897165E-03
 -2.8166985E-03  -2.4171697E-03  -2.1900004E-03  -1.8862269E-03  -1.5250940E-03  -1.2268869E-03  -9.9462236E-04  -8.0066046E-04  -6.5358478E-04  -5.7641498E-04
 -4.6764142E-04  -3.9650951E-04  -2.6396225E-04  -2.4924526E-04  -1.7443398E-04  -1.2764154E-04   9.4056610E-05  -1.4575472E-04  -5.5660388E-05  -2.8773586E-05
  2.9716983E-05  -7.0754745E-06  -1.3867924E-05  -1.1132077E-05  -7.4528311E-06  -1.3207543E-06  -1.8867924E-07  -2.1698099E-06  -1.9811318E-06  -3.9622651E-06
 -4.4339604E-06  -3.3962267E-06   7.5471769E-07   1.1320757E-06   2.5471697E-06   2.8301888E-06   2.3584903E-06   4.5283014E-06   5.2830205E-06   7.8301891E-06
  8.5849060E-06   5.9433992E-06  -4.7169801E-06   0.0000000E+00
 -1.4402924E-02  -1.1586413E-02  -8.5792439E-03  -7.0189610E-03  -6.1313193E-03  -5.5451863E-03  -5.0695287E-03  -4.8123575E-03  -4.6385848E-03  -4.4468855E-03
 -4.2410372E-03  -4.0707551E-03  -4.0243398E-03  -3.9645289E-03  -3.9868867E-03  -3.9790580E-03  -3.9194343E-03  -3.7537736E-03  -3.5841509E-03  -3.5444330E-03
 -3.4618862E-03  -3.3762262E-03  -3.3721684E-03  -3.2492455E-03  -3.0276410E-03  -2.9543389E-03  -2.8342467E-03  -2.5401886E-03  -2.2541506E-03  -1.9471701E-03
 -1.5431133E-03  -1.2277359E-03  -8.5056596E-04  -4.6886792E-04  -3.1547167E-04  -2.2764146E-04  -1.9207540E-04  -1.9377361E-04  -1.1594343E-04  -3.9433962E-05
 -4.0943432E-05  -3.0471681E-05  -9.6226413E-06  -2.8301886E-07  -0.0000000E+00  -0.0000000E+00  -0.0000000E+00  -0.0000000E+00  -0.0000000E+00  -0.0000000E+00
 -0.0000000E+00  -0.0000000E+00  -0.0000000E+00  -0.0000000E+00  -0.0000000E+00  -0.0000000E+00  -0.0000000E+00  -0.0000000E+00  -0.0000000E+00  -0.0000000E+00
 -0.0000000E+00  -9.4339629E-07  -4.7169812E-07  -4.7169812E-07
 -9.9999990E+06  -9.9999990E+06  -9.9999990E+06  -9.9999990E+06  -9.9999990E+06  -9.9999990E+06  -9.9999990E+06  -9.9999990E+06  -9.9999990E+06  -9.9999990E+06
 -9.9999990E+06  -9.9999990E+06  -9.9999990E+06  -9.9999990E+06  -9.9999990E+06  -9.9999990E+06  -9.9999990E+06  -9.9999990E+06  -9.9999990E+06  -9.9999990E+06
 -9.9999990E+06  -9.9999990E+06  -9.9999990E+06  -9.9999990E+06  -9.9999990E+06  -9.9999990E+06  -9.9999990E+06  -9.9999990E+06  -9.9999990E+06  -9.9999990E+06
 -9.9999990E+06  -9.9999990E+06  -9.9999990E+06  -9.9999990E+06  -9.9999990E+06  -9.9999990E+06  -9.9999990E+06  -9.9999990E+06  -9.9999990E+06  -9.9999990E+06
 -9.9999990E+06  -9.9999990E+06  -9.9999990E+06  -9.9999990E+06  -9.9999990E+06  -9.9999990E+06  -9.9999990E+06  -9.9999990E+06  -9.9999990E+06  -9.9999990E+06
 -9.9999990E+06  -9.9999990E+06  -9.9999990E+06  -9.9999990E+06  -9.9999990E+06  -9.9999990E+06  -9.9999990E+06  -9.9999990E+06  -9.9999990E+06  -9.9999990E+06
 -9.9999990E+06  -9.9999990E+06  -9.9999990E+06  -9.9999990E+06
 -9.9999990E+06  -9.9999990E+06  -9.9999990E+06  -9.9999990E+06  -9.9999990E+06  -9.9999990E+06  -9.9999990E+06  -9.9999990E+06  -9.9999990E+06  -9.9999990E+06
 -9.9999990E+06  -9.9999990E+06  -9.9999990E+06  -9.9999990E+06  -9.9999990E+06  -9.9999990E+06  -9.9999990E+06  -9.9999990E+06  -9.9999990E+06  -9.9999990E+06
 -9.9999990E+06  -9.9999990E+06  -9.9999990E+06  -9.9999990E+06  -9.9999990E+06  -9.9999990E+06  -9.9999990E+06  -9.9999990E+06  -9.9999990E+06  -9.9999990E+06
 -9.9999990E+06  -9.9999990E+06  -9.9999990E+06  -9.9999990E+06  -9.9999990E+06  -9.9999990E+06  -9.9999990E+06  -9.9999990E+06  -9.9999990E+06  -9.9999990E+06
 -9.9999990E+06  -9.9999990E+06  -9.9999990E+06  -9.9999990E+06  -9.9999990E+06  -9.9999990E+06  -9.9999990E+06  -9.9999990E+06  -9.9999990E+06  -9.9999990E+06
 -9.9999990E+06  -9.9999990E+06  -9.9999990E+06  -9.9999990E+06  -9.9999990E+06  -9.9999990E+06  -9.9999990E+06  -9.9999990E+06  -9.9999990E+06  -9.9999990E+06
 -9.9999990E+06  -9.9999990E+06  -9.9999990E+06  -9.9999990E+06
 -9.9999990E+06  -9.9999990E+06  -9.9999990E+06  -9.9999990E+06  -9.9999990E+06  -9.9999990E+06  -9.9999990E+06  -9.9999990E+06  -9.9999990E+06  -9.9999990E+06
 -9.9999990E+06  -9.9999990E+06  -9.9999990E+06  -9.9999990E+06  -9.9999990E+06  -9.9999990E+06  -9.9999990E+06  -9.9999990E+06  -9.9999990E+06  -9.9999990E+06
 -9.9999990E+06  -9.9999990E+06  -9.9999990E+06  -9.9999990E+06  -9.9999990E+06  -9.9999990E+06  -9.9999990E+06  -9.9999990E+06  -9.9999990E+06  -9.9999990E+06
 -9.9999990E+06  -9.9999990E+06  -9.9999990E+06  -9.9999990E+06  -9.9999990E+06  -9.9999990E+06  -9.9999990E+06  -9.9999990E+06  -9.9999990E+06  -9.9999990E+06
 -9.9999990E+06  -9.9999990E+06  -9.9999990E+06  -9.9999990E+06  -9.9999990E+06  -9.9999990E+06  -9.9999990E+06  -9.9999990E+06  -9.9999990E+06  -9.9999990E+06
 -9.9999990E+06  -9.9999990E+06  -9.9999990E+06  -9.9999990E+06  -9.9999990E+06  -9.9999990E+06  -9.9999990E+06  -9.9999990E+06  -9.9999990E+06  -9.9999990E+06
 -9.9999990E+06  -9.9999990E+06  -9.9999990E+06  -9.9999990E+06
 -9.9999990E+06  -9.9999990E+06  -9.9999990E+06  -9.9999990E+06  -9.9999990E+06  -9.9999990E+06  -9.9999990E+06  -9.9999990E+06  -9.9999990E+06  -9.9999990E+06
 -9.9999990E+06  -9.9999990E+06  -9.9999990E+06  -9.9999990E+06  -9.9999990E+06  -9.9999990E+06  -9.9999990E+06  -9.9999990E+06  -9.9999990E+06  -9.9999990E+06
 -9.9999990E+06  -9.9999990E+06  -9.9999990E+06  -9.9999990E+06  -9.9999990E+06  -9.9999990E+06  -9.9999990E+06  -9.9999990E+06  -9.9999990E+06  -9.9999990E+06
 -9.9999990E+06  -9.9999990E+06  -9.9999990E+06  -9.9999990E+06  -9.9999990E+06  -9.9999990E+06  -9.9999990E+06  -9.9999990E+06  -9.9999990E+06  -9.9999990E+06
 -9.9999990E+06  -9.9999990E+06  -9.9999990E+06  -9.9999990E+06  -9.9999990E+06  -9.9999990E+06  -9.9999990E+06  -9.9999990E+06  -9.9999990E+06  -9.9999990E+06
 -9.9999990E+06  -9.9999990E+06  -9.9999990E+06  -9.9999990E+06  -9.9999990E+06  -9.9999990E+06  -9.9999990E+06  -9.9999990E+06  -9.9999990E+06  -9.9999990E+06
 -9.9999990E+06  -9.9999990E+06  -9.9999990E+06  -9.9999990E+06
