Kosovic & Lundquist, CU LES, run at LLNL 6/2003; n=64^3, non-linear Deardorff subgrid model
          64
  3.1199999E+00   9.3800001E+00   1.5620000E+01   2.1879999E+01   2.8120001E+01   3.4380001E+01   4.0619999E+01   4.6880001E+01   5.3119999E+01   5.9380001E+01
  6.5620003E+01   7.1879997E+01   7.8120003E+01   8.4379997E+01   9.0620003E+01   9.6879997E+01   1.0312000E+02   1.0938000E+02   1.1562000E+02   1.2188000E+02
  1.2812000E+02   1.3438000E+02   1.4062000E+02   1.4688000E+02   1.5312000E+02   1.5938000E+02   1.6562000E+02   1.7188000E+02   1.7812000E+02   1.8438000E+02
  1.9062000E+02   1.9688000E+02   2.0312000E+02   2.0938000E+02   2.1562000E+02   2.2188000E+02   2.2812000E+02   2.3438000E+02   2.4062000E+02   2.4688000E+02
  2.5312000E+02   2.5938000E+02   2.6562000E+02   2.7188000E+02   2.7812000E+02   2.8438000E+02   2.9062000E+02   2.9688000E+02   3.0312000E+02   3.0938000E+02
  3.1562000E+02   3.2188000E+02   3.2812000E+02   3.3438000E+02   3.4062000E+02   3.4688000E+02   3.5312000E+02   3.5938000E+02   3.6562000E+02   3.7188000E+02
  3.7812000E+02   3.8438000E+02   3.9062000E+02   3.9062000E+02
 -6.5850088E-04   3.1851332E-03   2.6090562E-03   2.3859309E-03   2.1643611E-03   1.9927328E-03   1.7060420E-03   1.5603683E-03   1.3802163E-03   1.2466527E-03
  1.0767947E-03   9.5218729E-04   8.7433960E-04   7.5265014E-04   7.1317400E-04   6.1433797E-04   5.5837072E-04   5.0326943E-04   4.0405375E-04   3.7347715E-04
  3.0998435E-04   2.6927932E-04   1.8486026E-04   1.5153018E-04   1.3833192E-04   9.3561284E-05   7.6371922E-05   4.4153432E-05   3.4392688E-05   3.7821296E-06
  9.1842603E-06   6.4707388E-06  -1.6039541E-05  -1.2327882E-04  -1.2006368E-04   1.6477749E-04   5.3582877E-05  -3.1918327E-05   7.7897043E-05   1.0551103E-04
  5.5858240E-05   2.1880558E-06  -1.9887029E-05  -1.6314261E-05  -3.8312037E-06   2.8615739E-06   1.5055554E-06  -9.3074044E-07  -9.6574048E-08   8.0500013E-07
 -1.9148156E-07  -9.5185197E-07   3.5648128E-07   1.2343519E-06   5.4342598E-07   3.9212966E-07  -3.4064823E-07  -5.5824074E-07   5.8648152E-07   1.1361107E-06
  1.8666667E-07  -5.9703700E-07   5.7620355E-07   5.7620355E-07
 -9.9999990E+06  -9.9999990E+06  -9.9999990E+06  -9.9999990E+06  -9.9999990E+06  -9.9999990E+06  -9.9999990E+06  -9.9999990E+06  -9.9999990E+06  -9.9999990E+06
 -9.9999990E+06  -9.9999990E+06  -9.9999990E+06  -9.9999990E+06  -9.9999990E+06  -9.9999990E+06  -9.9999990E+06  -9.9999990E+06  -9.9999990E+06  -9.9999990E+06
 -9.9999990E+06  -9.9999990E+06  -9.9999990E+06  -9.9999990E+06  -9.9999990E+06  -9.9999990E+06  -9.9999990E+06  -9.9999990E+06  -9.9999990E+06  -9.9999990E+06
 -9.9999990E+06  -9.9999990E+06  -9.9999990E+06  -9.9999990E+06  -9.9999990E+06  -9.9999990E+06  -9.9999990E+06  -9.9999990E+06  -9.9999990E+06  -9.9999990E+06
 -9.9999990E+06  -9.9999990E+06  -9.9999990E+06  -9.9999990E+06  -9.9999990E+06  -9.9999990E+06  -9.9999990E+06  -9.9999990E+06  -9.9999990E+06  -9.9999990E+06
 -9.9999990E+06  -9.9999990E+06  -9.9999990E+06  -9.9999990E+06  -9.9999990E+06  -9.9999990E+06  -9.9999990E+06  -9.9999990E+06  -9.9999990E+06  -9.9999990E+06
 -9.9999990E+06  -9.9999990E+06  -9.9999990E+06  -9.9999990E+06
 -1.2398516E-05  -9.4397321E-05  -1.8202003E-04  -2.1004962E-04  -2.2478020E-04  -2.2918340E-04  -2.2751777E-04  -2.2426205E-04  -2.1914762E-04  -2.1014411E-04
 -1.9925689E-04  -1.8778916E-04  -1.7647594E-04  -1.6328949E-04  -1.5160444E-04  -1.3928517E-04  -1.2920322E-04  -1.1783630E-04  -1.0621316E-04  -9.5342504E-05
 -8.3232218E-05  -7.1805087E-05  -6.2427971E-05  -5.0651841E-05  -3.8694350E-05  -3.2159351E-05  -2.8209361E-05  -2.2914719E-05  -2.0783984E-05  -1.7849628E-05
 -1.4600184E-05  -1.4455278E-05  -9.8982409E-06  -1.2114258E-05  -7.9660167E-06  -5.4074085E-06  -3.6051861E-06  -4.9859268E-06   5.7796257E-07   2.0629629E-06
 -6.2694443E-07  -1.5500004E-07  -1.5638888E-07  -2.8500003E-07  -2.4564824E-07  -2.2462957E-07  -9.5555571E-08   5.9907428E-08   1.1175926E-07   9.5740766E-08
  8.4722224E-08   1.1240743E-07   8.9629651E-08   1.1574085E-08  -5.0462965E-08  -7.4999981E-08  -1.2398142E-07  -2.1000000E-07  -2.7500005E-07  -2.1166669E-07
 -8.6111100E-08   3.9537039E-08  -3.0138884E-07   0.0000000E+00
  6.3574262E-04   1.6219568E-04  -1.0352497E-04  -2.3643610E-05  -5.1387957E-05   1.5145462E-05   3.2033153E-05   4.3737578E-05   5.1098148E-05   5.2429365E-05
  6.3076790E-05   8.6612294E-05   5.7204536E-05   5.8346090E-05   4.4217224E-05   3.9170198E-05   3.6207690E-05   2.7903898E-05   2.5708518E-05   2.5480833E-05
  2.0540738E-05   1.6430835E-05   1.5824166E-05   1.2312595E-05   1.1089815E-05   1.0707128E-05   1.0018613E-05   8.4350922E-06   9.3004619E-06   9.7883330E-06
  9.4684256E-06   9.2187029E-06   1.0572406E-05   1.1643331E-05   1.1546760E-05   1.0201574E-05   8.4842604E-06   7.6741662E-06   5.8525911E-06   1.1546298E-06
  2.6444442E-07  -2.9592576E-07   2.4166663E-08   2.9129623E-07   4.8796284E-07   4.3462975E-07   1.8620368E-07   6.7407356E-08   7.3703738E-08   3.3240713E-08
 -2.1296243E-09  -7.8240738E-08  -1.3749998E-07  -6.1851843E-08   1.0185672E-09   7.6944445E-08   1.6990744E-07   3.4703697E-07   3.6240741E-07   2.7574072E-07
  2.1435190E-07   2.8268516E-07   2.6333336E-07  -9.9999981E+00
  1.1648149E-03   2.6004298E-03   2.1841305E-03   2.0106072E-03   1.7813508E-03   1.5940079E-03   1.4156329E-03   1.2809669E-03   1.1362486E-03   1.0121576E-03
  8.8949280E-04   7.9427706E-04   6.9870049E-04   6.1769050E-04   5.4901897E-04   4.7416441E-04   4.1544417E-04   3.6052131E-04   3.0531597E-04   2.5850371E-04
  2.1254219E-04   1.7129006E-04   1.3431323E-04   1.0446768E-04   7.9308978E-05   6.1178063E-05   4.5948251E-05   3.1066487E-05   2.4352501E-05   1.6018239E-05
  9.4136103E-06   5.9377790E-06   6.0145385E-06   3.0992596E-06  -1.1744073E-05  -1.0795371E-06   7.0905562E-06  -2.1673156E-06  -1.4275929E-06   1.9488884E-06
  8.4638884E-07  -3.6111114E-08   7.8703719E-09  -1.1944444E-08  -2.2222222E-08  -1.1851850E-08  -1.3611109E-08  -8.3333278E-09  -7.3148145E-09  -1.1944443E-08
 -1.2129628E-08  -7.2222224E-09  -5.6481495E-09  -9.5370352E-09  -7.4999988E-09  -1.0092586E-08  -9.6296287E-09  -6.9444415E-09  -2.9629634E-09  -7.2222224E-09
 -1.0555551E-08   4.8888896E-08   3.9351846E-08  -9.9999962E+00
  2.2583206E-09   7.4094402E-08   9.0902780E-08  -4.4480529E-08   6.7958339E-08  -1.0603058E-07  -1.4420279E-07   9.4252812E-08  -1.6038891E-07  -1.2517781E-07
 -5.8666538E-09  -3.6208334E-08   7.2245800E-11   5.3630572E-08   6.6533367E-08   7.6538903E-08  -1.6538882E-08  -4.8394433E-08   2.4991675E-08   6.2249934E-09
 -6.0927782E-08   3.9347221E-08  -5.5444511E-09  -5.6388996E-09   1.8833413E-09   1.6183332E-08   7.8333358E-09   6.0194454E-09   2.0066667E-08  -8.6777794E-09
 -2.0000000E-08  -2.6988891E-08  -4.0847226E-08  -2.5694449E-08  -1.5063890E-08  -1.2222243E-09   2.7261109E-08  -4.7683336E-08   1.5730560E-08   1.3208334E-08
  9.7944453E-09   2.9194442E-09   3.0444447E-09  -2.5888889E-09  -3.3750001E-09  -2.4388891E-09  -6.3888889E-10  -8.3611112E-10  -2.1083335E-09  -1.3111112E-09
 -1.8694446E-09  -4.2222215E-10  -2.2166669E-09   1.5277780E-10  -1.3333334E-09  -1.6222221E-09  -1.9722224E-10  -1.2861112E-09  -2.4194444E-09  -1.5500001E-09
 -1.7222224E-09  -1.6500001E-09  -1.5833336E-09  -1.4361111E-09
