Kosovic & Lundquist, CU LES, run at LLNL 6/2003; n=64^3, non-linear Deardorff subgrid model
          64
  3.1199999E+00   9.3800001E+00   1.5620000E+01   2.1879999E+01   2.8120001E+01   3.4380001E+01   4.0619999E+01   4.6880001E+01   5.3119999E+01   5.9380001E+01
  6.5620003E+01   7.1879997E+01   7.8120003E+01   8.4379997E+01   9.0620003E+01   9.6879997E+01   1.0312000E+02   1.0938000E+02   1.1562000E+02   1.2188000E+02
  1.2812000E+02   1.3438000E+02   1.4062000E+02   1.4688000E+02   1.5312000E+02   1.5938000E+02   1.6562000E+02   1.7188000E+02   1.7812000E+02   1.8438000E+02
  1.9062000E+02   1.9688000E+02   2.0312000E+02   2.0938000E+02   2.1562000E+02   2.2188000E+02   2.2812000E+02   2.3438000E+02   2.4062000E+02   2.4688000E+02
  2.5312000E+02   2.5938000E+02   2.6562000E+02   2.7188000E+02   2.7812000E+02   2.8438000E+02   2.9062000E+02   2.9688000E+02   3.0312000E+02   3.0938000E+02
  3.1562000E+02   3.2188000E+02   3.2812000E+02   3.3438000E+02   3.4062000E+02   3.4688000E+02   3.5312000E+02   3.5938000E+02   3.6562000E+02   3.7188000E+02
  3.7812000E+02   3.8438000E+02   3.9062000E+02   3.9062000E+02
  4.7004253E-02   1.2440917E-01   1.4811876E-01   1.6075356E-01   1.6548723E-01   1.6778836E-01   1.6565853E-01   1.6044669E-01   1.5198283E-01   1.4491244E-01
  1.3514595E-01   1.2701190E-01   1.1931492E-01   1.1237452E-01   1.0686387E-01   1.0098159E-01   9.4081894E-02   8.3690673E-02   7.5853206E-02   6.6648282E-02
  5.7168312E-02   4.6561409E-02   3.7526038E-02   3.0479338E-02   2.3158768E-02   1.7085472E-02   1.2518210E-02   8.9702830E-03   7.0869825E-03   6.1807535E-03
  6.1649038E-03   6.4424523E-03   6.4507527E-03   6.9312262E-03   1.0348015E-02   1.0814152E-02   4.1138683E-03   4.1758493E-03   5.7070740E-03   3.3439617E-03
  1.6179247E-03   1.3585851E-03   1.2022642E-03   8.9009444E-04   7.9415092E-04   7.3386775E-04   6.1216991E-04   5.4698100E-04   5.6311314E-04   5.6377368E-04
  5.5009435E-04   5.4235844E-04   5.2547170E-04   4.8679247E-04   4.8716980E-04   5.0405663E-04   4.8415092E-04   4.6556609E-04   4.4433947E-04   4.3622646E-04
  4.6283007E-04   5.0452835E-04   5.3188682E-04   0.0000000E+00
  2.9938202E-02   7.9937935E-02   9.5302179E-02   1.0090649E-01   1.0275974E-01   1.0046735E-01   9.4021320E-02   8.7225743E-02   8.3037078E-02   7.7374533E-02
  7.1778588E-02   6.8030380E-02   6.3072540E-02   5.7971317E-02   5.4554634E-02   4.9988754E-02   4.7666986E-02   4.4567354E-02   4.0904336E-02   3.8223773E-02
  3.5257556E-02   3.3878297E-02   3.1384714E-02   2.8987173E-02   2.7687168E-02   2.6521696E-02   2.4544718E-02   2.1663489E-02   1.8409902E-02   1.5783396E-02
  1.3158208E-02   1.0141887E-02   6.7112260E-03   3.5850958E-03   2.6705670E-03   2.2352836E-03   1.5614150E-03   1.8125460E-03   2.6358489E-03   1.6244338E-03
  8.3764124E-04   7.5481116E-04   6.0169818E-04   4.7999990E-04   4.3292448E-04   4.0066038E-04   3.6584906E-04   3.4283014E-04   3.2783012E-04   3.1179251E-04
  3.0594342E-04   2.9801886E-04   2.8490566E-04   2.9396228E-04   2.9264143E-04   2.8245285E-04   2.7839627E-04   2.6320762E-04   2.8500005E-04   2.9603776E-04
  2.9320765E-04   3.5198117E-04   3.1924542E-04   0.0000000E+00
  2.6016971E-03   1.8197827E-02   3.2394718E-02   3.6254816E-02   3.8297366E-02   3.8769815E-02   3.8489804E-02   3.7707455E-02   3.6495190E-02   3.4999624E-02
  3.3630282E-02   3.2141134E-02   3.0457547E-02   2.8532732E-02   2.6199244E-02   2.3843389E-02   2.1580188E-02   1.9606603E-02   1.7682359E-02   1.5647735E-02
  1.3594902E-02   1.1735663E-02   1.0173585E-02   8.7820785E-03   7.6107546E-03   6.7063207E-03   6.0113217E-03   5.5038668E-03   5.1181135E-03   4.8423582E-03
  4.6098111E-03   4.3340567E-03   4.2571700E-03   4.0836777E-03   3.3931141E-03   2.9659437E-03   2.8747171E-03   2.2411323E-03   1.6966981E-03   1.4794345E-03
  1.3184901E-03   1.1027355E-03   9.6632069E-04   8.9603802E-04   8.2783028E-04   7.6830183E-04   7.2160398E-04   6.8226416E-04   6.4669800E-04   6.1396218E-04
  5.8500003E-04   5.5650930E-04   5.3396210E-04   5.0839625E-04   4.8575486E-04   4.6047175E-04   4.3377353E-04   4.0500003E-04   3.7716978E-04   3.5622643E-04
  3.4783030E-04   3.4839613E-04   2.4273583E-04   0.0000000E+00
 -9.9999990E+06  -9.9999990E+06  -9.9999990E+06  -9.9999990E+06  -9.9999990E+06  -9.9999990E+06  -9.9999990E+06  -9.9999990E+06  -9.9999990E+06  -9.9999990E+06
 -9.9999990E+06  -9.9999990E+06  -9.9999990E+06  -9.9999990E+06  -9.9999990E+06  -9.9999990E+06  -9.9999990E+06  -9.9999990E+06  -9.9999990E+06  -9.9999990E+06
 -9.9999990E+06  -9.9999990E+06  -9.9999990E+06  -9.9999990E+06  -9.9999990E+06  -9.9999990E+06  -9.9999990E+06  -9.9999990E+06  -9.9999990E+06  -9.9999990E+06
 -9.9999990E+06  -9.9999990E+06  -9.9999990E+06  -9.9999990E+06  -9.9999990E+06  -9.9999990E+06  -9.9999990E+06  -9.9999990E+06  -9.9999990E+06  -9.9999990E+06
 -9.9999990E+06  -9.9999990E+06  -9.9999990E+06  -9.9999990E+06  -9.9999990E+06  -9.9999990E+06  -9.9999990E+06  -9.9999990E+06  -9.9999990E+06  -9.9999990E+06
 -9.9999990E+06  -9.9999990E+06  -9.9999990E+06  -9.9999990E+06  -9.9999990E+06  -9.9999990E+06  -9.9999990E+06  -9.9999990E+06  -9.9999990E+06  -9.9999990E+06
 -9.9999990E+06  -9.9999990E+06  -9.9999990E+06  -9.9999990E+06
  1.4569832E-01   1.2363936E-01   9.4884880E-02   8.3144329E-02   7.4320562E-02   6.7524247E-02   6.2038474E-02   5.7385083E-02   5.3317543E-02   4.9676117E-02
  4.6270378E-02   4.2944629E-02   3.9824989E-02   3.7175566E-02   3.4800008E-02   3.2346234E-02   2.9647732E-02   2.6896423E-02   2.4298405E-02   2.1750281E-02
  1.9349908E-02   1.6999718E-02   1.4595378E-02   1.2500092E-02   1.0731513E-02   9.0552848E-03   7.3241489E-03   5.6563211E-03   4.1450001E-03   2.7060374E-03
  1.5608487E-03   8.7499985E-04   6.3235860E-04   4.2160385E-04   1.0962267E-04   4.9084908E-04   1.0043397E-03   5.3716992E-04   3.5849069E-05   8.4716979E-05
  1.1141515E-04   4.8962251E-05   4.0566033E-06   0.0000000E+00   0.0000000E+00   0.0000000E+00   0.0000000E+00   0.0000000E+00   0.0000000E+00   0.0000000E+00
  0.0000000E+00   0.0000000E+00   0.0000000E+00   0.0000000E+00   0.0000000E+00   0.0000000E+00   0.0000000E+00   0.0000000E+00   0.0000000E+00   0.0000000E+00
  0.0000000E+00   4.9056589E-06   4.5283000E-06   0.0000000E+00
  6.8726414E-04   1.4009430E-03   2.4852834E-03   3.1411333E-03   3.6248113E-03   4.0185847E-03   4.2919824E-03   4.5057549E-03   4.6836780E-03   4.8186784E-03
  4.8943404E-03   4.9549052E-03   5.0317915E-03   4.9718879E-03   4.8408485E-03   4.6446235E-03   4.4616973E-03   4.2816037E-03   4.1732076E-03   4.1502840E-03
  4.0926421E-03   3.9016046E-03   3.7344333E-03   3.5059426E-03   3.1195278E-03   2.8128289E-03   2.5562262E-03   2.4525467E-03   2.6049998E-03   3.2711318E-03
  4.2107557E-03   5.1907543E-03   4.3335846E-03   4.7503775E-03   1.6181512E-02   1.5068211E-02   1.7059434E-03   2.6435852E-03   8.4558465E-03   4.3916968E-03
  9.6660358E-04   5.5962265E-04   5.8273575E-04   5.6235865E-04   4.7971698E-04   4.3037726E-04   4.0877354E-04   3.9084902E-04   3.7490577E-04   3.6660372E-04
  3.5160378E-04   3.3528305E-04   3.2509441E-04   3.2990577E-04   3.2905664E-04   3.0962261E-04   2.9386787E-04   2.8566038E-04   2.6566038E-04   2.3622639E-04
  1.7594341E-04   1.0037740E-04   1.0716983E-04   0.0000000E+00
