Kosovic & Lundquist, CU LES, run at LLNL 6/2003; n=64^3, non-linear Deardorff subgrid model
          64
  3.1199999E+00   9.3800001E+00   1.5620000E+01   2.1879999E+01   2.8120001E+01   3.4380001E+01   4.0619999E+01   4.6880001E+01   5.3119999E+01   5.9380001E+01
  6.5620003E+01   7.1879997E+01   7.8120003E+01   8.4379997E+01   9.0620003E+01   9.6879997E+01   1.0312000E+02   1.0938000E+02   1.1562000E+02   1.2188000E+02
  1.2812000E+02   1.3438000E+02   1.4062000E+02   1.4688000E+02   1.5312000E+02   1.5938000E+02   1.6562000E+02   1.7188000E+02   1.7812000E+02   1.8438000E+02
  1.9062000E+02   1.9688000E+02   2.0312000E+02   2.0938000E+02   2.1562000E+02   2.2188000E+02   2.2812000E+02   2.3438000E+02   2.4062000E+02   2.4688000E+02
  2.5312000E+02   2.5938000E+02   2.6562000E+02   2.7188000E+02   2.7812000E+02   2.8438000E+02   2.9062000E+02   2.9688000E+02   3.0312000E+02   3.0938000E+02
  3.1562000E+02   3.2188000E+02   3.2812000E+02   3.3438000E+02   3.4062000E+02   3.4688000E+02   3.5312000E+02   3.5938000E+02   3.6562000E+02   3.7188000E+02
  3.7812000E+02   3.8438000E+02   3.9062000E+02   3.9062000E+02
 -7.5314019E-04   3.4371749E-03   2.7803080E-03   2.5366871E-03   2.2805040E-03   2.0555146E-03   1.8251627E-03   1.6762902E-03   1.5630653E-03   1.3369881E-03
  1.2407071E-03   1.1305180E-03   9.9555997E-04   9.3386415E-04   8.6064643E-04   7.5896864E-04   7.0152368E-04   6.1397487E-04   5.1044265E-04   4.2118115E-04
  3.8283470E-04   3.0966013E-04   2.8858971E-04   2.2563485E-04   1.7351478E-04   1.5048386E-04   1.1368356E-04   8.7011518E-05   5.7107642E-05   2.3757266E-05
  1.3084337E-05   9.4226579E-07  -3.1626605E-05  -1.6826337E-04  -1.5992584E-04   1.8647856E-04   1.4718123E-04  -1.0443683E-05   4.6954432E-05   1.0033122E-04
  7.8234618E-05   3.0013583E-05  -8.9044315E-06  -1.9536130E-05  -1.0486226E-05  -2.1142455E-06   1.2883017E-06   5.8235850E-07  -9.0264149E-07   2.6433969E-07
  6.7669828E-07  -4.9151051E-08  -4.5820764E-07  -3.2339628E-07  -9.1509671E-09   1.8849056E-07   1.6943397E-07  -5.5452819E-07  -9.9660360E-07  -5.2773589E-07
 -6.4452831E-07  -7.1235854E-07   5.2698113E-07   5.2698113E-07
 -9.9999990E+06  -9.9999990E+06  -9.9999990E+06  -9.9999990E+06  -9.9999990E+06  -9.9999990E+06  -9.9999990E+06  -9.9999990E+06  -9.9999990E+06  -9.9999990E+06
 -9.9999990E+06  -9.9999990E+06  -9.9999990E+06  -9.9999990E+06  -9.9999990E+06  -9.9999990E+06  -9.9999990E+06  -9.9999990E+06  -9.9999990E+06  -9.9999990E+06
 -9.9999990E+06  -9.9999990E+06  -9.9999990E+06  -9.9999990E+06  -9.9999990E+06  -9.9999990E+06  -9.9999990E+06  -9.9999990E+06  -9.9999990E+06  -9.9999990E+06
 -9.9999990E+06  -9.9999990E+06  -9.9999990E+06  -9.9999990E+06  -9.9999990E+06  -9.9999990E+06  -9.9999990E+06  -9.9999990E+06  -9.9999990E+06  -9.9999990E+06
 -9.9999990E+06  -9.9999990E+06  -9.9999990E+06  -9.9999990E+06  -9.9999990E+06  -9.9999990E+06  -9.9999990E+06  -9.9999990E+06  -9.9999990E+06  -9.9999990E+06
 -9.9999990E+06  -9.9999990E+06  -9.9999990E+06  -9.9999990E+06  -9.9999990E+06  -9.9999990E+06  -9.9999990E+06  -9.9999990E+06  -9.9999990E+06  -9.9999990E+06
 -9.9999990E+06  -9.9999990E+06  -9.9999990E+06  -9.9999990E+06
 -1.4558775E-05  -1.0872824E-04  -2.1000679E-04  -2.4364643E-04  -2.5982992E-04  -2.6485848E-04  -2.6337107E-04  -2.5936263E-04  -2.5253909E-04  -2.4538802E-04
 -2.3627993E-04  -2.2603080E-04  -2.1647754E-04  -2.0212903E-04  -1.8526435E-04  -1.6942283E-04  -1.5690603E-04  -1.4592662E-04  -1.3130173E-04  -1.1808019E-04
 -1.0426711E-04  -8.9487541E-05  -8.1070299E-05  -6.9824709E-05  -5.6452180E-05  -4.5418306E-05  -3.6820558E-05  -2.9644252E-05  -2.4202263E-05  -2.1321128E-05
 -1.7310751E-05  -1.4693867E-05  -9.7777356E-06  -9.2489599E-06  -6.4718879E-06  -4.7149056E-06   3.5055675E-06  -5.3943404E-06  -2.0745285E-06  -1.0783962E-06
  1.0983963E-06  -2.6613205E-07  -5.0320750E-07  -4.1396223E-07  -2.8188680E-07  -5.5565962E-08  -1.7169818E-08  -6.8396211E-08  -5.8207576E-08  -1.4018867E-07
 -1.5443392E-07  -1.1679241E-07   1.9528340E-08   4.9056595E-08   7.7735812E-08   8.2830191E-08   8.6320789E-08   1.6292456E-07   2.1679246E-07   2.8886794E-07
  3.2245291E-07   2.2245285E-07  -1.5462263E-07   0.0000000E+00
  7.5375719E-04   1.8577784E-04  -1.1858103E-04  -3.8604809E-05  -1.5299996E-05  -2.2010561E-05  -3.8744333E-06   2.1601698E-05  -1.9028310E-05   4.2705182E-05
  4.8808593E-05   5.9826216E-05   8.7036227E-05   8.8794462E-05   5.7252728E-05   4.8161426E-05   5.3697913E-05   6.2466126E-05   4.4458771E-05   3.9678016E-05
  3.2308206E-05   3.2609438E-05   3.1022642E-05   2.4982081E-05   1.9659061E-05   1.1724812E-05   5.9566037E-06   3.8396220E-06   7.9291503E-06   6.4585861E-06
  6.8646241E-06   6.9581124E-06   1.1244339E-05   1.5474527E-05   1.7396411E-05   1.3268773E-05   8.2636816E-06   8.7487733E-06   8.2846218E-06   5.3800945E-06
  8.0273583E-07  -2.4896212E-07  -3.6452829E-07  -4.5094371E-08   3.0415103E-07   2.5339617E-07   4.7830202E-08  -4.7264177E-08  -7.9150979E-08   1.3679303E-08
  1.9339622E-07   8.8396234E-08   1.4150911E-08  -3.0660384E-08  -3.4811332E-08  -4.6698034E-08  -5.2641536E-08  -6.8301830E-08  -2.0688678E-07  -3.0735856E-07
 -4.7226430E-07  -2.7650935E-07  -2.2896225E-07  -9.9999962E+00
  1.3611170E-03   2.8400770E-03   2.3292056E-03   2.1175470E-03   1.8737757E-03   1.6639540E-03   1.4843880E-03   1.3515201E-03   1.2103131E-03   1.0991535E-03
  1.0012678E-03   9.0963469E-04   8.1530795E-04   7.3972740E-04   6.6691474E-04   5.9828471E-04   5.2616850E-04   4.5856470E-04   3.9379680E-04   3.4123228E-04
  2.8742285E-04   2.3418554E-04   1.9118840E-04   1.5074857E-04   1.2034606E-04   9.3381437E-05   7.2263116E-05   5.1673571E-05   3.7535563E-05   2.5283780E-05
  1.4890943E-05   7.3002852E-06   6.5755644E-06   3.9251890E-06  -1.1200849E-05  -2.5343393E-06   1.0996605E-05   2.9126411E-06  -4.1847175E-06   1.5290569E-06
  1.2703773E-06   3.8537723E-07  -2.4433971E-08  -2.8584907E-08  -1.6509432E-08  -1.5283018E-08  -1.6226419E-08  -1.0094339E-08  -1.2169808E-08  -1.0943396E-08
 -4.7169806E-09  -6.3207519E-09  -8.3962259E-09  -4.1509440E-09  -8.7735819E-09  -5.3773594E-09  -4.0566035E-09  -5.4716982E-09  -5.0943383E-09  -7.2641497E-09
 -7.3584898E-09   3.4905661E-08   3.0471700E-08  -9.9999962E+00
 -5.6077742E-08  -6.9750681E-09  -2.6860553E-07  -2.7444431E-08  -1.7905558E-07  -2.4005573E-08   1.4796943E-07  -8.0263931E-08   6.5938885E-08   8.8319482E-08
  1.1254448E-07   6.6705532E-08   1.2978890E-07  -4.4000018E-08   8.6749923E-09  -7.3699994E-08   3.3747231E-08   8.3933351E-08  -4.4805564E-08  -8.0583336E-09
  4.3291656E-08  -5.3713897E-08   9.0002764E-08  -2.4722685E-10   1.1827773E-08  -2.5872225E-08  -5.2255562E-08  -1.7244446E-08  -7.2527762E-09  -1.8041666E-08
 -4.6583328E-09   2.3830555E-08  -7.5527780E-09  -5.9416725E-09   6.4638881E-09   2.6341674E-08  -2.3916695E-09   4.5488886E-08  -4.2394447E-08  -3.7580552E-08
 -6.4694450E-09   4.4249995E-09   5.4416667E-09   5.3805551E-09   2.6333333E-09   2.8138893E-09   3.0194447E-09   1.6833333E-09   1.6861113E-09   2.5555544E-10
 -3.3888883E-10  -4.2777765E-10  -1.7222238E-10  -7.4722234E-10  -1.2000003E-09   4.6111115E-10   1.7833333E-09   1.6277778E-09   2.2333333E-09   1.5388890E-09
  1.0500000E-09   2.8583336E-09   5.6944449E-10   8.3888885E-10
