 8.30 UTC B _3.125m_Marat
         128
  1.5625000E+00   4.6875000E+00   7.8125000E+00   1.0937500E+01   1.4062500E+01   1.7187500E+01   2.0312500E+01   2.3437500E+01   2.6562500E+01   2.9687500E+01
  3.2812500E+01   3.5937500E+01   3.9062500E+01   4.2187500E+01   4.5312500E+01   4.8437500E+01   5.1562500E+01   5.4687500E+01   5.7812500E+01   6.0937500E+01
  6.4062500E+01   6.7187500E+01   7.0312500E+01   7.3437500E+01   7.6562500E+01   7.9687500E+01   8.2812500E+01   8.5937500E+01   8.9062500E+01   9.2187500E+01
  9.5312500E+01   9.8437500E+01   1.0156250E+02   1.0468750E+02   1.0781250E+02   1.1093750E+02   1.1406250E+02   1.1718750E+02   1.2031250E+02   1.2343750E+02
  1.2656250E+02   1.2968750E+02   1.3281250E+02   1.3593750E+02   1.3906250E+02   1.4218750E+02   1.4531250E+02   1.4843750E+02   1.5156250E+02   1.5468750E+02
  1.5781250E+02   1.6093750E+02   1.6406250E+02   1.6718750E+02   1.7031250E+02   1.7343750E+02   1.7656250E+02   1.7968750E+02   1.8281250E+02   1.8593750E+02
  1.8906250E+02   1.9218750E+02   1.9531250E+02   1.9843750E+02   2.0156250E+02   2.0468750E+02   2.0781250E+02   2.1093750E+02   2.1406250E+02   2.1718750E+02
  2.2031250E+02   2.2343750E+02   2.2656250E+02   2.2968750E+02   2.3281250E+02   2.3593750E+02   2.3906250E+02   2.4218750E+02   2.4531250E+02   2.4843750E+02
  2.5156250E+02   2.5468750E+02   2.5781250E+02   2.6093750E+02   2.6406250E+02   2.6718750E+02   2.7031250E+02   2.7343750E+02   2.7656250E+02   2.7968750E+02
  2.8281250E+02   2.8593750E+02   2.8906250E+02   2.9218750E+02   2.9531250E+02   2.9843750E+02   3.0156250E+02   3.0468750E+02   3.0781250E+02   3.1093750E+02
  3.1406250E+02   3.1718750E+02   3.2031250E+02   3.2343750E+02   3.2656250E+02   3.2968750E+02   3.3281250E+02   3.3593750E+02   3.3906250E+02   3.4218750E+02
  3.4531250E+02   3.4843750E+02   3.5156250E+02   3.5468750E+02   3.5781250E+02   3.6093750E+02   3.6406250E+02   3.6718750E+02   3.7031250E+02   3.7343750E+02
  3.7656250E+02   3.7968750E+02   3.8281250E+02   3.8593750E+02   3.8906250E+02   3.9218750E+02   3.9531250E+02   3.9843750E+02
  3.6025170E-01   3.7583800E-01   3.2779120E-01   3.1274120E-01   2.9304990E-01   2.7969480E-01   2.6886700E-01   2.5971290E-01   2.5183830E-01   2.4425870E-01
  2.3679980E-01   2.3002280E-01   2.2466850E-01   2.2045210E-01   2.1501780E-01   2.0898180E-01   2.0274730E-01   1.9701000E-01   1.9296140E-01   1.8874980E-01
  1.8528640E-01   1.8029850E-01   1.7431730E-01   1.6931740E-01   1.6465940E-01   1.6078710E-01   1.5584980E-01   1.5009270E-01   1.4596010E-01   1.4188280E-01
  1.3696970E-01   1.3246460E-01   1.2749380E-01   1.2384770E-01   1.1995800E-01   1.1544810E-01   1.1142120E-01   1.0789370E-01   1.0388300E-01   9.9914730E-02
  9.5665610E-02   9.1205840E-02   8.6571050E-02   8.1782000E-02   7.7085230E-02   7.2804770E-02   6.8109330E-02   6.3266070E-02   5.8441640E-02   5.3522940E-02
  4.9142520E-02   4.5227270E-02   4.0839330E-02   3.6315190E-02   3.1696830E-02   2.7852920E-02   2.4321010E-02   2.1195980E-02   1.8049110E-02   1.5653910E-02
  1.3708270E-02   1.2566170E-02   1.1955120E-02   1.1808520E-02   1.1811680E-02   1.2158770E-02   1.2838050E-02   1.3551040E-02   1.3763980E-02   1.3640970E-02
  1.3143830E-02   1.1862140E-02   1.0512160E-02   9.0248260E-03   7.4693220E-03   5.8756100E-03   4.4915130E-03   3.1064810E-03   2.0242480E-03   1.3539780E-03
  1.0286260E-03   8.3152190E-04   6.8639350E-04   5.7956210E-04   4.9932660E-04   4.4196860E-04   4.0088310E-04   3.6374250E-04   3.3032480E-04   3.0588430E-04
  2.8834700E-04   2.7754800E-04   2.6912230E-04   2.6381590E-04   2.5996660E-04   2.5606180E-04   2.5075530E-04   2.4484910E-04   2.3782210E-04   2.2849820E-04
  2.1823140E-04   2.0843440E-04   1.9913690E-04   1.9020230E-04   1.8183950E-04   1.7483270E-04   1.6935060E-04   1.6497200E-04   1.6158120E-04   1.5939630E-04
  1.5815080E-04   1.5750580E-04   1.5743050E-04   1.5788410E-04   1.5864090E-04   1.5925440E-04   1.5975330E-04   1.5999440E-04   1.5985040E-04   1.5912420E-04
  1.5766310E-04   1.5535850E-04   1.5210640E-04   1.4802880E-04   1.4334640E-04   1.3816400E-04   1.3147100E-04   1.2370470E-04
  2.6110840E-01   2.7701520E-01   2.4214640E-01   2.3015220E-01   2.1501160E-01   2.0502320E-01   1.9619260E-01   1.8887210E-01   1.8093640E-01   1.7286740E-01
  1.6704780E-01   1.6199940E-01   1.5681120E-01   1.5134270E-01   1.4611270E-01   1.4066710E-01   1.3539900E-01   1.3056890E-01   1.2677380E-01   1.2295420E-01
  1.1808580E-01   1.1365480E-01   1.0953270E-01   1.0610340E-01   1.0288410E-01   9.9436790E-02   9.5979800E-02   9.2071850E-02   8.8327910E-02   8.5388160E-02
  8.2915390E-02   7.9675070E-02   7.6628650E-02   7.4469130E-02   7.2467600E-02   7.0090990E-02   6.7972350E-02   6.5577220E-02   6.2823650E-02   6.0997260E-02
  5.9419700E-02   5.7863280E-02   5.5870400E-02   5.4567460E-02   5.2994860E-02   5.1578670E-02   5.0218900E-02   4.8779390E-02   4.7302960E-02   4.6079470E-02
  4.5318070E-02   4.4336480E-02   4.3014540E-02   4.2068260E-02   4.0519800E-02   3.8983200E-02   3.7664570E-02   3.6323010E-02   3.4336830E-02   3.2563030E-02
  3.0061730E-02   2.7102010E-02   2.4303100E-02   2.1364500E-02   1.8026460E-02   1.4702520E-02   1.1810300E-02   8.9337030E-03   6.5646570E-03   4.7707270E-03
  3.5540650E-03   2.8639600E-03   2.5495110E-03   2.2834530E-03   2.0412520E-03   1.7032830E-03   1.3486370E-03   9.7022530E-04   6.5286710E-04   4.6413990E-04
  3.6364620E-04   2.9912550E-04   2.5454800E-04   2.2696330E-04   2.0774940E-04   1.8880700E-04   1.7571490E-04   1.6454280E-04   1.5428930E-04   1.4024010E-04
  1.2975860E-04   1.2076330E-04   1.1310700E-04   1.0526170E-04   9.8604830E-05   9.2452650E-05   8.6598590E-05   8.1323360E-05   7.6544610E-05   7.0575760E-05
  6.4955830E-05   5.9657500E-05   5.4803790E-05   5.0227170E-05   4.6206740E-05   4.2607320E-05   3.9412290E-05   3.6487130E-05   3.3461000E-05   3.0828610E-05
  2.8731380E-05   2.7007730E-05   2.5524950E-05   2.4198650E-05   2.3106670E-05   2.2180090E-05   2.1362000E-05   2.0703550E-05   2.0148710E-05   1.9649640E-05
  1.9200310E-05   1.8740990E-05   1.8277630E-05   1.7826530E-05   1.7413930E-05   1.7073220E-05   1.6511340E-05   1.5786270E-05
  2.7249420E-02   6.1152250E-02   7.0517150E-02   7.5945460E-02   8.0576190E-02   8.3856280E-02   8.6031260E-02   8.6803370E-02   8.6760370E-02   8.6092760E-02
  8.4967190E-02   8.3837650E-02   8.2321910E-02   8.0724840E-02   7.8933240E-02   7.6907210E-02   7.4962770E-02   7.3079990E-02   7.1164440E-02   6.9162400E-02
  6.7177590E-02   6.5093340E-02   6.2943410E-02   6.0729070E-02   5.8582880E-02   5.6481450E-02   5.4295510E-02   5.2235260E-02   5.0268480E-02   4.8416550E-02
  4.6634570E-02   4.4837620E-02   4.3246660E-02   4.1711790E-02   4.0046370E-02   3.8319580E-02   3.6627830E-02   3.4969870E-02   3.3361900E-02   3.1888850E-02
  3.0412320E-02   2.8992120E-02   2.7625920E-02   2.6327460E-02   2.5017620E-02   2.3625130E-02   2.2180970E-02   2.0775190E-02   1.9509610E-02   1.8266100E-02
  1.7012690E-02   1.5785410E-02   1.4681610E-02   1.3723500E-02   1.2816670E-02   1.1989800E-02   1.1199950E-02   1.0451030E-02   9.8264620E-03   9.2623990E-03
  8.7697090E-03   8.3365490E-03   7.9200780E-03   7.5068120E-03   7.0626520E-03   6.5963280E-03   6.0712490E-03   5.5162930E-03   4.9536490E-03   4.3858880E-03
  3.8360560E-03   3.3118200E-03   2.8319440E-03   2.3886530E-03   1.9965500E-03   1.6583400E-03   1.3678450E-03   1.1358260E-03   9.6929000E-04   8.5675560E-04
  7.7751300E-04   7.1883570E-04   6.7110900E-04   6.3182790E-04   5.9765460E-04   5.6631290E-04   5.3984680E-04   5.1690680E-04   4.9531650E-04   4.7593300E-04
  4.5797400E-04   4.4016900E-04   4.2327860E-04   4.0704610E-04   3.9143740E-04   3.7681550E-04   3.6171450E-04   3.4711410E-04   3.3299440E-04   3.1818570E-04
  3.0364970E-04   2.8930830E-04   2.7413300E-04   2.5907030E-04   2.4405860E-04   2.2823540E-04   2.1252640E-04   1.9673460E-04   1.8099990E-04   1.6561970E-04
  1.5002440E-04   1.3486710E-04   1.2023000E-04   1.0577820E-04   9.2022880E-05   7.9130590E-05   6.6963980E-05   5.5652600E-05   4.5342830E-05   3.6101010E-05
  2.7839700E-05   2.0691450E-05   1.4673890E-05   9.7140240E-06   5.8289440E-06   2.9843130E-06   1.1274010E-06   2.2258350E-07
  3.0659770E-01   1.4798300E-01   6.2031050E-02   1.4762750E-02   1.2139430E-03   6.7384140E-03   1.8968970E-02   3.3182620E-02   4.7452490E-02   6.2107910E-02
  7.5502490E-02   8.7312480E-02   9.5508810E-02   9.7128030E-02   9.5791470E-02   9.5475060E-02   9.5878620E-02   9.6551370E-02   9.9586840E-02   1.0601350E-01
  1.1329540E-01   1.1962230E-01   1.2688040E-01   1.3374610E-01   1.3723130E-01   1.3981880E-01   1.4242600E-01   1.4396270E-01   1.4388770E-01   1.4279970E-01
  1.4078900E-01   1.3537810E-01   1.3099770E-01   1.3122270E-01   1.3153040E-01   1.2971500E-01   1.2562380E-01   1.2417890E-01   1.2778420E-01   1.3311230E-01
  1.3940770E-01   1.4139240E-01   1.4109030E-01   1.4263620E-01   1.3992400E-01   1.3692950E-01   1.4222550E-01   1.4937900E-01   1.5262660E-01   1.4833740E-01
  1.3234140E-01   1.1965580E-01   1.1338660E-01   1.0445250E-01   9.6411890E-02   8.5722840E-02   6.4495500E-02   3.6066350E-02   1.6199850E-02   9.7421690E-03
  9.9691880E-03   1.3148650E-02   1.2277110E-02   7.9879120E-03   5.7018230E-03   8.5099500E-03   1.2247560E-02   1.1733450E-02   1.1177770E-02   1.0851810E-02
  9.8571910E-03   9.3685780E-03   8.7564020E-03   7.4638410E-03   7.8106040E-03   1.0773200E-02   1.4275430E-02   1.7538920E-02   2.1766000E-02   2.0548810E-02
  1.1796970E-02   3.6129620E-03  -1.9527040E-03  -8.5316740E-03  -1.2328960E-02  -1.4838620E-02  -2.0260580E-02  -2.5538230E-02  -3.1528990E-02  -3.5495680E-02
 -3.5102770E-02  -3.2848320E-02  -2.9296830E-02  -2.7088320E-02  -2.4334860E-02  -1.9962360E-02  -1.6669930E-02  -1.4836600E-02  -1.2050140E-02  -6.6314260E-03
 -1.8657030E-03   3.2656020E-03   9.3211840E-03   1.5251630E-02   2.0269570E-02   2.2951860E-02   2.4537200E-02   2.4577330E-02   2.3400350E-02   2.2491440E-02
  2.1479060E-02   2.0935620E-02   2.1551370E-02   2.2725470E-02   2.4266930E-02   2.5014450E-02   2.4728680E-02   2.5250900E-02   2.5089340E-02   2.3801030E-02
  2.1798840E-02   1.8498910E-02   1.4850400E-02   1.0970360E-02   7.0071100E-03   3.6776890E-03   1.2992410E-03   1.9874420E-04
  5.0987440E-02   1.0987900E-01   9.7378010E-02   8.4787450E-02   7.4218210E-02   6.6288520E-02   6.0400800E-02   5.5877760E-02   5.2170630E-02   4.9041610E-02
  4.6395500E-02   4.4087180E-02   4.2073570E-02   4.0367660E-02   3.8859660E-02   3.7428290E-02   3.6101420E-02   3.4873680E-02   3.3760670E-02   3.2661020E-02
  3.1609840E-02   3.0609750E-02   2.9623010E-02   2.8642420E-02   2.7660380E-02   2.6761110E-02   2.5896940E-02   2.5026380E-02   2.4170550E-02   2.3286230E-02
  2.2464730E-02   2.1671580E-02   2.0868010E-02   2.0092180E-02   1.9388280E-02   1.8686350E-02   1.7992950E-02   1.7300000E-02   1.6601990E-02   1.5920250E-02
  1.5287650E-02   1.4656860E-02   1.4015630E-02   1.3385540E-02   1.2753160E-02   1.2155070E-02   1.1565100E-02   1.0952670E-02   1.0346860E-02   9.7488510E-03
  9.1827330E-03   8.6542150E-03   8.0921440E-03   7.5500770E-03   6.9999210E-03   6.4529550E-03   5.8711420E-03   5.2813570E-03   4.6596460E-03   4.0542610E-03
  3.4491520E-03   2.8905780E-03   2.3782450E-03   1.9090880E-03   1.5146980E-03   1.2202230E-03   9.8463800E-04   8.2479160E-04   6.9562270E-04   5.9375550E-04
  5.2312090E-04   4.6291770E-04   4.0360110E-04   3.3027740E-04   2.6815840E-04   2.0755090E-04   1.4585980E-04   9.2366830E-05   5.6445590E-05   3.3675280E-05
  1.8565350E-05   8.7747810E-06   3.7354350E-06   1.4115260E-06   5.3543570E-07   2.0585110E-07   9.0118380E-08   4.3585460E-08   2.4405070E-08   1.1761590E-08
  5.4113870E-09   2.0853500E-09   8.1668640E-10   3.4967870E-10   2.0659740E-10   1.5140030E-10   1.2158610E-10   1.0057330E-10   8.4140300E-11   7.0744790E-11
  5.9591050E-11   5.0165750E-11   4.2131050E-11   3.5252530E-11   2.9355380E-11   2.4294060E-11   1.9961600E-11   1.6264880E-11   1.3128780E-11   1.0486240E-11
  8.2776490E-12   6.4491290E-12   4.9513710E-12   3.7392870E-12   2.7719890E-12   2.0122510E-12   1.4264000E-12   9.8394180E-13   6.5755000E-13   4.2343100E-13
  2.6082320E-13   1.5230050E-13   8.3241050E-14   4.1837760E-14   1.8822610E-14   7.2465050E-15   2.1845360E-15   4.1043610E-16
  3.1738320E-03   3.9524470E-03   4.3080190E-03   4.5351880E-03   4.6824490E-03   4.7524980E-03   4.7962470E-03   4.8295440E-03   4.8372130E-03   4.8475430E-03
  4.8723640E-03   4.8955540E-03   4.9155190E-03   4.9299960E-03   4.9303010E-03   4.9147350E-03   4.8955770E-03   4.8782920E-03   4.8746760E-03   4.8814800E-03
  4.8666120E-03   4.8364410E-03   4.7971780E-03   4.7645430E-03   4.7381680E-03   4.7382510E-03   4.7406230E-03   4.7420200E-03   4.7607660E-03   4.7826230E-03
  4.7963120E-03   4.7971290E-03   4.8240210E-03   4.8761860E-03   4.9228190E-03   4.9433640E-03   4.9445710E-03   4.9292240E-03   4.9137700E-03   4.9068490E-03
  4.9259930E-03   4.9492910E-03   4.9972420E-03   5.0646250E-03   5.1309200E-03   5.1532820E-03   5.1800430E-03   5.2449830E-03   5.3356000E-03   5.3974220E-03
  5.4874020E-03   5.6391600E-03   5.8441090E-03   6.0220360E-03   6.1049500E-03   6.1814220E-03   6.2993950E-03   6.4807310E-03   6.6602570E-03   6.9437090E-03
  7.2040320E-03   7.2353320E-03   7.1920290E-03   7.3322000E-03   7.4086730E-03   7.2939540E-03   7.2954050E-03   7.1173500E-03   6.6820400E-03   6.2013380E-03
  5.5179760E-03   4.7940680E-03   4.0383380E-03   3.3855690E-03   2.7576800E-03   2.0904760E-03   1.6171600E-03   1.1961240E-03   8.0219520E-04   5.1538270E-04
  3.6543390E-04   3.1698800E-04   3.0781790E-04   2.9614680E-04   2.7138460E-04   2.4957260E-04   2.4009490E-04   2.3290210E-04   2.2917010E-04   2.2871860E-04
  2.2096400E-04   2.1215170E-04   2.0732790E-04   2.0151610E-04   1.9584100E-04   1.9039220E-04   1.8731760E-04   1.8314470E-04   1.7680100E-04   1.6924410E-04
  1.6292710E-04   1.5678830E-04   1.4818200E-04   1.3778800E-04   1.2664640E-04   1.1530310E-04   1.0538460E-04   9.5289430E-05   8.8080390E-05   7.7104090E-05
  6.8966830E-05   6.5423610E-05   5.4084700E-05   4.6424130E-05   4.0912080E-05   4.0719950E-05   3.0105220E-05   2.8641520E-05   2.5586300E-05   1.6448040E-05
  2.1431810E-05   1.6457330E-05   2.3597920E-05   1.4379370E-05   8.8018690E-06   1.4467070E-05   4.6277880E-05   4.4460320E-06
