 7.30 UTC A _3.125m_Marat
         128
  1.5625000E+00   4.6875000E+00   7.8125000E+00   1.0937500E+01   1.4062500E+01   1.7187500E+01   2.0312500E+01   2.3437500E+01   2.6562500E+01   2.9687500E+01
  3.2812500E+01   3.5937500E+01   3.9062500E+01   4.2187500E+01   4.5312500E+01   4.8437500E+01   5.1562500E+01   5.4687500E+01   5.7812500E+01   6.0937500E+01
  6.4062500E+01   6.7187500E+01   7.0312500E+01   7.3437500E+01   7.6562500E+01   7.9687500E+01   8.2812500E+01   8.5937500E+01   8.9062500E+01   9.2187500E+01
  9.5312500E+01   9.8437500E+01   1.0156250E+02   1.0468750E+02   1.0781250E+02   1.1093750E+02   1.1406250E+02   1.1718750E+02   1.2031250E+02   1.2343750E+02
  1.2656250E+02   1.2968750E+02   1.3281250E+02   1.3593750E+02   1.3906250E+02   1.4218750E+02   1.4531250E+02   1.4843750E+02   1.5156250E+02   1.5468750E+02
  1.5781250E+02   1.6093750E+02   1.6406250E+02   1.6718750E+02   1.7031250E+02   1.7343750E+02   1.7656250E+02   1.7968750E+02   1.8281250E+02   1.8593750E+02
  1.8906250E+02   1.9218750E+02   1.9531250E+02   1.9843750E+02   2.0156250E+02   2.0468750E+02   2.0781250E+02   2.1093750E+02   2.1406250E+02   2.1718750E+02
  2.2031250E+02   2.2343750E+02   2.2656250E+02   2.2968750E+02   2.3281250E+02   2.3593750E+02   2.3906250E+02   2.4218750E+02   2.4531250E+02   2.4843750E+02
  2.5156250E+02   2.5468750E+02   2.5781250E+02   2.6093750E+02   2.6406250E+02   2.6718750E+02   2.7031250E+02   2.7343750E+02   2.7656250E+02   2.7968750E+02
  2.8281250E+02   2.8593750E+02   2.8906250E+02   2.9218750E+02   2.9531250E+02   2.9843750E+02   3.0156250E+02   3.0468750E+02   3.0781250E+02   3.1093750E+02
  3.1406250E+02   3.1718750E+02   3.2031250E+02   3.2343750E+02   3.2656250E+02   3.2968750E+02   3.3281250E+02   3.3593750E+02   3.3906250E+02   3.4218750E+02
  3.4531250E+02   3.4843750E+02   3.5156250E+02   3.5468750E+02   3.5781250E+02   3.6093750E+02   3.6406250E+02   3.6718750E+02   3.7031250E+02   3.7343750E+02
  3.7656250E+02   3.7968750E+02   3.8281250E+02   3.8593750E+02   3.8906250E+02   3.9218750E+02   3.9531250E+02   3.9843750E+02
  1.4469860E+00   2.2624020E+00   2.6024540E+00   2.9061960E+00   3.1447650E+00   3.3513380E+00   3.5324480E+00   3.7003720E+00   3.8534810E+00   3.9993820E+00
  4.1406910E+00   4.2765160E+00   4.4105700E+00   4.5388790E+00   4.6645610E+00   4.7904060E+00   4.9123950E+00   5.0326020E+00   5.1517000E+00   5.2683810E+00
  5.3845490E+00   5.4991570E+00   5.6142660E+00   5.7277600E+00   5.8420850E+00   5.9554760E+00   6.0683620E+00   6.1820530E+00   6.2937520E+00   6.4033420E+00
  6.5136950E+00   6.6241150E+00   6.7340930E+00   6.8445290E+00   6.9550090E+00   7.0670520E+00   7.1795600E+00   7.2932540E+00   7.4046820E+00   7.5166310E+00
  7.6269180E+00   7.7357440E+00   7.8461430E+00   7.9550360E+00   8.0642360E+00   8.1726880E+00   8.2780720E+00   8.3818500E+00   8.4850770E+00   8.5848110E+00
  8.6834200E+00   8.7786540E+00   8.8679090E+00   8.9584470E+00   9.0442540E+00   9.1224520E+00   9.1936170E+00   9.2548860E+00   9.3050440E+00   9.3408870E+00
  9.3589280E+00   9.3614370E+00   9.3478430E+00   9.3150040E+00   9.2660660E+00   9.2006950E+00   9.1194880E+00   9.0247040E+00   8.9196260E+00   8.8014430E+00
  8.6780330E+00   8.5569730E+00   8.4364800E+00   8.3207170E+00   8.2127770E+00   8.1202340E+00   8.0537360E+00   8.0133600E+00   7.9959740E+00   7.9938080E+00
  7.9983930E+00   8.0019890E+00   8.0022720E+00   8.0014190E+00   8.0013600E+00   8.0016590E+00   8.0018780E+00   8.0016110E+00   8.0015160E+00   8.0016450E+00
  8.0014530E+00   8.0013160E+00   8.0011420E+00   8.0009830E+00   8.0009850E+00   8.0010310E+00   8.0010710E+00   8.0010240E+00   8.0010650E+00   8.0010750E+00
  8.0011140E+00   8.0011630E+00   8.0013070E+00   8.0015460E+00   8.0019280E+00   8.0023810E+00   8.0029030E+00   8.0034900E+00   8.0041490E+00   8.0048160E+00
  8.0054740E+00   8.0061230E+00   8.0067200E+00   8.0072350E+00   8.0076260E+00   8.0079140E+00   8.0080570E+00   8.0079980E+00   8.0077340E+00   8.0072370E+00
  8.0065080E+00   8.0055850E+00   8.0045340E+00   8.0034670E+00   8.0024790E+00   8.0016310E+00   8.0009320E+00   8.0003520E+00
  1.0250540E+00   1.6707200E+00   1.9065570E+00   2.1067440E+00   2.2496370E+00   2.3716300E+00   2.4688070E+00   2.5523720E+00   2.6280190E+00   2.6995290E+00
  2.7637890E+00   2.8231800E+00   2.8759000E+00   2.9238280E+00   2.9697340E+00   3.0126370E+00   3.0503390E+00   3.0840160E+00   3.1174930E+00   3.1488370E+00
  3.1791010E+00   3.2077080E+00   3.2344440E+00   3.2568280E+00   3.2748310E+00   3.2899170E+00   3.3012760E+00   3.3081450E+00   3.3126510E+00   3.3161650E+00
  3.3178320E+00   3.3168300E+00   3.3135910E+00   3.3079640E+00   3.3001190E+00   3.2897640E+00   3.2745210E+00   3.2550660E+00   3.2312550E+00   3.2038200E+00
  3.1721380E+00   3.1379050E+00   3.1001270E+00   3.0554970E+00   3.0072560E+00   2.9532820E+00   2.8947820E+00   2.8323610E+00   2.7652660E+00   2.6918240E+00
  2.6116340E+00   2.5253200E+00   2.4298450E+00   2.3260200E+00   2.2123930E+00   2.0919900E+00   1.9624150E+00   1.8253300E+00   1.6822050E+00   1.5317990E+00
  1.3758530E+00   1.2169510E+00   1.0604380E+00   9.0635090E-01   7.6387110E-01   6.2978550E-01   5.0823000E-01   4.0120190E-01   3.1025220E-01   2.2971560E-01
  1.6502890E-01   1.1449840E-01   7.4455250E-02   4.5522630E-02   2.5336120E-02   1.3896660E-02   9.0515050E-03   9.2197470E-03   9.1359090E-03   6.9035890E-03
  4.1684490E-03   3.1086950E-03   2.7276020E-03   2.2844980E-03   2.1957110E-03   2.4618850E-03   2.7721600E-03   3.3716750E-03   5.0284070E-03   4.9495580E-03
  4.1769860E-03   3.9466220E-03   4.2339790E-03   4.5054820E-03   4.7452400E-03   5.0413710E-03   5.2775700E-03   5.5406870E-03   5.8990750E-03   6.2596110E-03
  6.6466020E-03   7.0451630E-03   7.5043140E-03   7.9342430E-03   8.3143930E-03   8.7436920E-03   9.1141380E-03   9.4421040E-03   9.7548190E-03   9.9557340E-03
  1.0099410E-02   1.0172970E-02   1.0164900E-02   1.0077210E-02   9.8891510E-03   9.5958420E-03   9.1979700E-03   8.6806770E-03   8.0554700E-03   7.3301610E-03
  6.5083280E-03   5.5986340E-03   4.6585360E-03   3.7359960E-03   2.8336660E-03   1.8947240E-03   9.9706990E-04   2.7559190E-04
  2.6349770E+02   2.6357570E+02   2.6362120E+02   2.6365930E+02   2.6369120E+02   2.6371910E+02   2.6374390E+02   2.6376630E+02   2.6378710E+02   2.6380700E+02
  2.6382610E+02   2.6384440E+02   2.6386240E+02   2.6387990E+02   2.6389670E+02   2.6391340E+02   2.6393000E+02   2.6394630E+02   2.6396260E+02   2.6397890E+02
  2.6399500E+02   2.6401100E+02   2.6402710E+02   2.6404300E+02   2.6405910E+02   2.6407530E+02   2.6409160E+02   2.6410800E+02   2.6412460E+02   2.6414110E+02
  2.6415800E+02   2.6417490E+02   2.6419210E+02   2.6420940E+02   2.6422720E+02   2.6424560E+02   2.6426460E+02   2.6428440E+02   2.6430440E+02   2.6432460E+02
  2.6434510E+02   2.6436590E+02   2.6438760E+02   2.6441050E+02   2.6443410E+02   2.6445860E+02   2.6448420E+02   2.6451070E+02   2.6453820E+02   2.6456780E+02
  2.6459920E+02   2.6463230E+02   2.6466770E+02   2.6470540E+02   2.6474610E+02   2.6479010E+02   2.6483680E+02   2.6488690E+02   2.6494100E+02   2.6499930E+02
  2.6506110E+02   2.6512630E+02   2.6519530E+02   2.6526790E+02   2.6534270E+02   2.6542290E+02   2.6550630E+02   2.6559320E+02   2.6568180E+02   2.6577790E+02
  2.6587430E+02   2.6596800E+02   2.6606030E+02   2.6614900E+02   2.6623280E+02   2.6630550E+02   2.6636550E+02   2.6641650E+02   2.6645730E+02   2.6649090E+02
  2.6652220E+02   2.6655410E+02   2.6658630E+02   2.6661900E+02   2.6665060E+02   2.6668190E+02   2.6671320E+02   2.6674460E+02   2.6677540E+02   2.6680730E+02
  2.6683870E+02   2.6687030E+02   2.6690150E+02   2.6693290E+02   2.6696400E+02   2.6699510E+02   2.6702600E+02   2.6705740E+02   2.6708860E+02   2.6712010E+02
  2.6715130E+02   2.6718280E+02   2.6721370E+02   2.6724500E+02   2.6727530E+02   2.6730580E+02   2.6733470E+02   2.6736450E+02   2.6739210E+02   2.6742120E+02
  2.6744780E+02   2.6747640E+02   2.6750340E+02   2.6753170E+02   2.6756020E+02   2.6758700E+02   2.6761410E+02   2.6763730E+02   2.6766420E+02   2.6769030E+02
  2.6772010E+02   2.6774980E+02   2.6778020E+02   2.6781230E+02   2.6784670E+02   2.6789690E+02   2.6796190E+02   2.6802990E+02
