# z, uu, uv, uw, vv, vw, ww, tke
0.000000000000000000e+00 7.131370011921566165e-01 1.445553027131146751e-01 -7.429263043043805859e-02 3.440344067666512018e-01 -2.137110067538091143e-02 7.532707766524807114e-02 5.662492428120280419e-01
1.041666700000000034e+01 7.080754898662905417e-01 1.514649321513903135e-01 -7.212381984911674093e-02 3.210438305550806226e-01 -2.143368291420515159e-02 6.088683621086168896e-02 5.450030783161163850e-01
2.083333299999999966e+01 6.692810125263799481e-01 1.288103242093576184e-01 -1.066984014808346898e-01 3.219687136651143144e-01 -2.871307907247756114e-02 1.128721765934194571e-01 5.520609513924569223e-01
3.125000000000000000e+01 5.517298570246838008e-01 9.970498198795411937e-02 -1.040849650409280819e-01 2.862102879357622531e-01 -2.559295264934282818e-02 1.378290072228081364e-01 4.878845760916270535e-01
4.166666699999999679e+01 4.975830056837906024e-01 8.242945316564795344e-02 -1.052423662039493751e-01 2.649728705448988753e-01 -2.333961598230925583e-02 1.427246080843103948e-01 4.526402421564999501e-01
5.208333300000000321e+01 4.483862373062555418e-01 6.673454648855618732e-02 -1.018484577178788986e-01 2.465365826432342755e-01 -2.051322210192208298e-02 1.441016157750699134e-01 4.195122178622798792e-01
6.250000000000000000e+01 4.201142085391896264e-01 5.505916638683180930e-02 -1.004700984679380571e-01 2.325729437078116468e-01 -1.776359965365611332e-02 1.422157054466428039e-01 3.974514288468220524e-01
7.291666700000000390e+01 3.934045307895429056e-01 4.551343500207603865e-02 -9.730307469119536812e-02 2.190645420553073985e-01 -1.525022734551611733e-02 1.389223003820771185e-01 3.756956866134636974e-01
8.333333299999999610e+01 3.708919749240269792e-01 3.699102153791450354e-02 -9.511634918024743091e-02 2.068337978816929823e-01 -1.291589436200014755e-02 1.365177903691407735e-01 3.571217815874303536e-01
9.375000000000000000e+01 3.538270408003544865e-01 3.085317411287569200e-02 -9.189363371822009685e-02 1.976462375326348830e-01 -1.036516486095627292e-02 1.329930526006500857e-01 3.422331654668197554e-01
1.041666670000000039e+02 3.388466426861632685e-01 2.466244334662313215e-02 -8.946315220976927551e-02 1.884975342808367926e-01 -8.308854731598180540e-03 1.302785363222068726e-01 3.288113566446034808e-01
1.145833329999999961e+02 3.245689431558164695e-01 2.036918842791430456e-02 -8.658562457680309132e-02 1.813699560660930188e-01 -6.248364827798087197e-03 1.266972238318973820e-01 3.163180615269034490e-01
1.250000000000000000e+02 3.124630335505568235e-01 1.636851945542932077e-02 -8.387322588646282939e-02 1.750671839747256764e-01 -4.351163367524263532e-03 1.238800915217133508e-01 3.057051545234978907e-01
1.354166669999999897e+02 3.000300592030462621e-01 1.221898984368305005e-02 -8.102304691522768665e-02 1.690526493436408095e-01 -2.601369829358706788e-03 1.203740457653487556e-01 2.947283771560179066e-01
1.458333330000000103e+02 2.884926476476226131e-01 9.023897177504491482e-03 -7.838611328372069309e-02 1.633808429346762792e-01 -8.890522487215666561e-04 1.178796386826838211e-01 2.848765646324913359e-01
1.562500000000000000e+02 2.769675656037176581e-01 5.394831243517020890e-03 -7.549281786151730567e-02 1.582292633054686593e-01 7.836127787688861208e-04 1.146467158774277101e-01 2.749217723933070068e-01
1.666666669999999897e+02 2.655118094104474968e-01 2.051370377770515667e-03 -7.295315968301807619e-02 1.539638074346515451e-01 2.260887902751879813e-03 1.119075312911513298e-01 2.656915740681251581e-01
1.770833330000000103e+02 2.553467145486539303e-01 2.555189416696425331e-04 -6.998844679563952231e-02 1.489829634902326005e-01 3.695254455620666442e-03 1.083498857451855590e-01 2.563397818920360449e-01
1.875000000000000000e+02 2.439861256701856829e-01 -1.043686347723251934e-03 -6.750176892595734224e-02 1.432338928792498411e-01 4.894634853127812456e-03 1.057003746523817317e-01 2.464601966009086487e-01
1.979166669999999897e+02 2.350123882438554246e-01 -3.655615215468353742e-03 -6.455849128094330591e-02 1.398120174436258134e-01 6.110447721225165281e-03 1.019817448956838735e-01 2.384030752915825557e-01
2.083333330000000103e+02 2.260877199055215947e-01 -5.538732406918525121e-03 -6.199416321951788794e-02 1.360825183163622831e-01 7.111263470660330634e-03 9.894744864312009225e-02 2.305588434325019920e-01
2.187500000000000000e+02 2.180598258972485382e-01 -7.325619929950625414e-03 -5.933096772336531738e-02 1.329050615892644338e-01 8.030514486392768825e-03 9.558882864223962328e-02 2.232768580643763046e-01
2.291666669999999897e+02 2.093474177616817533e-01 -9.019727197189889370e-03 -5.674589236555389882e-02 1.300740087974531500e-01 8.816940310295149491e-03 9.242552058741763943e-02 2.159234735732762644e-01
2.395833330000000103e+02 2.003018637715833772e-01 -9.641604861240658450e-03 -5.414814530858600566e-02 1.256974898254481776e-01 9.596170262800591405e-03 8.909809190023058878e-02 2.075487227486310926e-01
2.500000000000000000e+02 1.923563760384595367e-01 -1.117951782871537576e-02 -5.169831245919134788e-02 1.215696448566638277e-01 1.026397726509759196e-02 8.611386586608139881e-02 2.000199433806023608e-01
2.604166670000000181e+02 1.851356166488735966e-01 -1.267842430069282544e-02 -4.908868756201741762e-02 1.181696865065730434e-01 1.079605860675230712e-02 8.288741245336771202e-02 1.930963578044071760e-01
2.708333329999999819e+02 1.783302899482187287e-01 -1.372431409827185554e-02 -4.687131795931814143e-02 1.137841385830658802e-01 1.134887279022150225e-02 8.019869369752205546e-02 1.861565611144033183e-01
2.812500000000000000e+02 1.711977914186252336e-01 -1.533768118372687631e-02 -4.436997870208001654e-02 1.101122411134610041e-01 1.165828179143895034e-02 7.661422045568191952e-02 1.789621264938840994e-01
2.916666670000000181e+02 1.649749132637375049e-01 -1.651034499676212394e-02 -4.225163009388488433e-02 1.068297048708180819e-01 1.204205718433445579e-02 7.343450881576001066e-02 1.726195634751578056e-01
3.020833329999999819e+02 1.583248606191458852e-01 -1.753211301061679064e-02 -3.993310841946508261e-02 1.030269226807976474e-01 1.222059708075977531e-02 7.007168629491948575e-02 1.657117347974315091e-01
3.125000000000000000e+02 1.513843523126942592e-01 -1.720667686162755811e-02 -3.774738769118462373e-02 9.996459805964337531e-02 1.244360062245644834e-02 6.688930114827972007e-02 1.591191257603086773e-01
3.229166670000000181e+02 1.451734126490538956e-01 -1.660632622220336793e-02 -3.548672876510852725e-02 9.625723384070795918e-02 1.254126719236382283e-02 6.378518863760070101e-02 1.526079175636812779e-01
3.333333329999999819e+02 1.382454830371012411e-01 -1.631126593776069736e-02 -3.354045692827388458e-02 9.307822200801854629e-02 1.242258100991492850e-02 6.075860073166008263e-02 1.460411528883899246e-01
3.437500000000000000e+02 1.316939604466629554e-01 -1.616405800224997649e-02 -3.140390740620096349e-02 9.002448215451895608e-02 1.259525026807316143e-02 5.789483167701785921e-02 1.398066371390998819e-01
3.541666670000000181e+02 1.244326742358565357e-01 -1.492450270110867207e-02 -2.927134530872719381e-02 8.658161472459303953e-02 1.244107356984526166e-02 5.472224220779329379e-02 1.328682655841214311e-01
3.645833329999999819e+02 1.179675697836061882e-01 -1.495536760547700600e-02 -2.728439787399463551e-02 8.278788071174152108e-02 1.239873253830852708e-02 5.160799828996196631e-02 1.261817243926548482e-01
3.750000000000000000e+02 1.103207115794676840e-01 -1.488409015190450199e-02 -2.531787431304000080e-02 7.937558204314541788e-02 1.216474211525734109e-02 4.887608832291012728e-02 1.192861909727616077e-01
3.854166670000000181e+02 1.042721180965232863e-01 -1.510844792207443991e-02 -2.326100948900614029e-02 7.740210903543390253e-02 1.207206663292366075e-02 4.599292746570854407e-02 1.138335772988328665e-01
3.958333329999999819e+02 9.822370148529328826e-02 -1.527941789304516039e-02 -2.124189399572260634e-02 7.426867359054026285e-02 1.179539114945802290e-02 4.303433566194542897e-02 1.077633553688894796e-01
4.062500000000000000e+02 9.289885253850681257e-02 -1.585556119535861883e-02 -1.937583520353014163e-02 7.138003657415890879e-02 1.146199167060254001e-02 3.998964160242865495e-02 1.021342653575471882e-01
4.166666670000000181e+02 8.696437244841197234e-02 -1.578296510353089516e-02 -1.729983490805522828e-02 6.862161270944970581e-02 1.101347559765127569e-02 3.714448299107952350e-02 9.636523407447060430e-02
4.270833329999999819e+02 8.118849477205282439e-02 -1.546426848447946326e-02 -1.557469632726164385e-02 6.668904269338540858e-02 1.062021218193345308e-02 3.431088111634954946e-02 9.109420929089390162e-02
4.375000000000000000e+02 7.561594228991101729e-02 -1.509752068706159307e-02 -1.361432712584239972e-02 6.429791726701983290e-02 1.004400812793556676e-02 3.137284423181396081e-02 8.564335189437241591e-02
4.479166670000000181e+02 6.914341832528841936e-02 -1.467232230471276870e-02 -1.192742491199372257e-02 6.138015301697531678e-02 9.495216287890613158e-03 2.877163448934323686e-02 7.964760291580347262e-02
4.583333329999999819e+02 6.303978034290035060e-02 -1.441182263688834016e-02 -1.015334727309239946e-02 5.930669675669056340e-02 8.835679009349032761e-03 2.632499112713721987e-02 7.433573411336406866e-02
4.687500000000000000e+02 5.738016434660193205e-02 -1.438198207128638106e-02 -8.678180880377219658e-03 5.663719728015182558e-02 8.097969395730665251e-03 2.414203279585776241e-02 6.907969721130576002e-02
4.791666670000000181e+02 5.084755110014018559e-02 -1.356666132592860945e-02 -7.071340374644563380e-03 5.474395553207260512e-02 7.288672067409650290e-03 2.213625813902021441e-02 6.386388238561649389e-02
4.895833329999999819e+02 4.409873018870819755e-02 -1.242256272957956674e-02 -5.626910123230972026e-03 5.419084798665756847e-02 6.425180908277808821e-03 2.060419902858787872e-02 5.944688860197681890e-02
5.000000000000000000e+02 3.768017652350879459e-02 -1.090204885304013951e-02 -4.397353317617059935e-03 5.496768738468144067e-02 5.433917329392857522e-03 1.951913079339876941e-02 5.608349735079450754e-02
5.104166670000000181e+02 3.085824388489495293e-02 -7.318473814660806515e-03 -3.259819774931708818e-03 5.694769035070789548e-02 4.443608459775406916e-03 1.915646590189268306e-02 5.348120006874776400e-02
5.208333330000000387e+02 2.550260947034104983e-02 1.551215078760626107e-04 -2.395144983400522565e-03 5.924937072447209602e-02 3.413506989428144196e-03 1.953036165250295400e-02 5.214117092365804645e-02
5.312500000000000000e+02 2.563145647210197248e-02 1.148311707364207263e-02 -1.808959653652625040e-03 6.021966457254571831e-02 2.518406433120294347e-03 2.039033344336805414e-02 5.312072724400787593e-02
5.416666669999999613e+02 3.541880990052402589e-02 2.410726089487457563e-02 -1.414033279832460892e-03 5.465629073687152534e-02 1.669917483172584337e-03 2.144250448151014191e-02 5.575880255945284136e-02
5.520833330000000387e+02 4.689398092252920758e-02 2.752616734363794518e-02 -1.303497051626407392e-03 3.793753118823914305e-02 1.166859564453037821e-03 2.173651590045752591e-02 5.328401400561293827e-02
5.625000000000000000e+02 4.326579605477337553e-02 1.796731255296437832e-02 -9.660333141842106968e-04 2.018306472267316493e-02 8.206297706303855881e-04 2.097232031735793423e-02 4.221059054740224081e-02
5.729166669999999613e+02 3.056222882779143293e-02 6.997133879597619566e-03 -8.138795954307769410e-04 9.982590297586729083e-03 5.425464527395283546e-04 1.965728410976838592e-02 3.010105161757327397e-02
5.833333330000000387e+02 1.936765721044755514e-02 3.172345394570479397e-04 -7.237191594651235611e-04 5.994763238931875328e-03 3.646237862142189001e-04 1.806844992814785403e-02 2.171543518876364182e-02
5.937500000000000000e+02 1.178193413945933209e-02 -2.573710208306455739e-03 -5.662751802463445241e-04 5.179400750000352424e-03 2.998728628036632232e-04 1.633426431807717683e-02 1.664779960376842893e-02
6.041666669999999613e+02 7.776464577669808982e-03 -3.128358164241559942e-03 -4.460418233803315749e-04 5.378437443663148555e-03 2.596471204325685972e-04 1.464116971275053296e-02 1.389803586704174525e-02
6.145833330000000387e+02 6.186631536473660362e-03 -2.846432590495239813e-03 -3.749275175565116420e-04 5.519677957507043015e-03 2.331103728172815453e-04 1.309474473447686839e-02 1.240052711422878588e-02
6.250000000000000000e+02 5.630748118060387511e-03 -2.556101266389125028e-03 -3.443577507679964332e-04 5.359563702908557228e-03 2.129673475432301117e-04 1.173610584610213295e-02 1.136320883353553884e-02
6.354166669999999613e+02 5.375876837055811736e-03 -2.456582178308991827e-03 -3.327819527415743113e-04 5.038545678340631238e-03 1.987171252412538657e-04 1.055336504017013836e-02 1.048389377778329024e-02
6.458333330000000387e+02 5.183494726770425387e-03 -2.468025410131791369e-03 -3.331782944542580147e-04 4.717119042382923212e-03 1.855370396463999283e-04 9.521934714475096401e-03 9.711274241814222066e-03
6.562500000000000000e+02 5.004663438847242740e-03 -2.494845465671172071e-03 -3.397775235560949450e-04 4.453011609034661887e-03 1.768954042944674446e-04 8.622830873045940828e-03 9.040252960463922294e-03
6.666666669999999613e+02 4.808111422011782619e-03 -2.479065613451093657e-03 -3.465385747513904913e-04 4.234254260671410468e-03 1.685922443795404902e-04 7.843330182941123108e-03 8.442847932812157230e-03
6.770833330000000387e+02 4.581103068726982003e-03 -2.413382104472816189e-03 -3.547290541295141015e-04 4.034586342817275163e-03 1.645411347019777441e-04 7.179309279634217729e-03 7.897499345589236580e-03
6.875000000000000000e+02 4.330011018136606729e-03 -2.310917144222340673e-03 -3.608609159549000999e-04 3.836021761356283796e-03 1.603347307340523558e-04 6.621865825958207427e-03 7.393949302725548976e-03
6.979166669999999613e+02 4.075448149807391063e-03 -2.195564610725909624e-03 -3.670610536191175701e-04 3.632315321289164654e-03 1.593744934650333711e-04 6.163581634365460776e-03 6.935672552731008030e-03
7.083333330000000387e+02 3.840320910399603292e-03 -2.082983725998538687e-03 -3.709806293147954541e-04 3.425784202075616951e-03 1.578881992360925391e-04 5.788788354930292195e-03 6.527446733702755785e-03
7.187500000000000000e+02 3.643813028194725721e-03 -1.979193893666455258e-03 -3.743496257090815019e-04 3.221469811575701850e-03 1.586808198155987540e-04 5.484202535403467742e-03 6.174742687586947873e-03
7.291666669999999613e+02 3.496024757077957103e-03 -1.881249831514340441e-03 -3.759004219718344031e-04 3.025108815756180364e-03 1.587696398839283797e-04 5.232698270929796863e-03 5.876915921881967382e-03
7.395833330000000387e+02 3.395046883668359494e-03 -1.786366781379588155e-03 -3.772620799706403604e-04 2.841010711537958911e-03 1.600659480728323242e-04 5.023637621975632524e-03 5.629847608590974814e-03
7.500000000000000000e+02 3.325886994157445289e-03 -1.693207981861693471e-03 -3.777527096164234812e-04 2.672907943678431812e-03 1.606849086135883078e-04 4.846244555190021112e-03 5.422519746512949324e-03
7.604166669999999613e+02 3.265203803354312703e-03 -1.602717714738279443e-03 -3.787158931778253834e-04 2.522248072080353776e-03 1.620816736657428275e-04 4.696624172107369093e-03 5.242038023771017352e-03
7.708333330000000387e+02 3.188957879433153113e-03 -1.514909091133645165e-03 -3.796034564602364207e-04 2.387090064585427850e-03 1.631645848891144209e-04 4.570356028089604672e-03 5.073201986054092817e-03
7.812500000000000000e+02 3.081098918867198038e-03 -1.429630893098072803e-03 -3.813152846176505375e-04 2.263240904877299522e-03 1.647630222675008937e-04 4.467235929781749812e-03 4.905787876763123903e-03
7.916666669999999613e+02 2.940667000035634797e-03 -1.346726508122617029e-03 -3.832819047366739984e-04 2.145641075519784651e-03 1.661560401303826455e-04 4.384892514734476006e-03 4.735600295144947944e-03
8.020833330000000387e+02 2.780113869749730859e-03 -1.266007663129547350e-03 -3.858941575805275269e-04 2.031344250733302641e-03 1.678056257312016727e-04 4.322686451289023575e-03 4.567072285886028538e-03
8.125000000000000000e+02 2.620122204625481392e-03 -1.186885865844230885e-03 -3.883949486453371655e-04 1.919031309215237478e-03 1.692513481195203891e-04 4.277435193257266531e-03 4.408294353548992267e-03
8.229166669999999613e+02 2.478472982147508080e-03 -1.108254631436439083e-03 -3.906437867526212017e-04 1.809655074447437438e-03 1.706479111717679274e-04 4.246955896968982770e-03 4.267541976781964036e-03
8.333333330000000387e+02 2.365006341939331243e-03 -1.029863771763306042e-03 -3.916910015321121660e-04 1.704662238770282209e-03 1.715953452630497849e-04 4.227520888932979545e-03 4.148594734821296065e-03
8.437500000000000000e+02 2.278402536954162675e-03 -9.523011652543964456e-04 -3.914360612353107107e-04 1.605618073608373582e-03 1.720121700852726134e-04 4.216569485584895083e-03 4.050295048073715778e-03
8.541666669999999613e+02 2.211155628322790303e-03 -8.776114528132505834e-04 -3.894290433950029786e-04 1.513084508504810135e-03 1.717209651810213040e-04 4.210988630187440136e-03 3.967614383507520395e-03
8.645833330000000387e+02 2.154201576642389340e-03 -8.084672861855299146e-04 -3.862104536953761395e-04 1.427134192177752919e-03 1.707072071420054024e-04 4.208749043019353181e-03 3.895042405919747937e-03
8.750000000000000000e+02 2.102716285918602730e-03 -7.478322195374914085e-04 -3.818676192312697574e-04 1.347858363544005402e-03 1.691245663020201858e-04 4.207761011130335335e-03 3.829167830296471842e-03
8.854166669999999613e+02 2.055888211719464950e-03 -6.976995792285312168e-04 -3.770270979166651668e-04 1.275589919860000386e-03 1.670241809374826264e-04 4.206722168777691888e-03 3.769100150178578829e-03
8.958333330000000387e+02 2.016271768771825748e-03 -6.592394911216638937e-04 -3.717354086941580425e-04 1.211249419098406983e-03 1.645781268405663116e-04 4.204574421897912424e-03 3.716047804884072686e-03
9.062500000000000000e+02 1.986906187002417980e-03 -6.324693653449443799e-04 -3.663532064740009629e-04 1.156628791279898632e-03 1.616873041242534352e-04 4.200724507147010449e-03 3.672129742714663747e-03
9.166666669999999613e+02 1.971203534318036795e-03 -6.171785982169026826e-04 -3.609161661004332920e-04 1.115373391306127707e-03 1.583869699322794291e-04 4.194857564666723722e-03 3.640717245145444220e-03
9.270833330000000387e+02 1.970915567122925177e-03 -6.132724850501726542e-04 -3.556826226300870424e-04 1.092237816500679810e-03 1.545699706298901731e-04 4.186732335144097671e-03 3.624942859383851329e-03
9.375000000000000000e+02 1.984864773391586696e-03 -6.214951218482342053e-04 -3.507423813811321031e-04 1.091220545239439703e-03 1.504091431853823903e-04 4.176400649204419641e-03 3.626242983917722911e-03
9.479166669999999613e+02 2.008996289935096203e-03 -6.422101608165075096e-04 -3.462551161256217165e-04 1.112882157170303615e-03 1.461314480239011822e-04 4.163955504700140621e-03 3.642916975902770436e-03
9.583333330000000387e+02 2.040005516831857810e-03 -6.743858691973298900e-04 -3.421313329366331454e-04 1.153556479759431427e-03 1.421224419221262859e-04 4.149826600948748785e-03 3.671694298770018794e-03
9.687500000000000000e+02 2.078998739696373901e-03 -7.150411377073956441e-04 -3.381802368268148232e-04 1.206395219434775986e-03 1.386461098430600766e-04 4.134263961205027031e-03 3.709828960168088351e-03
9.791666669999999613e+02 2.130415073891685825e-03 -7.607821927527133078e-04 -3.339312339236725721e-04 1.263984390721376375e-03 1.357698570897527342e-04 4.117464889034190383e-03 3.755932176823626074e-03
9.895833330000000387e+02 2.197375605297818054e-03 -8.091358835843548772e-04 -3.289289246029662717e-04 1.320371814339317421e-03 1.333335573760872255e-04 4.099193943235900951e-03 3.808470681436518322e-03
1.000000000000000000e+03 2.277378264588385531e-03 -8.591705190522184446e-04 -3.227614881918983874e-04 1.372115786523085516e-03 1.309831992522028068e-04 4.079142941336515692e-03 3.864318496223993586e-03
1.010416666999999961e+03 2.362936884567600100e-03 -9.104865278826712333e-04 -3.153613043517006394e-04 1.417676152288695852e-03 1.284182202556756664e-04 4.056808590254000479e-03 3.918710813555148324e-03
1.020833333000000039e+03 2.444908605013739172e-03 -9.624046301755606429e-04 -3.069442260766379002e-04 1.456675704825051562e-03 1.253846981580927571e-04 4.031907023744859750e-03 3.966745666791825567e-03
1.031250000000000000e+03 2.515782317711549605e-03 -1.013623309280886229e-03 -2.979644955726294914e-04 1.489505729531587393e-03 1.219036269189568397e-04 4.004235602908912117e-03 4.004761825076024774e-03
1.041666666999999961e+03 2.570747412995870104e-03 -1.062695074636179401e-03 -2.888159723597838826e-04 1.517771614149371990e-03 1.180481835285846284e-04 3.974005693209981677e-03 4.031262360177612428e-03
1.052083333000000039e+03 2.607294931677998657e-03 -1.108346309063155564e-03 -2.796456496637442658e-04 1.543875691146948375e-03 1.140549458865525580e-04 3.941573469706522240e-03 4.046372046265734636e-03
1.062500000000000000e+03 2.624279128083756903e-03 -1.149283040151990098e-03 -2.702753702583524575e-04 1.569611616431865024e-03 1.101110405269656030e-04 3.907727263692382762e-03 4.050809004104002561e-03
1.072916666999999961e+03 2.621843937122370592e-03 -1.183470053834411589e-03 -2.603876844161798708e-04 1.594526259253106369e-03 1.064993883227590647e-04 3.873276297785546371e-03 4.044823247080511774e-03
1.083333333000000039e+03 2.602424649239690971e-03 -1.208095606996368275e-03 -2.498151068204387988e-04 1.615930076267541992e-03 1.034488055130548746e-04 3.839192096945589095e-03 4.028773411226410812e-03
1.093750000000000000e+03 2.572084933141866817e-03 -1.220598971265463278e-03 -2.388356518750373882e-04 1.630513419898003405e-03 1.011952929273964735e-04 3.805958552496607836e-03 4.004278452768238704e-03
1.104166666999999961e+03 2.540652094351244280e-03 -1.220372611897055978e-03 -2.281419591100713215e-04 1.636280327570012287e-03 9.986692318640813363e-05 3.773819581679072402e-03 3.975376001800164268e-03
1.114583333000000039e+03 2.520561362459282362e-03 -1.209900665376302748e-03 -2.186693744991426917e-04 1.633057190023147866e-03 9.947169715548389213e-05 3.742355364366799480e-03 3.947986958424614529e-03
1.125000000000000000e+03 2.524229515226345758e-03 -1.194481376029750148e-03 -2.111464340241040653e-04 1.622062940133780573e-03 9.985943983927628176e-05 3.711123724529124829e-03 3.928708089944625906e-03
1.135416666999999961e+03 2.560750780872900721e-03 -1.180277517681202135e-03 -2.059199638427454621e-04 1.605952161046121001e-03 1.007179509126705232e-04 3.679343692682519266e-03 3.923023317300770169e-03
1.145833333000000039e+03 2.632194114896786123e-03 -1.172078301110750708e-03 -2.027906628192098113e-04 1.589172573847246655e-03 1.016380500358136186e-04 3.646578115471998428e-03 3.933972402108016145e-03
1.156250000000000000e+03 2.731441132390773508e-03 -1.172066309080701607e-03 -2.012406978571072431e-04 1.577025353932635281e-03 1.021203105154491601e-04 3.612314754120328399e-03 3.960390620221868919e-03
1.166666666999999961e+03 2.842562621537032645e-03 -1.180081786391123802e-03 -2.005558737843195780e-04 1.573419808049067925e-03 1.017490512999025222e-04 3.576676402531444796e-03 3.996329416058772357e-03
1.177083333000000039e+03 2.944588547027683720e-03 -1.194460193772301860e-03 -2.001617942825325918e-04 1.579231007587232442e-03 1.002244642205430363e-04 3.539916488563904767e-03 4.031868021589410898e-03
1.187500000000000000e+03 3.017246255031346205e-03 -1.212761097431331800e-03 -1.996402382522879677e-04 1.592295225012132923e-03 9.758166395563032988e-05 3.503028636678177238e-03 4.056285058360828075e-03
1.197916666999999961e+03 3.047405248082717122e-03 -1.232146245272836699e-03 -1.989388482391630576e-04 1.608425700742823925e-03 9.403866585430644862e-05 3.467072770718349246e-03 4.061451859771945255e-03
1.208333333000000039e+03 3.034935014832337505e-03 -1.249680693901582002e-03 -1.981107426623141996e-04 1.622525187867306659e-03 9.003872394691948236e-05 3.433564970750498276e-03 4.045512586725070678e-03
1.218750000000000000e+03 2.995121450757628600e-03 -1.262617904109766603e-03 -1.974225695757047107e-04 1.630451791874530567e-03 8.587382930605101888e-05 3.403588206861152699e-03 4.014580724746656150e-03
1.229166666999999961e+03 2.954227097527722251e-03 -1.268428738373755631e-03 -1.969359345109101406e-04 1.630832898658738815e-03 8.177560302650509585e-05 3.378114402656933607e-03 3.981587199421697879e-03
1.239583333000000039e+03 2.939173129251816934e-03 -1.264969319190448714e-03 -1.967181389204763554e-04 1.625539306754008977e-03 7.769570850487222372e-05 3.357335899025510207e-03 3.961024167515667625e-03
1.250000000000000000e+03 2.967678206732880450e-03 -1.251187680176597079e-03 -1.963813796371892005e-04 1.618077742075985179e-03 7.364879788313901797e-05 3.341385765915690347e-03 3.963570857362277988e-03
1.260416666999999961e+03 3.043436872675312280e-03 -1.228251522984083206e-03 -1.956383509164966389e-04 1.611489916321972096e-03 6.950974708073512647e-05 3.329909071057656541e-03 3.992417930027470675e-03
1.270833333000000039e+03 3.156370563232517405e-03 -1.199689109236726312e-03 -1.939884373730253026e-04 1.606757840608117292e-03 6.534298245284967700e-05 3.322802780927486439e-03 4.042965592384061002e-03
1.281250000000000000e+03 3.286189290657766209e-03 -1.169964439668484896e-03 -1.914922975867765936e-04 1.602897681502887806e-03 6.107650223229107024e-05 3.319589103277621224e-03 4.104338037719137619e-03
1.291666666999999961e+03 3.408050602651509567e-03 -1.142519365250608447e-03 -1.881862206627176620e-04 1.598744768095509321e-03 5.684684676169159118e-05 3.320082997129992965e-03 4.163439183938505601e-03
1.302083333000000039e+03 3.499646616845470889e-03 -1.118949835768966563e-03 -1.846480005663177291e-04 1.595032953586498744e-03 5.265852685393526477e-05 3.323591539050969532e-03 4.209135554741469040e-03
1.312500000000000000e+03 3.545896386839846384e-03 -1.099988870340819908e-03 -1.812627849972967800e-04 1.595098266077592340e-03 4.873587200317200841e-05 3.329675717219014470e-03 4.235335185068226163e-03
1.322916666999999961e+03 3.541529448725418226e-03 -1.086904866029885040e-03 -1.786296545090323398e-04 1.603529731915807714e-03 4.514895916262214563e-05 3.337240027841185952e-03 4.241149604241206163e-03
1.333333333000000039e+03 3.490083983843505090e-03 -1.082039015327013231e-03 -1.770958904064543491e-04 1.623607635032888038e-03 4.218941869051369528e-05 3.345552253527761619e-03 4.229621936202077048e-03
1.343750000000000000e+03 3.402272082723034174e-03 -1.087659422359853623e-03 -1.767321070834934409e-04 1.654656469886769260e-03 3.989715024003298740e-05 3.353193119998411353e-03 4.205060836304107610e-03
1.354166666999999961e+03 3.292194531473124214e-03 -1.104335083688925273e-03 -1.774410516308711253e-04 1.691347492439007269e-03 3.850759028581507589e-05 3.359480631246878745e-03 4.171511327579505331e-03
1.364583333000000039e+03 3.176121413486697204e-03 -1.130208709741295850e-03 -1.783248747869706403e-04 1.725455782818110769e-03 3.773608654770473889e-05 3.363100451187415497e-03 4.132338823746112277e-03
1.375000000000000000e+03 3.070710594253119301e-03 -1.161431338731077137e-03 -1.787680441060724118e-04 1.748974294997004183e-03 3.762289841986205137e-05 3.363980269727948665e-03 4.091832579489035858e-03
1.385416666999999961e+03 2.993115854517988672e-03 -1.193323095528178073e-03 -1.773663333300599606e-04 1.756824271416048853e-03 3.755393045718222005e-05 3.361362141118392263e-03 4.055651133526214785e-03
1.395833333000000039e+03 2.958786769932773061e-03 -1.221222137117801811e-03 -1.739638761869119119e-04 1.747882093496980855e-03 3.769792737877579783e-05 3.356212276226448743e-03 4.031440569828101221e-03
1.406250000000000000e+03 2.979421874043306807e-03 -1.241288543301682836e-03 -1.678998150433987926e-04 1.724340078978688594e-03 3.732741871207976886e-05 3.348458977618387622e-03 4.026110465320191512e-03
1.416666666999999961e+03 3.058305732932926901e-03 -1.250871114814022843e-03 -1.602971551053541249e-04 1.690526991590738260e-03 3.673000668261851124e-05 3.339999247470866028e-03 4.044415985997265595e-03
1.427083333000000039e+03 3.184763237452220824e-03 -1.249216732919089610e-03 -1.514569351881839808e-04 1.651801171453065988e-03 3.482655100540185661e-05 3.330982200345080930e-03 4.083773304625184196e-03
1.437500000000000000e+03 3.331600165531982752e-03 -1.237409199343039983e-03 -1.431708213849391769e-04 1.613676310038803744e-03 3.194214794706803527e-05 3.323569287134640459e-03 4.134422881352713477e-03
1.447916666999999961e+03 3.457062381435164165e-03 -1.217719326325386554e-03 -1.355804467845036262e-04 1.580260449402474650e-03 2.709978506761216200e-05 3.317515175582081040e-03 4.177419003209859386e-03
1.458333333000000039e+03 3.519197342494491485e-03 -1.192354980270401597e-03 -1.298602535390066095e-04 1.552971503106212285e-03 2.143114139232329035e-05 3.314845864583975017e-03 4.193507355092340044e-03
1.468750000000000000e+03 3.490095897580879764e-03 -1.162830114641143480e-03 -1.248954584781339328e-04 1.530124756266010430e-03 1.473399649567387609e-05 3.314875125428331896e-03 4.167547889637610720e-03
1.479166666999999961e+03 3.370549005266006409e-03 -1.129984082913742171e-03 -1.208998204037139398e-04 1.508080499655757491e-03 8.827313619000791680e-06 3.319439636460322363e-03 4.099034570691042698e-03
1.489583333000000039e+03 3.182918234129061916e-03 -1.094472187133558629e-03 -1.160539952245586700e-04 1.483322330170388234e-03 3.531407627642895052e-06 3.327309969226859010e-03 3.996775266763154255e-03
1.500000000000000000e+03 2.962134445830704333e-03 -1.057115981255245859e-03 -1.106732717492271137e-04 1.454234821637499135e-03 5.941149695696462304e-08 3.339839241176430652e-03 3.878104254322316952e-03
1.510416666999999961e+03 2.737743837790197407e-03 -1.018233527071006530e-03 -1.036355465990978451e-04 1.421199231170086705e-03 -2.462878757781866976e-06 3.354972208874479247e-03 3.756957638917381680e-03
1.520833333000000039e+03 2.533681176464497396e-03 -9.777364441614425344e-04 -9.586357077625617463e-05 1.386025246804032437e-03 -3.879536066272841217e-06 3.373514544784423502e-03 3.646610484026476667e-03
1.531250000000000000e+03 2.363700639337433951e-03 -9.347690743237988594e-04 -8.717477341004644450e-05 1.350343403743453760e-03 -5.113255260991118909e-06 3.392566775738786646e-03 3.553305409409837287e-03
1.541666666999999961e+03 2.237279017266720176e-03 -8.890691893595196365e-04 -7.827433881034349928e-05 1.314939650918348730e-03 -6.559846851620583009e-06 3.412850817287367815e-03 3.482534742736218686e-03
1.552083333000000039e+03 2.156634764442936624e-03 -8.407749660530514351e-04 -6.950323111105180670e-05 1.278640838189086006e-03 -8.318256701362397115e-06 3.431076882313039821e-03 3.433176242472531225e-03
1.562500000000000000e+03 2.118280013912709689e-03 -7.916817333574869588e-04 -6.056532545517435311e-05 1.239848168848680689e-03 -1.110805210292057288e-05 3.448856263108702937e-03 3.403492222935046441e-03
1.572916666999999961e+03 2.112679065799261992e-03 -7.436071340974450324e-04 -5.247937929902638145e-05 1.197447155097530009e-03 -1.395925312285768048e-05 3.462907415931709525e-03 3.386516818414250871e-03
1.583333333000000039e+03 2.125330973594958053e-03 -6.992004155557350869e-04 -4.382004495959770783e-05 1.153092220999426317e-03 -1.802149089737277546e-05 3.476197784972340481e-03 3.377310489783362426e-03
1.593750000000000000e+03 2.142227346388983055e-03 -6.598056733336201589e-04 -3.667613645934757790e-05 1.110402683154705465e-03 -2.139366780102843090e-05 3.484991808744028127e-03 3.368810919143858107e-03
1.604166666999999961e+03 2.149059003670482793e-03 -6.263684958568557695e-04 -2.850916557342048080e-05 1.074685992369889308e-03 -2.573505863519147293e-05 3.493382322064404397e-03 3.358563659052388357e-03
1.614583333000000039e+03 2.138191390215148611e-03 -5.981646086333555073e-04 -2.237988199564323833e-05 1.050619525175000091e-03 -2.861715431702701229e-05 3.496447602244603763e-03 3.342629258817376124e-03
1.625000000000000000e+03 2.105016633157277828e-03 -5.746049213632860569e-04 -1.481977983126157243e-05 1.040306157778786737e-03 -3.204131652927909258e-05 3.499408178733627150e-03 3.322365484834845749e-03
1.635416666999999961e+03 2.053528755957908462e-03 -5.548574262874454103e-04 -9.605922375577846900e-06 1.042585261625332679e-03 -3.352587175772843165e-05 3.495905890144474729e-03 3.296009953863857610e-03
1.645833333000000039e+03 1.989697360102622541e-03 -5.393059398765160392e-04 -2.959953353884607877e-06 1.052626302020800162e-03 -3.508540477913911504e-05 3.492614191296589034e-03 3.267468926710005543e-03
1.656250000000000000e+03 1.924808868267402929e-03 -5.282355085666266912e-04 1.105604742088749038e-06 1.065771914074052857e-03 -3.466357253612158389e-05 3.481591877707902911e-03 3.236086330024679457e-03
1.666666666999999961e+03 1.867921566723140456e-03 -5.222639130323218637e-04 6.095099522275141769e-06 1.078020035315046306e-03 -3.404894081867134462e-05 3.470985182656797889e-03 3.208463392347492109e-03
1.677083333000000039e+03 1.828588727948847817e-03 -5.210390194820243345e-04 8.385834205113729126e-06 1.088426601409412699e-03 -3.196864112286060061e-05 3.451182564122661466e-03 3.184098946740460991e-03
1.687500000000000000e+03 1.809638347847155292e-03 -5.240913373496320282e-04 1.096827349943857522e-05 1.097604801658535198e-03 -2.998729799314590210e-05 3.431832154680763101e-03 3.169537652093226687e-03
1.697916666999999961e+03 1.811764952165293872e-03 -5.300768030430249656e-04 1.102703678024760939e-05 1.107304684302751760e-03 -2.740189278519081508e-05 3.401990302068573849e-03 3.160529969268309741e-03
1.708333333000000039e+03 1.828247222924742326e-03 -5.379152238053036376e-04 1.137821872006684181e-05 1.119986135839525724e-03 -2.553264386338948661e-05 3.372846945641958926e-03 3.160540152203113705e-03
1.718750000000000000e+03 1.852011629244991594e-03 -5.456540780776041868e-04 9.694303754684231036e-06 1.136350400782834384e-03 -2.346187361440859852e-05 3.332341703571339592e-03 3.160351866799583111e-03
1.729166666999999961e+03 1.870788417203387904e-03 -5.524424791068507576e-04 9.062657790845854777e-06 1.157216929804098923e-03 -2.227625206202555374e-05 3.293187039755109298e-03 3.160596193381297846e-03
1.739583333000000039e+03 1.878325554722580504e-03 -5.565413618822794830e-04 6.628510420826479100e-06 1.179100254279754571e-03 -2.029118965034109863e-05 3.242147196000983583e-03 3.149786502501659112e-03
1.750000000000000000e+03 1.866346056579385555e-03 -5.583838634816954034e-04 6.032516415808689660e-06 1.199984857320364733e-03 -1.884125802178477307e-05 3.193701679613569159e-03 3.130016296756659398e-03
1.760416666999999961e+03 1.836535967501488681e-03 -5.579766589820874976e-04 3.265554589991848939e-06 1.213593231411369240e-03 -1.567256013380059415e-05 3.132841929579292806e-03 3.091485564246075363e-03
1.770833333000000039e+03 1.789378403558225137e-03 -5.578271473389471383e-04 2.640914587953490237e-06 1.219907798715958282e-03 -1.305597943286418447e-05 3.075836819036579205e-03 3.042561510655381312e-03
1.781250000000000000e+03 1.736345590220071851e-03 -5.598600885160593061e-04 -2.575096207762813760e-07 1.215748159487543617e-03 -8.364148792109611207e-06 3.004580131656732142e-03 2.978336940682173913e-03
1.791666666999999961e+03 1.686498009242378164e-03 -5.649129284902942947e-04 -7.821863698031101618e-07 1.205987156337012724e-03 -4.917669174020511469e-06 2.937108955829860913e-03 2.914797060704625575e-03
1.802083333000000039e+03 1.652833097486575489e-03 -5.735128396582386432e-04 -2.681654225844444370e-06 1.190534169860353467e-03 2.459563621685506281e-08 2.851671986537628566e-03 2.847519626942278653e-03
1.812500000000000000e+03 1.641322051948489527e-03 -5.834046978680947331e-04 -2.045645463765167011e-06 1.176042879639890631e-03 2.712713135623123798e-06 2.768621116078601781e-03 2.792993023833491295e-03
1.822916666999999961e+03 1.655874313218182398e-03 -5.965705877376426686e-04 -1.682258603862572659e-06 1.164145290427758125e-03 6.085454589963364377e-06 2.663198736529070240e-03 2.741609170087505598e-03
1.833333333000000039e+03 1.697052381268544840e-03 -6.133591168202324768e-04 1.059483475259447953e-06 1.162624469724168105e-03 6.736923592101378684e-06 2.557940657690538182e-03 2.708808754341625671e-03
1.843750000000000000e+03 1.760354816127777337e-03 -6.387897293550653423e-04 3.481558663210807783e-06 1.172077467950221859e-03 8.281664640485794890e-06 2.426913981525896744e-03 2.679673132801947862e-03
1.854166666999999961e+03 1.843511419211647752e-03 -6.736827704834776834e-04 7.726201355803106425e-06 1.197439944073784655e-03 7.401165131276394691e-06 2.294032417907802216e-03 2.667491890596617420e-03
1.864583333000000039e+03 1.934771465715031486e-03 -7.196416248538791728e-04 1.013834358057074953e-05 1.234242111909876960e-03 8.337758153527835523e-06 2.135262245813167314e-03 2.652137911719037663e-03
1.875000000000000000e+03 2.031182174302325477e-03 -7.735132545195312972e-04 1.384101082397984358e-05 1.285128647556103322e-03 7.531755188353123067e-06 1.973837365169189579e-03 2.645074093513809406e-03
1.885416666999999961e+03 2.121104490725716531e-03 -8.330091684584052178e-04 1.452062483122631822e-05 1.343500320553359757e-03 8.634484622392836511e-06 1.790439029636490750e-03 2.627521920457783627e-03
1.895833333000000039e+03 2.211019469496146219e-03 -8.938302724626206877e-04 1.618773279306487159e-05 1.414572337093377959e-03 9.157795401190825041e-06 1.604400279120690720e-03 2.614996042855107557e-03
1.906250000000000000e+03 2.300246633513690440e-03 -9.544168046020421424e-04 1.587548335168584442e-05 1.494337921033271231e-03 9.823572371207229254e-06 1.403675239684591246e-03 2.599129897115776133e-03
1.916666666999999961e+03 2.407377555695105857e-03 -1.013197320913200930e-03 1.536182294533205867e-05 1.591755229816985357e-03 1.200504201735957363e-05 1.200972485560653554e-03 2.600052635536372059e-03
1.927083333000000039e+03 2.540700933809823207e-03 -1.071266200319355693e-03 1.577051826798097375e-05 1.705372577648648236e-03 1.095278638203623302e-05 9.937327259711525428e-04 2.619903118714812101e-03
1.937500000000000000e+03 2.718309120511156959e-03 -1.129937149354036646e-03 1.269583912768804636e-05 1.843883315182407671e-03 1.466888851480401120e-05 7.874370535124511870e-04 2.674814744603007909e-03
1.947916666999999961e+03 2.945108278300182913e-03 -1.191133310925982913e-03 1.469940128052774538e-05 2.003374522180323327e-03 1.094076007170873113e-05 5.903227837852775698e-04 2.769402792132892067e-03
1.958333333000000039e+03 3.216621594998592300e-03 -1.254832978254099250e-03 7.627956575911065446e-06 2.184655886507403267e-03 1.554408411046538714e-05 4.031466512954865692e-04 2.902212066400741176e-03
1.968750000000000000e+03 3.512708415372136662e-03 -1.317333775939564730e-03 1.225339813991296302e-05 2.373546919875459908e-03 8.153312244079973764e-06 2.436882468729712186e-04 3.064971791060284220e-03
1.979166666999999961e+03 3.789878545553252744e-03 -1.373097750970701412e-03 -7.617152885662445769e-09 2.553464549601625142e-03 1.237252767658781857e-05 1.129900663403565081e-04 3.228166580747617292e-03
1.989583333000000039e+03 3.986848781140761751e-03 -1.409093062341357488e-03 9.601269890820741598e-06 2.681474505343813333e-03 4.255659520404703856e-07 3.106949317807516405e-05 3.349696389831325304e-03
2.000000000000000000e+03 4.078429079198355074e-03 -1.429347031210593437e-03 -6.913526872004830659e-06 2.742195753808244780e-03 4.244614906387357965e-06 1.444590833016886447e-06 3.411034711919808549e-03
