# z, uu, uv, uw, vv, vw, ww, tke
0.000000000000000000e+00 3.661215465203669361e-01 4.332543504630007036e-02 -2.892689788297801972e-03 1.587755304428173087e-01 -1.630894001657702324e-03 1.402332507973476881e-02 2.694602010214595111e-01
1.041666700000000034e+01 8.377201010196761999e-01 1.034647008367390736e-01 -6.098629016157741667e-02 2.909122443979310635e-01 -9.012806053329425887e-03 3.114865693186175122e-02 5.798905011747345073e-01
2.083333299999999966e+01 1.130210069607733292e+00 1.199254984880692571e-01 -1.515278173308862442e-01 4.098345252255543580e-01 -2.479536319830408231e-02 9.910510603373196004e-02 8.195748504335098605e-01
3.125000000000000000e+01 8.741056204335722057e-01 7.166104223423717945e-02 -1.355721751619456406e-01 3.555228785829434579e-01 -2.081739220820444380e-02 1.559571978577266316e-01 6.927928484371210782e-01
4.166666699999999679e+01 8.319037328315513902e-01 4.733651033250003970e-02 -1.429872912282532382e-01 3.386486730417542224e-01 -2.107886791259350190e-02 1.575697458958161268e-01 6.640610758845608697e-01
5.208333300000000321e+01 7.403796533281766790e-01 2.767020844523226941e-02 -1.371245912835047653e-01 3.066389324232092206e-01 -1.839416501214595143e-02 1.647657546500758130e-01 6.058921702007308285e-01
6.250000000000000000e+01 7.034164364502855094e-01 1.795318371762804829e-02 -1.385990313788005579e-01 2.889620952395329789e-01 -1.767444723683707711e-02 1.603942851729602270e-01 5.763864084313893299e-01
7.291666700000000390e+01 6.532170347462729065e-01 1.121174322760346183e-02 -1.348897449528308201e-01 2.686186282705931294e-01 -1.611690634282356843e-02 1.589048871681063291e-01 5.403702750924861409e-01
8.333333299999999610e+01 6.199221277056384816e-01 7.196403049254863730e-03 -1.349609520557480957e-01 2.538436279248271754e-01 -1.537330759034051531e-02 1.559344510003873030e-01 5.148501033154264661e-01
9.375000000000000000e+01 5.812945587789567492e-01 4.636497469156195504e-03 -1.321061699162680014e-01 2.396623003616849268e-01 -1.427193691999808361e-02 1.549496034632837638e-01 4.879532313019627199e-01
1.041666670000000039e+02 5.531104079560662523e-01 4.076356592814901932e-03 -1.317127079597369688e-01 2.267707166496514548e-01 -1.341469027675193382e-02 1.534180128102804741e-01 4.666495687079990629e-01
1.145833329999999961e+02 5.223769954969231799e-01 4.036964469606585913e-03 -1.290981910183870984e-01 2.163526883561736891e-01 -1.254283582233734796e-02 1.526102443531691666e-01 4.456699641031330317e-01
1.250000000000000000e+02 4.975780209349162653e-01 3.469680848826421637e-03 -1.281231464842948198e-01 2.077869798028497694e-01 -1.176150091334894794e-02 1.520420484187519627e-01 4.287035245782589987e-01
1.354166669999999897e+02 4.736717200516183945e-01 4.176027154240402259e-03 -1.258711389287562876e-01 1.985746066007633981e-01 -1.095478652242775318e-02 1.519407533613219008e-01 4.120935400068518328e-01
1.458333330000000103e+02 4.538636869192305134e-01 5.409056633249939225e-03 -1.244901298136151246e-01 1.911570812196657643e-01 -1.022580763484806643e-02 1.514933059141810867e-01 3.982570370265386961e-01
1.562500000000000000e+02 4.334701579761480739e-01 7.125684896254836156e-03 -1.222416855435263794e-01 1.839327272561252780e-01 -9.628927000932274022e-03 1.516427182584963174e-01 3.845228017453848346e-01
1.666666669999999897e+02 4.150847867070180941e-01 8.038912105474731867e-03 -1.207964724988054711e-01 1.769002266438738091e-01 -9.004700493131642322e-03 1.517246309516269154e-01 3.718548221512594232e-01
1.770833330000000103e+02 3.976900505245471451e-01 8.401922405978609273e-03 -1.185515982696036946e-01 1.700390409716046602e-01 -8.260764163002382726e-03 1.519005928098146607e-01 3.598148421529832053e-01
1.875000000000000000e+02 3.829282052821664228e-01 1.013798266425149260e-02 -1.168973591034344894e-01 1.650705085684790185e-01 -7.758586144739005978e-03 1.517875966860956494e-01 3.498931552683705593e-01
1.979166669999999897e+02 3.690997810352642516e-01 1.049899728508841938e-02 -1.146866279936441246e-01 1.585008288847052360e-01 -7.189936015859972260e-03 1.515500355051881132e-01 3.395753227125787865e-01
2.083333330000000103e+02 3.568921281688300362e-01 1.011759393459401440e-02 -1.129306418356569308e-01 1.534068036725493578e-01 -6.621053967654199832e-03 1.518355691184839484e-01 3.310672504799316851e-01
2.187500000000000000e+02 3.466148698659815008e-01 9.692873920436228391e-03 -1.107910985111208585e-01 1.487752242797086288e-01 -6.113727644326922769e-03 1.518783143816745396e-01 3.236342042636823346e-01
2.291666669999999897e+02 3.378607330988624424e-01 9.334453455166086613e-03 -1.089696926338561273e-01 1.449195317431538899e-01 -5.691762144138682276e-03 1.521521972413511781e-01 3.174662310416837552e-01
2.395833330000000103e+02 3.283424789082194928e-01 9.007364144610565185e-03 -1.068161708810491800e-01 1.413792820371608527e-01 -5.222953344518434411e-03 1.520097364853704447e-01 3.108657487153753674e-01
2.500000000000000000e+02 3.213424873847686158e-01 9.282754571904182697e-03 -1.049138643097491802e-01 1.374491303063467007e-01 -4.972723677764340384e-03 1.515509362256624026e-01 3.051712769583888596e-01
2.604166670000000181e+02 3.145373892682782890e-01 9.522506319566250224e-03 -1.026662840219967621e-01 1.336707386730412450e-01 -4.452318649220358276e-03 1.509689653963833533e-01 2.995885466688514298e-01
2.708333329999999819e+02 3.075506012358689145e-01 9.874739447590635127e-03 -1.007725521323118018e-01 1.307246170418305542e-01 -4.256817919523596568e-03 1.501645431611336734e-01 2.942198807194165711e-01
2.812500000000000000e+02 3.000537943654660866e-01 9.314219450059481320e-03 -9.860840607400812863e-02 1.278860130496485281e-01 -3.825646186439083610e-03 1.492528575021976056e-01 2.885963324586561241e-01
2.916666670000000181e+02 2.933530687538026815e-01 8.652298438692076696e-03 -9.660172892991157612e-02 1.252927188256580671e-01 -3.500123633223268475e-03 1.482740337824092480e-01 2.834599106809350122e-01
3.020833329999999819e+02 2.869838927379782523e-01 7.626626759394085874e-03 -9.434133478471629086e-02 1.230506979078382218e-01 -3.102772984407768577e-03 1.471270264542502981e-01 2.785808085500334208e-01
3.125000000000000000e+02 2.813066302850086298e-01 7.229635749176730082e-03 -9.231090667286155627e-02 1.214027376293232846e-01 -2.838729453546304151e-03 1.457543996284449417e-01 2.742318837713884072e-01
3.229166670000000181e+02 2.737625781712925699e-01 7.126051346755635924e-03 -9.011504274883969101e-02 1.196923344232354997e-01 -2.447931621292392945e-03 1.441722392621424542e-01 2.688135759283352688e-01
3.333333329999999819e+02 2.673458912855477543e-01 6.775285250435680688e-03 -8.812632026707158117e-02 1.175969150142567865e-01 -2.217028531716405942e-03 1.425082798902682635e-01 2.637255430950363744e-01
3.437500000000000000e+02 2.605683039246410870e-01 6.581875520535865332e-03 -8.597551360191565961e-02 1.161845506617935758e-01 -1.796541954188158197e-03 1.407014514950425677e-01 2.587271530407386222e-01
3.541666670000000181e+02 2.548874849666370457e-01 6.152203058448658425e-03 -8.388546043190420187e-02 1.153599561831382542e-01 -1.503151202797742454e-03 1.389722918953958941e-01 2.546098665225856039e-01
3.645833329999999819e+02 2.488175037565240333e-01 5.394064944283577176e-03 -8.176941987303565362e-02 1.139009828397992141e-01 -1.072364510562343401e-03 1.367837345827182804e-01 2.497511105895207639e-01
3.750000000000000000e+02 2.439698670863585939e-01 4.625016038282218564e-03 -7.972162468414220604e-02 1.129474058311848023e-01 -7.216053758385866526e-04 1.348203994865186939e-01 2.458688362020310381e-01
3.854166670000000181e+02 2.382193353238274969e-01 3.939214541099174925e-03 -7.760331662238979800e-02 1.116455367345491195e-01 -2.574162510369494236e-04 1.324836025967038311e-01 2.411742373275402307e-01
3.958333329999999819e+02 2.333962086993351670e-01 3.296966527941929456e-03 -7.549414833456764840e-02 1.104335262644227517e-01 6.294469015873472640e-05 1.298694919890209520e-01 2.368496134763894423e-01
4.062500000000000000e+02 2.287443441872658856e-01 2.626883100439577658e-03 -7.337986484882060012e-02 1.086348047821631413e-01 5.114789792196555544e-04 1.274108187260001024e-01 2.323949838477145646e-01
4.166666670000000181e+02 2.251466715866565493e-01 2.240968079734288482e-03 -7.129797450366423539e-02 1.070144119610195454e-01 9.399046494168038397e-04 1.247839214607824598e-01 2.284725025042292912e-01
4.270833329999999819e+02 2.214319337826883283e-01 1.087932090731901598e-03 -6.919833034106798175e-02 1.063880466011673104e-01 1.374951053959401742e-03 1.221612555366147490e-01 2.249906179602351730e-01
4.375000000000000000e+02 2.186517558839544406e-01 -1.738947207379758309e-05 -6.711803455203751989e-02 1.051872144662575476e-01 1.788153332329541715e-03 1.191760740218150566e-01 2.215075221860135224e-01
4.479166670000000181e+02 2.154253452057632856e-01 -1.939718895889591026e-03 -6.505686789321239727e-02 1.043072318365804302e-01 2.137070081219687688e-03 1.162125951286225034e-01 2.179725860854830888e-01
4.583333329999999819e+02 2.136701592399969651e-01 -3.195845527156840424e-03 -6.304703872768226136e-02 1.038171452675087508e-01 2.511307151061191283e-03 1.131240465539433276e-01 2.153056755307245218e-01
4.687500000000000000e+02 2.107602443014472138e-01 -3.987895847131941833e-03 -6.094899212788529308e-02 1.031591429733901139e-01 2.840080664465098430e-03 1.100802402802259633e-01 2.119998137775316316e-01
4.791666670000000181e+02 2.083992337365913605e-01 -5.081322110294926066e-03 -5.894398105395649845e-02 1.029332554958358875e-01 3.212863274466123704e-03 1.069717020603764140e-01 2.091520956464018310e-01
4.895833329999999819e+02 2.058522767129248032e-01 -5.582529670960219813e-03 -5.687124289122896109e-02 1.027534985751775432e-01 3.599661677163293848e-03 1.039944555471944976e-01 2.063001154176484220e-01
5.000000000000000000e+02 2.027435859394731421e-01 -6.153908048042426408e-03 -5.488678718801336121e-02 1.020641681216203633e-01 3.964890948632824631e-03 1.009265307916152321e-01 2.028671424263543688e-01
5.104166670000000181e+02 2.007714685226381912e-01 -6.962192544528115166e-03 -5.295834292115411679e-02 1.012293472096659208e-01 4.317612209272258562e-03 9.781353814708261540e-02 1.999071769396933429e-01
5.208333330000000387e+02 1.989622301270507487e-01 -7.838644360777680814e-03 -5.088825724261469147e-02 1.011061262797479932e-01 4.681664044016463529e-03 9.466040791028525192e-02 1.973643821585419900e-01
5.312500000000000000e+02 1.975588520114488211e-01 -8.209018850307257115e-03 -4.897778575206887530e-02 1.007010150661217102e-01 5.087678469392324480e-03 9.138611880895528006e-02 1.948229929432628849e-01
5.416666669999999613e+02 1.962830984690692171e-01 -8.034527440245398805e-03 -4.697188544018137540e-02 1.004183115482918109e-01 5.492317333819275206e-03 8.817335028402045749e-02 1.924373801506907566e-01
5.520833330000000387e+02 1.946608016878655922e-01 -8.173550305663241158e-03 -4.500122122093690863e-02 1.008674452252488751e-01 5.913411488320626484e-03 8.485532688351322961e-02 1.901917868983138415e-01
5.625000000000000000e+02 1.936240595165768519e-01 -7.246543606181157608e-03 -4.307187808370043641e-02 1.005647860868451732e-01 6.224569809847662130e-03 8.164772301314507374e-02 1.879182843082835563e-01
5.729166669999999613e+02 1.913500998411197807e-01 -6.261936035338437970e-03 -4.110774639341218534e-02 1.001288372385221032e-01 6.649540940669616644e-03 7.840744123464261917e-02 1.849431891571422515e-01
5.833333330000000387e+02 1.894171068913772238e-01 -4.915741339739112224e-03 -3.923537974853499866e-02 9.938640125801653791e-02 6.946863190154578885e-03 7.524484987489289678e-02 1.820241790121433223e-01
5.937500000000000000e+02 1.878743053846779754e-01 -3.861068262373929926e-03 -3.719892119019319043e-02 9.838811874069768038e-02 7.312824585918955601e-03 7.202768121912976607e-02 1.791450526722527248e-01
6.041666669999999613e+02 1.853522456874827085e-01 -3.116144478622691338e-03 -3.532949979612434038e-02 9.781027890031664118e-02 7.545557315578636619e-03 6.890445180801799130e-02 1.760334881979086497e-01
6.145833330000000387e+02 1.847285729252326203e-01 -2.430446562153720878e-03 -3.334085338821321520e-02 9.689892965387404689e-02 7.833317284499725225e-03 6.574259256635094084e-02 1.736850475727288179e-01
6.250000000000000000e+02 1.833063362664067164e-01 -1.830236226184724655e-03 -3.146991283354139829e-02 9.616337360457527517e-02 7.953340534245801827e-03 6.264325372946608073e-02 1.710564818002240361e-01
6.354166669999999613e+02 1.803318640116243210e-01 -1.216547112795246998e-03 -2.948813424813260392e-02 9.468067368861171618e-02 8.131130277261864811e-03 5.981565943674741620e-02 1.674140985684917371e-01
6.458333330000000387e+02 1.782503250566594144e-01 -1.056533537321608989e-03 -2.763952122887247675e-02 9.275094924850826872e-02 8.185523047645500497e-03 5.669024108170142573e-02 1.638457576934345683e-01
6.562500000000000000e+02 1.728600049423623664e-01 -1.511088294667947652e-03 -2.574167827059868977e-02 9.020668483594374010e-02 8.292531530680892146e-03 5.397178165715572906e-02 1.585192357177309108e-01
6.666666669999999613e+02 1.674012392198523103e-01 -1.560943252646889920e-03 -2.400069144615620681e-02 8.787816302337828067e-02 8.349377517869294163e-03 5.099285656969285846e-02 1.531361294064617351e-01
6.770833330000000387e+02 1.600446471692477390e-01 -1.693562715611076058e-03 -2.213942312576441460e-02 8.554675130691824503e-02 8.400495449462915681e-03 4.836554523167982400e-02 1.469784718539229040e-01
6.875000000000000000e+02 1.500629181601348394e-01 -1.652628178338663018e-03 -2.040484257229909296e-02 8.354217083017649592e-02 8.296505088796863117e-03 4.570275845377020502e-02 1.396539237220407736e-01
6.979166669999999613e+02 1.401588380579069926e-01 -2.120985121521098884e-03 -1.868046715680998088e-02 8.128949965887499740e-02 8.226566710816406863e-03 4.332540617855502180e-02 1.323868719476685163e-01
7.083333330000000387e+02 1.288086850518516124e-01 -3.244243075761048430e-03 -1.694463638992927540e-02 7.860974108880271205e-02 8.050694328555615606e-03 4.099803110305574178e-02 1.242082286218550297e-01
7.187500000000000000e+02 1.173650729422175826e-01 -4.649041924550611875e-03 -1.526906664289882747e-02 7.714085868702835747e-02 7.811138691425054820e-03 3.886494718920886771e-02 1.166854394092274039e-01
7.291666669999999613e+02 1.052340956218978663e-01 -6.259807310637282435e-03 -1.366239261526278927e-02 7.639082291906171274e-02 7.566025735964828670e-03 3.692659909717784655e-02 1.092757588190687162e-01
7.395833330000000387e+02 9.258671260046852369e-02 -7.786684942417174994e-03 -1.210911537078058868e-02 7.610706371443719254e-02 7.211760935064984862e-03 3.524281287732040913e-02 1.019682945961130627e-01
7.500000000000000000e+02 8.031623494526912710e-02 -9.100358099207945042e-03 -1.053818569598494181e-02 7.714162753715089749e-02 6.859098244609334628e-03 3.400510309850623275e-02 9.573148279046313214e-02
7.604166669999999613e+02 6.809963443882526002e-02 -9.190898200042291188e-03 -9.165320142957487232e-03 7.786064164113742914e-02 6.440209723869493551e-03 3.323650087218435467e-02 8.959838847607352885e-02
7.708333330000000387e+02 5.743268889887929302e-02 -7.700592911763916998e-03 -7.778716835655384923e-03 7.906486533427337093e-02 5.935742493276656429e-03 3.270683543518194264e-02 8.460219483416729636e-02
7.812500000000000000e+02 4.824528060014505321e-02 -4.550405410611901673e-03 -6.521730097377658776e-03 8.147316953870223366e-02 5.367513021167776704e-03 3.272777997870414401e-02 8.122311505877571891e-02
7.916666669999999613e+02 4.199701669552173555e-02 5.455151956951302368e-04 -5.442333784945012354e-03 8.166021081512959967e-02 4.749824200115081337e-03 3.293468482065939340e-02 7.829595616565536431e-02
8.020833330000000387e+02 3.820806973065568601e-02 6.715682294492037255e-03 -4.468169446044116706e-03 7.873153237089978995e-02 4.172188968136222517e-03 3.340457661127652772e-02 7.517208935641600531e-02
8.125000000000000000e+02 3.756305948100201186e-02 1.223256300231572412e-02 -3.781444001289356767e-03 7.279848719460059459e-02 3.633343469214068890e-03 3.383953583012482697e-02 7.210054125286372018e-02
8.229166669999999613e+02 3.817941905320354490e-02 1.499584812879292510e-02 -3.131523278737253536e-03 6.337675160079145331e-02 3.195350749417616518e-03 3.410668006295140831e-02 6.783142535847319632e-02
8.333333330000000387e+02 3.834911059491057095e-02 1.483792033437641468e-02 -2.731122415712956136e-03 5.170876213347131573e-02 2.774270389061517066e-03 3.396079511275908874e-02 6.200933392057049465e-02
8.437500000000000000e+02 3.717054452491345973e-02 1.223668810494579415e-02 -2.362079048441376346e-03 4.000473524851143325e-02 2.470090842057847801e-03 3.340812862291469426e-02 5.529170419816979709e-02
8.541666669999999613e+02 3.420980698372986378e-02 7.997380295860171545e-03 -2.136068624722018555e-03 2.988797061862078636e-02 2.175231098493240599e-03 3.254868558817980428e-02 4.832323159526522721e-02
8.645833330000000387e+02 3.066466093700930678e-02 3.566529380003930372e-03 -1.950039604122544290e-03 2.233728348083474993e-02 1.930968650679750886e-03 3.150199258439186772e-02 4.225196850111796742e-02
8.750000000000000000e+02 2.643447062286834182e-02 -3.131092403238467064e-04 -1.810759318187221472e-03 1.739052256412958186e-02 1.732420305194483975e-03 3.029898788870940760e-02 3.706199053785366737e-02
8.854166669999999613e+02 2.253853183910249289e-02 -2.981967321064908031e-03 -1.677158404420761627e-03 1.461212714546066167e-02 1.563156179058836559e-03 2.906265216469917229e-02 3.310665557463116082e-02
8.958333330000000387e+02 1.947680975780868851e-02 -4.482795524220973410e-03 -1.569904805607245197e-03 1.339671736466937525e-02 1.397442321025203641e-03 2.778721163117054554e-02 3.033036937682430378e-02
9.062500000000000000e+02 1.730190854811098841e-02 -5.176562517382989753e-03 -1.481445300392052883e-03 1.327069556400722536e-02 1.268810372544545984e-03 2.649435963801758873e-02 2.853348187506789951e-02
9.166666669999999613e+02 1.576786406461353623e-02 -5.420107572776963409e-03 -1.391094773815475510e-03 1.367587714062086686e-02 1.161488501384956139e-03 2.510749034573801081e-02 2.727561577548620608e-02
9.270833330000000387e+02 1.463975815552033717e-02 -5.457815607403179378e-03 -1.312300982797127502e-03 1.435497500410077426e-02 1.070384492129814076e-03 2.369042422788640231e-02 2.634257869375375427e-02
9.375000000000000000e+02 1.380722055874695868e-02 -5.454908193402231362e-03 -1.242412500031684058e-03 1.501131730794969844e-02 9.898738442403690746e-04 2.225490467587132662e-02 2.553672127128399361e-02
9.479166669999999613e+02 1.311763407526564916e-02 -5.489281473301044559e-03 -1.193067029957194840e-03 1.535171014137196380e-02 9.387393202457223682e-04 2.086034748086721541e-02 2.466484584875241332e-02
9.583333330000000387e+02 1.247399060349832327e-02 -5.487379610097314377e-03 -1.154101854046269728e-03 1.538409508773041015e-02 8.935539442946929508e-04 1.954024499847164045e-02 2.369916534485018433e-02
9.687500000000000000e+02 1.181420842040644542e-02 -5.444626876350197424e-03 -1.132035319500954108e-03 1.521784729951562720e-02 8.701681917524861165e-04 1.833228394352028404e-02 2.268216983172118006e-02
9.791666669999999613e+02 1.114550345832798599e-02 -5.325570748678686711e-03 -1.114786731784965946e-03 1.497766618288792241e-02 8.408181504104929923e-04 1.725081839875043654e-02 2.168699401998317247e-02
9.895833330000000387e+02 1.053416835352916081e-02 -5.159927710756566366e-03 -1.106244497852574421e-03 1.473777316703453640e-02 8.282591117287977896e-04 1.629932105951017313e-02 2.078563129003693430e-02
1.000000000000000000e+03 1.002813657534835402e-02 -4.976567309594080724e-03 -1.099045115641377217e-03 1.451386564680884166e-02 8.116666311003946583e-04 1.547084525538441890e-02 2.000642373877080729e-02
1.010416666999999961e+03 9.661620564187156299e-03 -4.792936320977193854e-03 -1.100959179149967960e-03 1.429827735214565625e-02 8.073836318872964525e-04 1.475026513975346600e-02 1.935508152804314014e-02
1.020833333000000039e+03 9.432708429299529670e-03 -4.615590525718718702e-03 -1.101853029638498113e-03 1.407424439139357518e-02 7.943003745865779642e-04 1.412004971839294319e-02 1.881350126954302315e-02
1.031250000000000000e+03 9.338977464119761762e-03 -4.461039685477208826e-03 -1.111439823484691117e-03 1.385462094736581579e-02 7.913991056778463869e-04 1.356711189398523629e-02 1.838035515273540865e-02
1.041666666999999961e+03 9.335626655945439972e-03 -4.338047129076520562e-03 -1.117764813837783229e-03 1.362617190963548441e-02 7.778177772535142462e-04 1.307699686381362525e-02 1.801939771469727308e-02
1.052083333000000039e+03 9.397910058269174846e-03 -4.250877868210172286e-03 -1.131955869233940495e-03 1.341142715060626017e-02 7.753201329343519183e-04 1.264410085759636905e-02 1.772671903323590203e-02
1.062500000000000000e+03 9.478020945012342879e-03 -4.200764808266622095e-03 -1.139864559309063888e-03 1.320983035261619198e-02 7.608343222439643144e-04 1.225717256063757997e-02 1.747251192913305828e-02
1.072916666999999961e+03 9.536179044438425692e-03 -4.178098305937471418e-03 -1.153030540623999328e-03 1.302676028630475949e-02 7.583459254808922302e-04 1.192183900272105954e-02 1.724238916673212496e-02
1.083333333000000039e+03 9.531391000184403009e-03 -4.171616498870776672e-03 -1.157951985499743605e-03 1.284957273042436864e-02 7.433390038030647214e-04 1.162951661234224408e-02 1.700524017147550873e-02
1.093750000000000000e+03 9.469301891815077796e-03 -4.174562124353123869e-03 -1.168238085387494863e-03 1.267041268855280053e-02 7.402797208825479284e-04 1.139250296216215950e-02 1.676610877126501892e-02
1.104166666999999961e+03 9.356094825128483464e-03 -4.171861309762757777e-03 -1.170468111064114749e-03 1.246836641641506718e-02 7.234235423988683890e-04 1.119954387454915809e-02 1.651200255804635697e-02
1.114583333000000039e+03 9.198756897577523364e-03 -4.139874649998221030e-03 -1.178409853833256105e-03 1.222435745877077477e-02 7.203110816237481883e-04 1.106066306546452799e-02 1.624188871090641306e-02
1.125000000000000000e+03 9.015683171879760455e-03 -4.077351012136248495e-03 -1.180448331984941882e-03 1.193137188890573859e-02 7.033154386335850041e-04 1.096088567579962640e-02 1.595397036829256446e-02
1.135416666999999961e+03 8.829757426539443232e-03 -3.985106049943057914e-03 -1.188911489733422179e-03 1.159551746099570131e-02 7.003984788348337339e-04 1.090657670612520461e-02 1.566592579683017544e-02
1.145833333000000039e+03 8.657534867477641519e-03 -3.867861216424016511e-03 -1.192940592504882586e-03 1.122876449861883764e-02 6.845680538709133546e-04 1.087919193259315707e-02 1.538274564934481725e-02
1.156250000000000000e+03 8.527037572448692079e-03 -3.740614030210526100e-03 -1.203467780358395906e-03 1.084295188854248956e-02 6.839884009073876484e-04 1.088736673067482001e-02 1.512867809583300083e-02
1.166666666999999961e+03 8.467003021799202056e-03 -3.621094075886861080e-03 -1.207128389984052667e-03 1.045959564612696825e-02 6.707058759895582990e-04 1.091443717711830519e-02 1.492051792252223688e-02
1.177083333000000039e+03 8.485866046348987043e-03 -3.517303713926798157e-03 -1.215047113566574679e-03 1.009153385850461611e-02 6.732065961967129619e-04 1.097196538537597785e-02 1.477468264511479050e-02
1.187500000000000000e+03 8.592268981097427386e-03 -3.429453384494328145e-03 -1.212019257261413071e-03 9.745954224405948066e-03 6.630233581899240081e-04 1.104431166725180179e-02 1.469126743637758775e-02
1.197916666999999961e+03 8.779647506341812027e-03 -3.359194256414642366e-03 -1.213775660863171532e-03 9.432384126208830100e-03 6.690749768975346248e-04 1.114219465609796005e-02 1.467711314432430109e-02
1.208333333000000039e+03 9.013267004284215497e-03 -3.303096602468102473e-03 -1.207168407862317704e-03 9.143699780818925066e-03 6.633199721043790860e-04 1.124805569544950340e-02 1.470251124027632111e-02
1.218750000000000000e+03 9.231958803373008920e-03 -3.264153020925371351e-03 -1.205970131002637559e-03 8.872441681950090156e-03 6.700536830871552975e-04 1.137613218604080489e-02 1.474026633568195285e-02
1.229166666999999961e+03 9.395101022324809856e-03 -3.235596691948218646e-03 -1.197460084685102698e-03 8.605133149135682155e-03 6.629477307921652742e-04 1.151129227011388548e-02 1.475576322078718874e-02
1.239583333000000039e+03 9.459264518813941675e-03 -3.196058502617635765e-03 -1.196911736607893110e-03 8.309252950946477423e-03 6.668960339465421303e-04 1.167102261321256718e-02 1.471977004148649314e-02
1.250000000000000000e+03 9.413344125618000949e-03 -3.134372886988241388e-03 -1.190256045746306262e-03 7.971694115499246974e-03 6.564452919429672722e-04 1.183330476599647220e-02 1.460917150355686006e-02
1.260416666999999961e+03 9.260976965229858471e-03 -3.046860894229572528e-03 -1.189782410823559755e-03 7.602677506014318513e-03 6.543753147352496984e-04 1.201421411173149260e-02 1.443893429148783436e-02
1.270833333000000039e+03 9.025607131565898528e-03 -2.931389327740374726e-03 -1.183011535943999121e-03 7.217310006651662946e-03 6.366276929039614910e-04 1.219016333554752418e-02 1.421654023688254283e-02
1.281250000000000000e+03 8.719605472683418512e-03 -2.795803661654642450e-03 -1.182115532540535833e-03 6.832889954956723917e-03 6.275941249277023877e-04 1.237779881942997415e-02 1.396514712353505785e-02
1.291666666999999961e+03 8.386112872106919053e-03 -2.658997387751564113e-03 -1.170913873172652010e-03 6.472651542287482553e-03 6.044706610731251329e-04 1.255742322167457438e-02 1.370809381803448843e-02
1.302083333000000039e+03 8.039882049686863930e-03 -2.528190071189242039e-03 -1.163123248839734473e-03 6.141629389604822374e-03 5.927355437436095413e-04 1.274990440634101926e-02 1.346570792281635322e-02
1.312500000000000000e+03 7.713161892190600541e-03 -2.413230098449442324e-03 -1.144558932765137212e-03 5.843441761768942630e-03 5.697304083054519032e-04 1.293351195910206163e-02 1.324505780653080153e-02
1.322916666999999961e+03 7.406847422490750975e-03 -2.308623061075450351e-03 -1.127741953065518896e-03 5.569263660061939646e-03 5.580132035014467038e-04 1.312814683380982700e-02 1.305212895818125968e-02
1.333333333000000039e+03 7.143845133099213304e-03 -2.216328428595049256e-03 -1.100317863515052827e-03 5.317006086355009070e-03 5.348861422204551812e-04 1.330983976897664664e-02 1.288534549421543537e-02
1.343750000000000000e+03 6.925061256475959111e-03 -2.134017209939066771e-03 -1.077469060339245055e-03 5.083926213633367837e-03 5.225973936952068308e-04 1.349608725974426812e-02 1.275253736492679840e-02
1.354166666999999961e+03 6.777230734732473186e-03 -2.071585875648254346e-03 -1.046651542180185735e-03 4.881003932259179653e-03 5.001147666161765348e-04 1.365934919845326195e-02 1.265879193272245740e-02
1.364583333000000039e+03 6.711906400523858125e-03 -2.029349168725326415e-03 -1.021916548862562705e-03 4.705533390943732706e-03 4.879174737891021191e-04 1.381831072408076788e-02 1.261787525777417936e-02
1.375000000000000000e+03 6.752006314020700568e-03 -2.011243829946727894e-03 -9.948221217696907089e-04 4.557302477895197428e-03 4.682514530395966547e-04 1.394460589277073288e-02 1.262695734234331457e-02
1.385416666999999961e+03 6.866328600935945638e-03 -2.005791798483909025e-03 -9.760004864451524761e-04 4.433278156891456122e-03 4.587237496322760862e-04 1.406203529577469864e-02 1.268082102680104933e-02
1.395833333000000039e+03 7.051444844806808304e-03 -2.021435887102615570e-03 -9.561220284991503102e-04 4.336419029165728203e-03 4.431704840712038574e-04 1.414557145594542986e-02 1.276671766495898405e-02
1.406250000000000000e+03 7.270613819828839787e-03 -2.055429451941264470e-03 -9.423191020592755832e-04 4.256885730540962975e-03 4.364037660318930583e-04 1.421980982466334968e-02 1.287365468751657666e-02
1.416666666999999961e+03 7.492072324455534282e-03 -2.098780426620472199e-03 -9.268003447992891400e-04 4.182447263129514432e-03 4.244876023535119891e-04 1.426131705080718563e-02 1.296791831919611587e-02
1.427083333000000039e+03 7.677665414768337915e-03 -2.144546128464481019e-03 -9.132929640153101885e-04 4.100943164995223336e-03 4.215134746087629224e-04 1.429741401193907434e-02 1.303801129585131779e-02
1.437500000000000000e+03 7.827742710040075727e-03 -2.201212322062010875e-03 -8.961778598168616524e-04 4.016096729679091704e-03 4.158373014378740208e-04 1.430324594588288853e-02 1.307354269280102885e-02
1.447916666999999961e+03 7.925158452089423045e-03 -2.263862006369427287e-03 -8.804392673976589243e-04 3.931641448179728181e-03 4.187543060130313440e-04 1.430629173712707168e-02 1.308154581869811275e-02
1.458333333000000039e+03 7.983005854097663737e-03 -2.336171204889364323e-03 -8.598090788745430804e-04 3.861489306698369026e-03 4.167145640981530577e-04 1.428036536949034777e-02 1.306243026514319026e-02
1.468750000000000000e+03 7.996290654177062862e-03 -2.412223780287694064e-03 -8.452620430449968737e-04 3.802386939232294417e-03 4.204263678592100556e-04 1.425188760060563942e-02 1.302528259700749813e-02
1.479166666999999961e+03 7.975149500077853212e-03 -2.489199491736742136e-03 -8.251075241709322989e-04 3.761310444998376169e-03 4.173055451446114491e-04 1.419657668599725274e-02 1.296651831553674236e-02
1.489583333000000039e+03 7.920784631639228926e-03 -2.560470153303103305e-03 -8.121688068408670609e-04 3.737765172194194331e-03 4.186168907751712542e-04 1.414393281535269824e-02 1.290124130959306031e-02
1.500000000000000000e+03 7.832243333717488556e-03 -2.615278080802719077e-03 -7.904635277348042452e-04 3.730590551699922500e-03 4.120478126019425156e-04 1.406923382292069556e-02 1.281603385416905244e-02
1.510416666999999961e+03 7.693163229538499577e-03 -2.641024618378734565e-03 -7.764000975778265765e-04 3.729832266589380978e-03 4.098831821485361552e-04 1.400447646577900572e-02 1.271373598095344379e-02
1.520833333000000039e+03 7.523378517692414814e-03 -2.641221874338555136e-03 -7.477333607691039269e-04 3.730332856261585773e-03 3.989367477523525127e-04 1.392345275008394397e-02 1.258858206201897249e-02
1.531250000000000000e+03 7.328596115703519404e-03 -2.610458382783621602e-03 -7.258022655594624419e-04 3.728259124393847913e-03 3.929395168743475488e-04 1.385490727624154317e-02 1.245588125816945481e-02
1.541666666999999961e+03 7.137587278078794291e-03 -2.549598672239163782e-03 -6.872269182392437385e-04 3.718007740543786618e-03 3.794282438732208391e-04 1.376780918703956330e-02 1.231170210283107254e-02
1.552083333000000039e+03 6.949798465577284277e-03 -2.452593956702060762e-03 -6.584816732516998727e-04 3.692113232093568662e-03 3.717981679940579620e-04 1.369076082601919375e-02 1.216633626184502291e-02
1.562500000000000000e+03 6.773443146787050048e-03 -2.325973372446301507e-03 -6.163146693062126341e-04 3.649320089305276450e-03 3.578209074294137954e-04 1.358926262967578673e-02 1.200601293288405640e-02
1.572916666999999961e+03 6.615457892548338124e-03 -2.180399548232995859e-03 -5.874859232871094223e-04 3.588965332315835824e-03 3.489012931010041191e-04 1.349344738780282674e-02 1.184893530633349991e-02
1.583333333000000039e+03 6.495285442763182836e-03 -2.038588459626912951e-03 -5.497153701769572206e-04 3.525393784401285608e-03 3.351252275009734371e-04 1.336935535628271630e-02 1.169501729172359172e-02
1.593750000000000000e+03 6.414338707897700859e-03 -1.915939662955883083e-03 -5.255983196874602654e-04 3.469838387804793749e-03 3.257629636638945613e-04 1.324824882421760282e-02 1.156621295996004828e-02
1.604166666999999961e+03 6.370610935815478569e-03 -1.820838326766936396e-03 -4.940296558874529608e-04 3.429537239194680853e-03 3.117395297849269247e-04 1.309800862061848668e-02 1.144907839781432284e-02
1.614583333000000039e+03 6.348255072773965370e-03 -1.752787204367732381e-03 -4.782235574558761160e-04 3.411702791161079756e-03 3.004103407320394582e-04 1.295137295594242337e-02 1.135566540993873316e-02
1.625000000000000000e+03 6.339907373277477165e-03 -1.708141270553697761e-03 -4.581023217052279943e-04 3.418738414861513791e-03 2.857759078249065511e-04 1.277708864286590529e-02 1.126786721550244834e-02
1.635416666999999961e+03 6.325053170756296875e-03 -1.673983985116156599e-03 -4.508340911943578382e-04 3.458765467353218121e-03 2.738629671364420457e-04 1.260813327312956290e-02 1.119597595561953873e-02
1.645833333000000039e+03 6.302445438474099312e-03 -1.644622656948261080e-03 -4.378003409646494346e-04 3.534539064759378152e-03 2.601479542383173388e-04 1.241535564413755004e-02 1.112617007368551375e-02
1.656250000000000000e+03 6.251381093528559328e-03 -1.611158419058214032e-03 -4.337674215410191009e-04 3.645391820963947861e-03 2.486165687460673381e-04 1.222653913464632168e-02 1.106165602456941552e-02
1.666666666999999961e+03 6.168236841143859110e-03 -1.569773668713016603e-03 -4.191100335381801444e-04 3.782483217104100001e-03 2.354763405128656594e-04 1.201267664527493062e-02 1.098169835176144443e-02
1.677083333000000039e+03 6.047350917500539901e-03 -1.519270088543506377e-03 -4.052835768817430475e-04 3.946030584044271823e-03 2.237893922606952880e-04 1.179602492942991021e-02 1.089470321548736097e-02
1.687500000000000000e+03 5.901172318764436389e-03 -1.470190657794639413e-03 -3.791656252312119568e-04 4.129522399658282217e-03 2.110681604663339791e-04 1.155311306662700280e-02 1.079190389252486157e-02
1.697916666999999961e+03 5.752902223177889206e-03 -1.424337417251324983e-03 -3.516184571166188562e-04 4.334487765601668582e-03 1.987574489773395541e-04 1.130029821575292623e-02 1.069384410226624157e-02
1.708333333000000039e+03 5.625272176922986415e-03 -1.386502075615411245e-03 -3.192918513004428210e-04 4.552732492091624700e-03 1.842470482699656473e-04 1.102552962852393001e-02 1.060176714876927100e-02
1.718750000000000000e+03 5.536736253883070384e-03 -1.360497542835746414e-03 -2.883966445540049042e-04 4.788096139045671176e-03 1.699561298887644005e-04 1.073709946914354341e-02 1.053096593103614205e-02
1.729166666999999961e+03 5.505429619965693418e-03 -1.346639231328127179e-03 -2.557694139011620796e-04 5.025968849676328010e-03 1.532977602526720340e-04 1.043187199482941384e-02 1.048163523223571633e-02
1.739583333000000039e+03 5.535136147016655322e-03 -1.357220805418621465e-03 -2.252915649485928934e-04 5.269671059358695987e-03 1.388793341546405453e-04 1.011115519295816695e-02 1.045798119966675870e-02
1.750000000000000000e+03 5.615957955526110906e-03 -1.388171210713389121e-03 -1.945224756889979629e-04 5.506385339614680054e-03 1.225873665068964843e-04 9.780050700375526873e-03 1.045119699775815848e-02
1.760416666999999961e+03 5.718007107846375704e-03 -1.437151920659026456e-03 -1.660063909316261102e-04 5.743870199758769300e-03 1.112955265060383499e-04 9.430136946850070992e-03 1.044600712722760713e-02
1.770833333000000039e+03 5.797826512576143704e-03 -1.513094416868120953e-03 -1.376890886570257880e-04 5.984120908573331045e-03 9.625451296297300534e-05 9.078190299531118529e-03 1.043006886034029621e-02
1.781250000000000000e+03 5.822950424958712665e-03 -1.611562372024843634e-03 -1.134186983525800054e-04 6.249085386526033112e-03 9.039477518002008393e-05 8.699086516395941604e-03 1.038556116394034369e-02
1.791666666999999961e+03 5.771785726921179263e-03 -1.721848091764066396e-03 -8.907867715331363619e-05 6.544089209680989047e-03 7.830478479477285658e-05 8.320880653941013436e-03 1.031837779527159174e-02
1.802083333000000039e+03 5.665215552016460675e-03 -1.846483763504649369e-03 -6.727548799918580183e-05 6.873636784425860881e-03 7.962834663889481110e-05 7.904477161735277979e-03 1.022166474908879977e-02
1.812500000000000000e+03 5.539764124108874192e-03 -1.975983586165042018e-03 -4.723108814401376447e-05 7.224188923682995853e-03 7.072527366602220100e-05 7.491999621144564657e-03 1.012797633446821735e-02
1.822916666999999961e+03 5.433221117281038411e-03 -2.110633226379709029e-03 -2.785377922544826461e-05 7.573430787388112095e-03 7.653139616727223536e-05 7.027375151723388828e-03 1.001701352819626967e-02
1.833333333000000039e+03 5.342539970208597805e-03 -2.266154662823889783e-03 -7.723944996377784346e-06 7.915272043222763149e-03 6.763549426030842054e-05 6.568838385923564394e-03 9.913325199677462674e-03
1.843750000000000000e+03 5.276741546383562249e-03 -2.446308579058376672e-03 1.130443914489755025e-05 8.231660440866813561e-03 7.575854043293295845e-05 6.042043164076729179e-03 9.775222575663551627e-03
1.854166666999999961e+03 5.258114475294843777e-03 -2.630928283808565884e-03 2.954919427761752368e-05 8.535083511598406600e-03 6.245756008203808224e-05 5.520561886256450390e-03 9.656879936574850817e-03
1.864583333000000039e+03 5.322071263198403443e-03 -2.792806436900142474e-03 4.372974787599799546e-05 8.826895613051151043e-03 7.180331189285830474e-05 4.923456329213342884e-03 9.536211602731449119e-03
1.875000000000000000e+03 5.520890734728989106e-03 -2.912265683443708564e-03 5.498581863065260804e-05 9.119849448462778382e-03 5.740982793187269660e-05 4.346906411040595865e-03 9.493823297116180809e-03
1.885416666999999961e+03 5.963804887007066388e-03 -3.010619462257516088e-03 6.083220459260625348e-05 9.466133036017539484e-03 6.938948408715441820e-05 3.716763422890654017e-03 9.573350672957630161e-03
1.895833333000000039e+03 6.577923714328763952e-03 -3.109577320004584117e-03 6.220954276897322618e-05 1.001356813203176967e-02 5.629569100282004284e-05 3.156115391777187217e-03 9.873803619068860851e-03
1.906250000000000000e+03 7.168639856681991059e-03 -3.110164320643249262e-03 6.848463253919181851e-05 1.082780049317294546e-02 5.902853159958113222e-05 2.628669510087427302e-03 1.031255492997118148e-02
1.916666666999999961e+03 7.644165048096099660e-03 -3.019007923025575878e-03 7.241874937684829121e-05 1.164249133500497302e-02 4.907533813248848040e-05 2.277475976211622549e-03 1.078206617965634696e-02
1.927083333000000039e+03 7.871198937708278470e-03 -2.964254069088717320e-03 6.489707467440814892e-05 1.220919389016263124e-02 6.071860807147144094e-05 2.055014461159465188e-03 1.106770364451518766e-02
1.937500000000000000e+03 7.926973196190741089e-03 -2.952070263137158545e-03 6.486439304759758267e-05 1.210702781366293501e-02 7.400866294203892507e-05 1.973166212192551013e-03 1.100358361102311312e-02
1.947916666999999961e+03 7.928077783141525975e-03 -2.895853044592655405e-03 4.634399652638047782e-05 1.173928156208163195e-02 7.899206210510304805e-05 1.997133560078350779e-03 1.083224645265075392e-02
1.958333333000000039e+03 7.866033154278100417e-03 -2.893262554854326724e-03 4.976762605213274894e-05 1.129101222043963834e-02 6.835012622870495968e-05 1.943108285718721283e-03 1.055007683021823121e-02
1.968750000000000000e+03 7.853464885746253357e-03 -2.954590428379942190e-03 3.252922637215650684e-05 1.128180829092217258e-02 7.412992889842730129e-05 1.842274582005159209e-03 1.048877387933679246e-02
1.979166666999999961e+03 7.842210796990579935e-03 -2.953528090504401685e-03 2.848866283306801997e-05 1.189608853811378354e-02 4.396942014070046761e-05 1.624350434551684015e-03 1.068132488482802234e-02
1.989583333000000039e+03 7.963495212443386789e-03 -2.598381834527004226e-03 2.691736548350895608e-05 1.428298132118336825e-02 2.836399310784144202e-05 1.017158045443032578e-03 1.163181728953489348e-02
2.000000000000000000e+03 8.863167869875796315e-03 -2.050889614000853817e-03 4.408884255031294733e-05 1.994161546228464740e-02 1.198820815066359692e-05 9.976217592940241075e-04 1.490120254572723478e-02
