//   z          U       V        T
(10.0 0.08218651863142461 -4.139184143784285 275.45)
(20.0 0.07174147854357232 -4.039362964658707 275.41999999999996)
(40.0 0.06319584500728147 -4.079510544804832 275.4)
(60.0 0.05003255418813244 -4.109695456298606 275.39)
(80.0 0.03522468261413132 -4.1398501448403575 275.38)
(100.0 0.017243803628158694 -4.159964260812397 275.37)
(120.0 -0.0009119345269308194 -4.179999900523374 275.35999999999996)
(140.0 -0.020708247670471417 -4.199948948318113 275.34999999999997)
(160.0 -0.041330914409399025 -4.209797115718771 275.34999999999997)
(180.0 -0.06278677579519934 -4.21953289130269 275.34999999999997)
(200.0 -0.08360411736850333 -4.229173719718668 275.34)
(220.0 -0.10353262696008163 -4.228732788336802 275.34)
(240.0 -0.12301099608764007 -4.238215225167491 275.34)
(260.0 -0.140762859421443 -4.237662777688604 275.34)
(280.0 -0.15925175280398643 -4.23700824630173 275.33)
(300.0 -0.18069504721720894 -4.236147931778489 275.33)
(350.0 -0.2510502036834118 -4.2225435220054885 275.33)
(400.0 -0.35905616968006165 -4.194660733243475 275.34999999999997)
(450.0 -0.49802857762038966 -4.12000819609299 275.41999999999996)
(500.0 -0.6494892838600433 -4.017843161467477 275.59)
(550.0 -1.1180977545071253 -3.432485602499466 276.28999999999996)
(600.0 -1.666631322681438 -2.6493848407238083 277.17999999999995)
(650.0 -2.097884118552907 -1.6026485032980538 278.21)
(700.0 -2.4311105089508853 -0.73573207981477 279.16999999999996)
(750.0 -2.593483211330665 -0.1839696511546962 280.02)
(800.0 -2.650966700319225 0.45659123272200397 281.0)
(850.0 -2.4763137207414534 1.306855139817577 282.28999999999996)
(900.0 -2.2972858727740837 2.1552210138991814 283.59)
(950.0 -2.081634430681052 2.8632844945976244 284.94)
(1000.0 -1.8681737566122925 3.5708299896669846 286.28999999999996)
(1050.0 -1.6457435026399774 4.263382263358319 287.64)
(1100.0 -1.5762446796144478 4.797702857617085 288.71999999999997)
(1150.0 -1.5700360031961564 5.2607116389959865 289.66999999999996)
(1200.0 -1.5635192767225405 5.72016673457313 290.62)
(1250.0 -1.5558708394164804 6.177067745383197 291.57)
(1300.0 -1.5478362147040476 6.631764701227769 292.52)
(1350.0 -1.8285484747232292 6.912229052598543 292.96)
(1400.0 -2.119439801239711 7.1838760379701 293.38)
(1450.0 -2.407100122563998 7.440313770262138 293.79999999999995)
(1500.0 -2.698620276886638 7.711442705562707 294.21999999999997)
(1550.0 -2.9889894392639778 7.978492472389029 294.64)
(1600.0 -3.281551103563669 8.251413354977442 295.06)
(1650.0 -3.513373712890268 8.383573531231873 295.34)
(1700.0 -3.726515128703297 8.46614345469916 295.57)
(1750.0 -3.9362319665666665 8.54717367937371 295.78999999999996)
(1800.0 -4.151063806803066 8.633948648900434 296.02)
(1850.0 -4.359273389134983 8.710013520011298 296.25)
(1900.0 -4.575554348583268 8.801744281854633 296.46999999999997)
(1950.0 -4.786263274543483 8.882555030325245 296.7)
(2000.0 -4.995667449288142 8.961635271317556 296.92999999999995)
(2050.0 -5.0770952349349034 9.14520114461138 297.16999999999996)
(2100.0 -5.162735729787173 9.33782950071262 297.40999999999997)
(2150.0 -5.247718981363579 9.530784096423359 297.65)
(2200.0 -5.3289316955655694 9.714364980995756 297.89)
(2250.0 -5.414376111823083 9.90699910768743 298.13)
(2300.0 -5.494446312879726 10.091142636732592 298.37)
(2350.0 -5.573951133671927 10.275561724764122 298.60999999999996)
(2400.0 -5.659471337823818 10.468064968099439 298.84999999999997)
(2450.0 -5.739721072544712 10.652023376306783 299.09)
(2500.0 -5.7062101977958 10.828516296269365 299.34999999999997)
(2550.0 -5.630054950281971 11.003275932957669 299.60999999999996)
(2600.0 -5.556910137991672 11.185743145552976 299.88)
(2650.0 -5.477859112931048 11.358043825363515 300.14)
(2700.0 -5.399555647282323 11.528126422446173 300.40999999999997)
(2750.0 -5.320133243852552 11.696951836596359 300.67999999999995)
(2800.0 -5.243717498614716 11.873661052713347 300.94)
(2850.0 -5.168258615392956 12.048286304882387 301.21)
(2900.0 -5.089670055076966 12.222637143041302 301.46999999999997)
(2950.0 -5.012276199914707 12.39491780108963 301.73999999999995)
(3000.0 -5.05057691186522 12.584326476110432 302.0)
