//   z          U       V        T
(10.0 -4.069883021954284 0.7587174623061363 275.45)
(20.0 -3.9700172880745037 0.7487073743389778 275.41999999999996)
(40.0 -4.007598488759912 0.7652152330483694 275.4)
(60.0 -4.0344877239698995 0.7842249709975999 275.39)
(80.0 -4.061013934092949 0.8048390069466753 275.38)
(100.0 -4.077064787673131 0.8265244806512666 275.37)
(120.0 -4.093003343067291 0.8483652713542532 275.35999999999996)
(140.0 -4.10852448724761 0.8717950089824803 275.34999999999997)
(160.0 -4.113986990869701 0.8939860395749288 275.34999999999997)
(180.0 -4.1191705111775825 0.9169701739124412 275.34999999999997)
(200.0 -4.124390512636651 0.9393097994127324 275.34)
(220.0 -4.119918341590388 0.9587350304578992 275.34)
(240.0 -4.125254710385544 0.9797313787165747 275.34)
(260.0 -4.121114642453035 0.9970025595549854 275.34)
(280.0 -4.116725181886847 1.0149747665921118 275.33)
(300.0 -4.11153522319669 1.0357982952355842 275.33)
(350.0 -4.083949228619122 1.1019340715584034 275.33)
(400.0 -4.034747896179007 1.202043848733929 275.34999999999997)
(450.0 -3.9334698675722297 1.3229946337386664 275.41999999999996)
(500.0 -3.802718795798411 1.4505963463629308 275.59)
(550.0 -3.1345103206533413 1.7907945302903086 276.28999999999996)
(600.0 -2.2564610617625664 2.169166539652811 277.17999999999995)
(650.0 -1.1440295406069743 2.379242822878446 278.21)
(700.0 -0.22755769319463803 2.529786057410376 279.16999999999996)
(750.0 0.34566572810069096 2.5769197124506267 280.02)
(800.0 0.9845776896114449 2.503339124673161 281.0)
(850.0 1.7817730820724291 2.1599270089524123 282.28999999999996)
(900.0 2.5762228797143636 1.812615699489616 283.59)
(950.0 3.2258588972804865 1.457886955438015 284.94)
(1000.0 3.8754318532380285 1.1054084995638778 286.28999999999996)
(1050.0 4.508504438560241 0.7471865412884591 287.64)
(1100.0 5.017637571069395 0.5708004952632951 288.71999999999997)
(1150.0 5.469771652285151 0.47084824716438284 289.66999999999996)
(1200.0 5.918363396385856 0.3713148371935539 290.62)
(1250.0 6.364224651601141 0.2711910469619773 291.57)
(1300.0 6.807849329019272 0.17113594996912795 292.52)
(1350.0 7.139401786841752 0.38915565785531564 292.96)
(1400.0 7.464383751182836 0.6189307029689745 293.38)
(1450.0 7.773817264661072 0.8486254389643558 293.79999999999995)
(1500.0 8.098419429394465 1.0791212840113156 294.21999999999997)
(1550.0 8.418793785854438 1.3093170705595705 294.64)
(1600.0 8.745361842592366 1.540469487568469 295.06)
(1650.0 8.921778045999904 1.7406827677420513 295.34)
(1700.0 9.045846393434177 1.9326569862223086 295.57)
(1750.0 9.167712704488158 2.1215899151264925 295.78999999999996)
(1800.0 9.2962414905173 2.314366900468611 296.02)
(1850.0 9.412939982296427 2.5028305755055325 296.25)
(1900.0 9.546615438101574 2.6960218242812326 296.46999999999997)
(1950.0 9.668467971581608 2.8859707348655905 296.7)
(2000.0 9.788361406132356 3.0749928427459134 296.92999999999995)
(2050.0 9.98462396184727 3.1175125245145936 297.16999999999996)
(2100.0 10.190614891536994 3.1623200553366617 297.40999999999997)
(2150.0 10.396792032876048 3.206417849427167 297.65)
(2200.0 10.5930256835429 3.2487238829732075 297.89)
(2250.0 10.798982510107376 3.2933382374719744 298.13)
(2300.0 10.99553548171946 3.3344114128656095 298.37)
(2350.0 11.192243661636873 3.3748750819177316 298.60999999999996)
(2400.0 11.398087688659249 3.4195901862115705 298.84999999999997)
(2450.0 11.594495783561689 3.4608766988972888 299.09)
(2500.0 11.760529090352593 3.39227880855486 299.34999999999997)
(2550.0 11.916219196333602 3.282273612136952 299.60999999999996)
(2600.0 12.080067154039254 3.173653660042632 299.88)
(2650.0 12.232762268430788 3.0613113667276672 300.14)
(2700.0 12.38343692960562 2.9501508114806176 300.40999999999997)
(2750.0 12.532653658895528 2.8381494439462682 300.67999999999995)
(2800.0 12.690200040274153 2.727493893270143 300.94)
(2850.0 12.845899736757477 2.6181978445438716 301.21)
(2900.0 13.000696193322664 2.5058927528778256 301.46999999999997)
(2950.0 13.15370768396678 2.395177272093494 301.73999999999995)
(3000.0 13.346947916156342 2.394280961668852 302.0)
