(0 -0.010294741848930807)
(300 -0.009866766403772664)
(600 -0.009322996991625336)
(900 -0.008573259614602813)
(1200 -0.00835170908203919)
(1500 -0.008253793397837222)
(1800 -0.008218137246930645)
(2100 -0.008317603057159118)
(2400 -0.008359327587608748)
(2700 -0.00856160866737133)
(3000 -0.008612377429059273)
(3300 -0.00864804780876494)
(3600 -0.008559201561102528)
(3900 -0.00859108789332466)
(4200 -0.008723743393771851)
(4500 -0.00865737783559639)
(4800 -0.00865044231238312)
(5100 -0.008643718188470607)
(5400 -0.008810268314497112)
(5700 -0.009010255305309375)
(6000 -0.009263281567607123)
(6300 -0.009394981705829742)
(6600 -0.009439473127896576)
(6900 -0.009406173672656313)
(7200 -0.009368455158956013)
(7500 -0.00921679242214814)
(7800 -0.008963232783153101)
(8100 -0.008716783478331571)
(8400 -0.008562751443206765)
(8700 -0.008669388568176273)
(9000 -0.008785504512561996)
(9300 -0.008887191641596877)
(9600 -0.009073419790226847)
(9900 -0.009223816570452882)
(10200 -0.009462697780307342)
(10500 -0.009589050329295063)
(10800 -0.00968545247581104)
(11100 -0.009741506626555003)
(11400 -0.00968177981949752)
(11700 -0.009661233433612488)
(12000 -0.00963887714448329)
(12300 -0.009688826733880803)
(12600 -0.009656146841206602)
(12900 -0.009532686397268071)
(13200 -0.00939060167493292)
(13500 -0.00943230181315554)
(13800 -0.009371159443857224)
(14100 -0.009339125945198796)
(14400 -0.00935950971623709)
(14700 -0.009513367753475891)
(15000 -0.009608330758598259)
(15300 -0.009656171233433613)
(15600 -0.00942859175542727)
(15900 -0.00928923733636881)
(16200 -0.009029547930726075)
(16500 -0.009070267501422879)
(16800 -0.0090485055695585)
(17100 -0.009123952353849905)
(17400 -0.009190788682006667)
(17700 -0.009227859988616959)
(18000 -0.009386892430278883)
(18300 -0.009614024717456704)
(18600 -0.00944545247581104)
(18900 -0.009207413610862672)
(19200 -0.00892468493373445)
(19500 -0.008987067241239124)
(19800 -0.008959201561102527)
(20100 -0.008854288153508414)
(20400 -0.008539376372062769)
(20700 -0.008011933490527685)
(21000 -0.007503771444832913)
(21300 -0.007708026668834865)
(21600 -0.008053298642166029)
(21900 -0.008536956663143344)
(22200 -0.00923134645093097)
(22500 -0.010327682738434018)
(22800 -0.009655712659565817)
(23100 -0.009279025937068053)
(23400 -0.008855305309374745)
(23700 -0.008592105455728107)
(24000 -0.00841940076428978)
(24300 -0.007778795837059923)
(24600 -0.0060076477762419705)
(24900 -0.004187306285063826)
(25200 -0.0051415215871209044)
(25500 -0.005713442556305391)
(25800 -0.006297721196845272)
(26100 -0.006600474835352467)
(26400 -0.006513452313196194)
(26700 -0.006554370274006017)
(27000 -0.0067703496219204806)
(27300 -0.006653700300837466)
(27600 -0.006714419058460036)
(27900 -0.006870758598260021)
(28200 -0.006571466785917554)
(28500 -0.006589556874542645)
(28800 -0.0068403870233352294)
(29100 -0.006923823075046752)
(29400 -0.0066886624928856)
(29700 -0.0065008472233514915)
(30000 -0.006789233270997641)
(30300 -0.006272013984876819)
(30600 -0.006558849499959346)
(30900 -0.006287646719245466)
(31200 -0.006423576876168794)
(31500 -0.0067671237498983655)
(31800 -0.005944769493454752)
(32100 -0.005717201886332222)
(32400 -0.006044347507927474)
(32700 -0.006353068298235629)
(33000 -0.006479991056183429)
(33300 -0.006656454183266932)
(33600 -0.006909555248394177)
(33900 -0.007617692088787705)
(34200 -0.006782359541426131)
(34500 -0.006841453776729815)
(34800 -0.006629978046995691)
(35100 -0.006331021221237498)
(35400 -0.006000848524270266)
(35700 -0.00586452150581348)
(36000 -0.005920551264330433)
(36300 -0.006210550207333929)
(36600 -0.00634648044556468)
(36900 -0.006225637043662086)
(37200 -0.005394634929669078)
(37500 -0.0052001439141393605)
(37800 -0.006157126189121066)
(38100 -0.006263105943572648)
(38400 -0.0070047906333848275)
(38700 -0.006315289210504919)
(39000 -0.005395242458736482)
(39300 -0.005490403610049597)
(39600 -0.005258642653874298)
(39900 -0.005233679973981624)
(40200 -0.00466995991544028)
(40500 -0.005101546467192454)
(40800 -0.005166037076185056)
(41100 -0.0051456533051467595)
(41400 -0.004966199528416944)
(41700 -0.004176797707130661)
(42000 -0.004289440035775266)
(42300 -0.00467834669485324)
(42600 -0.0046973791365151635)
(42900 -0.004492962842507521)
(43200 -0.0043921692820554515)
