(0 278.4)
(300 278.4)
(600 278.4)
(900 278.34999999999997)
(1200 278.34999999999997)
(1500 278.34999999999997)
(1800 278.34999999999997)
(2100 278.34999999999997)
(2400 278.34999999999997)
(2700 278.34999999999997)
(3000 278.34999999999997)
(3300 278.34999999999997)
(3600 278.34999999999997)
(3900 278.34999999999997)
(4200 278.34999999999997)
(4500 278.34999999999997)
(4800 278.34999999999997)
(5100 278.34999999999997)
(5400 278.34999999999997)
(5700 278.34999999999997)
(6000 278.34999999999997)
(6300 278.34999999999997)
(6600 278.34999999999997)
(6900 278.34999999999997)
(7200 278.34999999999997)
(7500 278.34999999999997)
(7800 278.34999999999997)
(8100 278.34999999999997)
(8400 278.34999999999997)
(8700 278.34999999999997)
(9000 278.34999999999997)
(9300 278.34999999999997)
(9600 278.34999999999997)
(9900 278.34999999999997)
(10200 278.34999999999997)
(10500 278.34999999999997)
(10800 278.34999999999997)
(11100 278.34999999999997)
(11400 278.34999999999997)
(11700 278.34999999999997)
(12000 278.34999999999997)
(12300 278.34999999999997)
(12600 278.34999999999997)
(12900 278.34999999999997)
(13200 278.34999999999997)
(13500 278.34999999999997)
(13800 278.34999999999997)
(14100 278.34999999999997)
(14400 278.34999999999997)
(14700 278.34999999999997)
(15000 278.34999999999997)
(15300 278.34999999999997)
(15600 278.34999999999997)
(15900 278.34999999999997)
(16200 278.34999999999997)
(16500 278.34999999999997)
(16800 278.34999999999997)
(17100 278.34999999999997)
(17400 278.34999999999997)
(17700 278.34999999999997)
(18000 278.34999999999997)
(18300 278.34999999999997)
(18600 278.34999999999997)
(18900 278.34999999999997)
(19200 278.34999999999997)
(19500 278.34999999999997)
(19800 278.34999999999997)
(20100 278.34999999999997)
(20400 278.34999999999997)
(20700 278.34999999999997)
(21000 278.34999999999997)
(21300 278.34999999999997)
(21600 278.34999999999997)
(21900 278.34999999999997)
(22200 278.34999999999997)
(22500 278.34999999999997)
(22800 278.34999999999997)
(23100 278.34999999999997)
(23400 278.34999999999997)
(23700 278.34999999999997)
(24000 278.34999999999997)
(24300 278.34999999999997)
(24600 278.34999999999997)
(24900 278.34999999999997)
(25200 278.34999999999997)
(25500 278.34999999999997)
(25800 278.34999999999997)
(26100 278.34999999999997)
(26400 278.34999999999997)
(26700 278.34999999999997)
(27000 278.34999999999997)
(27300 278.34999999999997)
(27600 278.34999999999997)
(27900 278.34999999999997)
(28200 278.34999999999997)
(28500 278.34999999999997)
(28800 278.34999999999997)
(29100 278.34999999999997)
(29400 278.34999999999997)
(29700 278.34999999999997)
(30000 278.34999999999997)
(30300 278.34999999999997)
(30600 278.34999999999997)
(30900 278.34999999999997)
(31200 278.34999999999997)
(31500 278.34999999999997)
(31800 278.34999999999997)
(32100 278.34999999999997)
(32400 278.34999999999997)
(32700 278.34999999999997)
(33000 278.34999999999997)
(33300 278.34999999999997)
(33600 278.34999999999997)
(33900 278.34999999999997)
(34200 278.34999999999997)
(34500 278.34999999999997)
(34800 278.34999999999997)
(35100 278.34999999999997)
(35400 278.34999999999997)
(35700 278.34999999999997)
(36000 278.34999999999997)
(36300 278.34999999999997)
(36600 278.34999999999997)
(36900 278.34999999999997)
(37200 278.34999999999997)
(37500 278.34999999999997)
(37800 278.34999999999997)
(38100 278.34999999999997)
(38400 278.34999999999997)
(38700 278.34999999999997)
(39000 278.34999999999997)
(39300 278.34999999999997)
(39600 278.34999999999997)
(39900 278.34999999999997)
(40200 278.34999999999997)
(40500 278.34999999999997)
(40800 278.34999999999997)
(41100 278.34999999999997)
(41400 278.34999999999997)
(41700 278.34999999999997)
(42000 278.34999999999997)
(42300 278.34999999999997)
(42600 278.34999999999997)
(42900 278.34999999999997)
(43200 278.34999999999997)
