# z, T
0.000000000000000000e+00 2.908566899016524303e+02
1.041666700000000034e+01 2.908567573377723647e+02
2.083333299999999966e+01 2.908568993909025835e+02
3.125000000000000000e+01 2.908570704634917661e+02
4.166666699999999679e+01 2.908572557934373322e+02
5.208333300000000321e+01 2.908574551385754035e+02
6.250000000000000000e+01 2.908576674527895989e+02
7.291666700000000390e+01 2.908578932544847362e+02
8.333333299999999610e+01 2.908581341911655613e+02
9.375000000000000000e+01 2.908583912137852394e+02
1.041666670000000039e+02 2.908586643435225483e+02
1.145833329999999961e+02 2.908589544269643739e+02
1.250000000000000000e+02 2.908592657345263888e+02
1.354166669999999897e+02 2.908595969136918029e+02
1.458333330000000103e+02 2.908599471677440533e+02
1.562500000000000000e+02 2.908603217624357740e+02
1.666666669999999897e+02 2.908607171337973796e+02
1.770833330000000103e+02 2.908611378471455851e+02
1.875000000000000000e+02 2.908615793827114544e+02
1.979166669999999897e+02 2.908620417829574762e+02
2.083333330000000103e+02 2.908625219129980337e+02
2.187500000000000000e+02 2.908630275478423641e+02
2.291666669999999897e+02 2.908635616232293160e+02
2.395833330000000103e+02 2.908641334933404892e+02
2.500000000000000000e+02 2.908647405877743495e+02
2.604166670000000181e+02 2.908653868058173089e+02
2.708333329999999819e+02 2.908660677314680925e+02
2.812500000000000000e+02 2.908667918430471673e+02
2.916666670000000181e+02 2.908675690989053919e+02
3.020833329999999819e+02 2.908683974553171652e+02
3.125000000000000000e+02 2.908692824300159714e+02
3.229166670000000181e+02 2.908702259271200319e+02
3.333333329999999819e+02 2.908712379576080025e+02
3.437500000000000000e+02 2.908723312927035636e+02
3.541666670000000181e+02 2.908735119384012933e+02
3.645833329999999819e+02 2.908747942771598218e+02
3.750000000000000000e+02 2.908762045210829115e+02
3.854166670000000181e+02 2.908777635432720672e+02
3.958333329999999819e+02 2.908795006782123096e+02
4.062500000000000000e+02 2.908814461159818165e+02
4.166666670000000181e+02 2.908836146031923136e+02
4.270833329999999819e+02 2.908860492857315307e+02
4.375000000000000000e+02 2.908888555011102994e+02
4.479166670000000181e+02 2.908921300848031137e+02
4.583333329999999819e+02 2.908960193896305100e+02
4.687500000000000000e+02 2.909006440259710757e+02
4.791666670000000181e+02 2.909062507418647670e+02
4.895833329999999819e+02 2.909131443942177953e+02
5.000000000000000000e+02 2.909219338700709727e+02
5.104166670000000181e+02 2.909336289474468344e+02
5.208333330000000387e+02 2.909496191737943604e+02
5.312500000000000000e+02 2.909720628464501715e+02
5.416666669999999613e+02 2.910040855178606307e+02
5.520833330000000387e+02 2.910499131163290940e+02
5.625000000000000000e+02 2.911147427928476645e+02
5.729166669999999613e+02 2.912026487312071481e+02
5.833333330000000387e+02 2.913121307940738802e+02
5.937500000000000000e+02 2.914345689576866221e+02
6.041666669999999613e+02 2.915580325615114816e+02
6.145833330000000387e+02 2.916722128291280001e+02
6.250000000000000000e+02 2.917708434082629765e+02
6.354166669999999613e+02 2.918518484443037551e+02
6.458333330000000387e+02 2.919162613173013483e+02
6.562500000000000000e+02 2.919669571791148428e+02
6.666666669999999613e+02 2.920075681900883069e+02
6.770833330000000387e+02 2.920416140645406813e+02
6.875000000000000000e+02 2.920720111635972671e+02
6.979166669999999613e+02 2.921009276265047561e+02
7.083333330000000387e+02 2.921298110269165136e+02
7.187500000000000000e+02 2.921594711767776289e+02
7.291666669999999613e+02 2.921901896667085907e+02
7.395833330000000387e+02 2.922218612078083311e+02
7.500000000000000000e+02 2.922541569882386625e+02
7.604166669999999613e+02 2.922866829287333417e+02
7.708333330000000387e+02 2.923190960741872004e+02
7.812500000000000000e+02 2.923511628921903593e+02
7.916666669999999613e+02 2.923827679760292426e+02
8.020833330000000387e+02 2.924138929128023960e+02
8.125000000000000000e+02 2.924445870007077701e+02
8.229166669999999613e+02 2.924749395784598391e+02
8.333333330000000387e+02 2.925050593211294654e+02
8.437500000000000000e+02 2.925350592297382377e+02
8.541666669999999613e+02 2.925650474152560037e+02
8.645833330000000387e+02 2.925951205779485917e+02
8.750000000000000000e+02 2.926253583608382769e+02
8.854166669999999613e+02 2.926558175783748652e+02
8.958333330000000387e+02 2.926865275966452487e+02
9.062500000000000000e+02 2.927174883364560287e+02
9.166666669999999613e+02 2.927486718429384496e+02
9.270833330000000387e+02 2.927800272395177785e+02
9.375000000000000000e+02 2.928114896167161305e+02
9.479166669999999613e+02 2.928429916467058547e+02
9.583333330000000387e+02 2.928744760399295046e+02
9.687500000000000000e+02 2.929059046747481716e+02
9.791666669999999613e+02 2.929372618934232264e+02
9.895833330000000387e+02 2.929685519876279614e+02
1.000000000000000000e+03 2.929997927142960634e+02
1.010416666999999961e+03 2.930310075746226630e+02
1.020833333000000039e+03 2.930622190746414049e+02
1.031250000000000000e+03 2.930934439616139571e+02
1.041666666999999961e+03 2.931246894824191713e+02
1.052083333000000039e+03 2.931559511465516721e+02
1.062500000000000000e+03 2.931872158590784352e+02
1.072916666999999961e+03 2.932184708192081644e+02
1.083333333000000039e+03 2.932497128624182778e+02
1.093750000000000000e+03 2.932809513904236951e+02
1.104166666999999961e+03 2.933122028695296990e+02
1.114583333000000039e+03 2.933434796581865953e+02
1.125000000000000000e+03 2.933747812697078530e+02
1.135416666999999961e+03 2.934060937310961776e+02
1.145833333000000039e+03 2.934373969220480376e+02
1.156250000000000000e+03 2.934686742357918661e+02
1.166666666999999961e+03 2.934999193198455032e+02
1.177083333000000039e+03 2.935311379834190575e+02
1.187500000000000000e+03 2.935623457859473433e+02
1.197916666999999961e+03 2.935935617911078452e+02
1.208333333000000039e+03 2.936248007647395184e+02
1.218750000000000000e+03 2.936560675712366901e+02
1.229166666999999961e+03 2.936873559891379273e+02
1.239583333000000039e+03 2.937186532438142308e+02
1.250000000000000000e+03 2.937499474211779784e+02
1.260416666999999961e+03 2.937812321830472797e+02
1.270833333000000039e+03 2.938125063585517864e+02
1.281250000000000000e+03 2.938437714228704181e+02
1.291666666999999961e+03 2.938750296668272313e+02
1.302083333000000039e+03 2.939062828175740378e+02
1.312500000000000000e+03 2.939375309258695665e+02
1.322916666999999961e+03 2.939687725053103691e+02
1.333333333000000039e+03 2.940000068432427156e+02
1.343750000000000000e+03 2.940312374823583355e+02
1.354166666999999961e+03 2.940624725929945384e+02
1.364583333000000039e+03 2.940937212814546342e+02
1.375000000000000000e+03 2.941249880095555227e+02
1.385416666999999961e+03 2.941562690821221508e+02
1.395833333000000039e+03 2.941875520883605759e+02
1.406250000000000000e+03 2.942188193667853398e+02
1.416666666999999961e+03 2.942500545033592516e+02
1.427083333000000039e+03 2.942812499340793124e+02
1.437500000000000000e+03 2.943124113876583010e+02
1.447916666999999961e+03 2.943435581330501236e+02
1.458333333000000039e+03 2.943747171862495406e+02
1.468750000000000000e+03 2.944059144491582742e+02
1.479166666999999961e+03 2.944371658385522892e+02
1.489583333000000039e+03 2.944684731575746355e+02
1.500000000000000000e+03 2.944998249640523227e+02
1.510416666999999961e+03 2.945312013546795242e+02
1.520833333000000039e+03 2.945625795011063133e+02
1.531250000000000000e+03 2.945939369023256518e+02
1.541666666999999961e+03 2.946252546481042032e+02
1.552083333000000039e+03 2.946565208775051019e+02
1.562500000000000000e+03 2.946877359771936540e+02
1.572916666999999961e+03 2.947189119771524588e+02
1.583333333000000039e+03 2.947500700554206787e+02
1.593750000000000000e+03 2.947812342924178211e+02
1.604166666999999961e+03 2.948124266867318966e+02
1.614583333000000039e+03 2.948436605056402300e+02
1.625000000000000000e+03 2.948749347955337043e+02
1.635416666999999961e+03 2.949062346292675443e+02
1.645833333000000039e+03 2.949375360434892173e+02
1.656250000000000000e+03 2.949688179916537933e+02
1.666666666999999961e+03 2.950000697330726211e+02
1.677083333000000039e+03 2.950312961030409156e+02
1.687500000000000000e+03 2.950625119764697502e+02
1.697916666999999961e+03 2.950937359725597275e+02
1.708333333000000039e+03 2.951249814389641983e+02
1.718750000000000000e+03 2.951562537700277744e+02
1.729166666999999961e+03 2.951875488074269356e+02
1.739583333000000039e+03 2.952188572961802606e+02
1.750000000000000000e+03 2.952501653226800613e+02
1.760416666999999961e+03 2.952814585325523922e+02
1.770833333000000039e+03 2.953127222367108402e+02
1.781250000000000000e+03 2.953439505617351983e+02
1.791666666999999961e+03 2.953751440174333993e+02
1.802083333000000039e+03 2.954063117631244495e+02
1.812500000000000000e+03 2.954374601293962996e+02
1.822916666999999961e+03 2.954685960715507917e+02
1.833333333000000039e+03 2.954997230170035323e+02
1.843750000000000000e+03 2.955308479876161982e+02
1.854166666999999961e+03 2.955619754772098418e+02
1.864583333000000039e+03 2.955931031294496165e+02
1.875000000000000000e+03 2.956242166450513764e+02
1.885416666999999961e+03 2.956552874682758443e+02
1.895833333000000039e+03 2.956862912286399592e+02
1.906250000000000000e+03 2.957172091900965825e+02
1.916666666999999961e+03 2.957480587309622138e+02
1.927083333000000039e+03 2.957788684426670898e+02
1.937500000000000000e+03 2.958097092702418536e+02
1.947916666999999961e+03 2.958406364057743190e+02
1.958333333000000039e+03 2.958717395044429850e+02
1.968750000000000000e+03 2.959030417805047932e+02
1.979166666999999961e+03 2.959346173977232866e+02
1.989583333000000039e+03 2.959667399441543694e+02
2.000000000000000000e+03 2.959992819237967296e+02
