# z, uu, uv, uw, vv, vw, ww, tke
0.000000000000000000e+00 7.015644969024866784e-01 1.392848103115699732e-01 -7.386745535241068250e-02 3.371542545653228307e-01 -2.110906813518441047e-02 7.478788412813246189e-02 5.567533177979709924e-01
1.041666700000000034e+01 6.932274517172599682e-01 1.450691326050268237e-01 -7.127612197259118598e-02 3.104510246747734237e-01 -2.119721418844655592e-02 6.026341442175092711e-02 5.319709454068921595e-01
2.083333299999999966e+01 6.500456790024111697e-01 1.211888514051524535e-01 -1.055530592738446322e-01 3.090724804067552789e-01 -2.835395438281229988e-02 1.120186304899524615e-01 5.355683949495594343e-01
3.125000000000000000e+01 5.297363807289378057e-01 9.137968393058368277e-02 -1.033098937026822456e-01 2.733599804334920780e-01 -2.547483683239000832e-02 1.361624805938692340e-01 4.696294208781495727e-01
4.166666699999999679e+01 4.742107115432765974e-01 7.405961823687794154e-02 -1.039721882874331260e-01 2.536089042557402307e-01 -2.359560590043863898e-02 1.402078540414222751e-01 4.340137349202195516e-01
5.208333300000000321e+01 4.292586704880172466e-01 5.888134214879645056e-02 -1.006912069925705033e-01 2.332284488666155342e-01 -2.054731096281336988e-02 1.413390199841482453e-01 4.019130696693904992e-01
6.250000000000000000e+01 4.019001450726294444e-01 5.053522895021970995e-02 -9.857304721713722184e-02 2.182627608913130235e-01 -1.803698377243080631e-02 1.394027423179962366e-01 3.797828241409693106e-01
7.291666700000000390e+01 3.793654726174568448e-01 4.261041353408204918e-02 -9.539705999383722712e-02 2.062709001506422279e-01 -1.536792481248652753e-02 1.361147944290619083e-01 3.608755835985805183e-01
8.333333299999999610e+01 3.591033247446610011e-01 3.537661730288779033e-02 -9.280157313236357675e-02 1.961100590117312858e-01 -1.302969656190770820e-02 1.329830817625179684e-01 3.440982327594551138e-01
9.375000000000000000e+01 3.449774637436421876e-01 2.983264179131868074e-02 -8.961680639093516643e-02 1.875832842179569748e-01 -1.084762043675273173e-02 1.293138735030714415e-01 3.309373107323352881e-01
1.041666670000000039e+02 3.304759458269356798e-01 2.438901676284484232e-02 -8.714782209559797377e-02 1.786104654245261047e-01 -8.934573391965744057e-03 1.266237348434247900e-01 3.178550730474433150e-01
1.145833329999999961e+02 3.171725616684696325e-01 2.047621556479520613e-02 -8.394446478144680646e-02 1.711741659819051575e-01 -6.862053710653528114e-03 1.229494495269943810e-01 3.056480885886845855e-01
1.250000000000000000e+02 3.055654261233169966e-01 1.694439325406571148e-02 -8.138718355463550602e-02 1.649732268192980744e-01 -5.131414365947307120e-03 1.204273197144013763e-01 2.954829863285082237e-01
1.354166669999999897e+02 2.959747143769858591e-01 1.295940371902421472e-02 -7.836822608565810477e-02 1.597681076723213855e-01 -3.194151740675481126e-03 1.169061255326590276e-01 2.863244737909831361e-01
1.458333330000000103e+02 2.847324911124685665e-01 9.232327166578124800e-03 -7.570924986247720700e-02 1.547044529023524906e-01 -1.481221220115024528e-03 1.138611764317741665e-01 2.766490602232976048e-01
1.562500000000000000e+02 2.728226353702437046e-01 7.342799806001814450e-03 -7.282598149829129508e-02 1.496849706010990044e-01 -7.718189171775232359e-05 1.106791817879347606e-01 2.665933938796387626e-01
1.666666669999999897e+02 2.611325461610158327e-01 4.681750807479499212e-03 -7.030836727726264002e-02 1.446977705248297386e-01 1.406251734552414192e-03 1.077148546172144172e-01 2.567725856515299943e-01
1.770833330000000103e+02 2.495753114108821002e-01 2.043424044574500623e-03 -6.754919797381048197e-02 1.410933061467476990e-01 2.685842083628635617e-03 1.041136069778660911e-01 2.473911122677479590e-01
1.875000000000000000e+02 2.400688421707244946e-01 4.977287958901575058e-04 -6.490527651973590495e-02 1.368299911018066306e-01 3.919876764337999232e-03 1.012001747986827904e-01 2.390495040356069856e-01
1.979166669999999897e+02 2.299640184015058209e-01 -8.187692313102124192e-04 -6.221955611323557594e-02 1.326329951369903670e-01 4.826470452878592506e-03 9.768676020179840880e-02 2.301418868701472775e-01
2.083333330000000103e+02 2.205968179562475817e-01 -1.560508006807004343e-03 -5.965051116229454220e-02 1.295642421579581705e-01 5.842936823953255414e-03 9.464008826761567683e-02 2.224005741909107214e-01
2.187500000000000000e+02 2.114864172162877198e-01 -2.542516886005413007e-03 -5.705976778961141527e-02 1.255992724948740702e-01 6.776937825547771008e-03 9.140224579219670409e-02 2.142439677516792540e-01
2.291666669999999897e+02 2.017151349121586723e-01 -4.455195108129765894e-03 -5.462854200491484846e-02 1.222128447532384865e-01 7.512218861742116227e-03 8.865965363008494748e-02 2.062938166477410462e-01
2.395833330000000103e+02 1.946136581078964645e-01 -6.424633349645923232e-03 -5.200652600944622589e-02 1.191929173165694883e-01 8.172920905826861621e-03 8.534912100692756964e-02 1.995778482156967404e-01
2.500000000000000000e+02 1.878111585974406028e-01 -7.642696624954741641e-03 -4.965542309115620473e-02 1.159876466422020275e-01 8.832181366025355571e-03 8.245142697184920655e-02 1.931251161057459254e-01
2.604166670000000181e+02 1.805014171762733544e-01 -9.083204551743466124e-03 -4.730302733090106793e-02 1.121248361500010449e-01 9.254842498621441982e-03 7.929605539205500375e-02 1.859611543591647154e-01
2.708333329999999819e+02 1.728465206009989485e-01 -1.106665629757249032e-02 -4.504248152837841274e-02 1.084348821754960446e-01 9.954860583949062119e-03 7.645794591527106665e-02 1.788696743458830229e-01
2.812500000000000000e+02 1.662465902377994187e-01 -1.231664256708350780e-02 -4.258072644591717054e-02 1.044709660735303886e-01 1.021009230717095234e-02 7.339752467379104250e-02 1.720575404925604457e-01
2.916666670000000181e+02 1.596834791363949124e-01 -1.330737898761527593e-02 -4.039701342638499226e-02 1.008616982580819027e-01 1.058486838672242046e-02 7.044234547412826786e-02 1.654937614343025276e-01
3.020833329999999819e+02 1.520669291155670177e-01 -1.361407070566274767e-02 -3.812329005362145168e-02 9.732580477892346926e-02 1.081475803079166333e-02 6.737106473093287806e-02 1.583818993127116825e-01
3.125000000000000000e+02 1.457564179357621337e-01 -1.419922952026230097e-02 -3.597424465581693792e-02 9.394968429222209927e-02 1.106453943644987274e-02 6.449649463418762052e-02 1.521012984310859129e-01
3.229166670000000181e+02 1.393591714520679981e-01 -1.510067778513677836e-02 -3.366498768362335969e-02 9.115190252244462221e-02 1.108763361826371231e-02 6.144138131584210571e-02 1.459762276451773699e-01
3.333333329999999819e+02 1.330107676786138615e-01 -1.597412306624896097e-02 -3.168909384610629071e-02 8.904702462155338061e-02 1.131528870727572557e-02 5.854925747867843755e-02 1.403035248894228537e-01
3.437500000000000000e+02 1.265757353461291479e-01 -1.660712445016433725e-02 -2.951074522168163974e-02 8.637094302036141258e-02 1.136135296252388863e-02 5.543812869947089411e-02 1.341924035329807308e-01
3.541666670000000181e+02 1.190669895051819499e-01 -1.688903009554143519e-02 -2.749927756984418478e-02 8.366051386780240517e-02 1.142880311914144624e-02 5.220513712415369295e-02 1.274663202485690205e-01
3.645833329999999819e+02 1.120492108555809913e-01 -1.660227304112983984e-02 -2.556552640009481306e-02 8.031555450820565545e-02 1.148961782789570917e-02 4.898708453196697760e-02 1.206759249478768226e-01
3.750000000000000000e+02 1.057238471453929990e-01 -1.675530787901945845e-02 -2.362243838762969131e-02 7.711293772815498715e-02 1.140105940757364829e-02 4.583670670967062571e-02 1.143367457916093094e-01
3.854166670000000181e+02 1.000925489140716551e-01 -1.658683208997204298e-02 -2.173889793764342132e-02 7.381062172931887599e-02 1.127833861670926412e-02 4.296916077611522694e-02 1.084361657097528825e-01
3.958333329999999819e+02 9.507255498650693526e-02 -1.668896486615011401e-02 -1.986894636266235345e-02 7.110626190917773704e-02 1.111325772223969652e-02 4.007190261002409326e-02 1.031253597528543897e-01
4.062500000000000000e+02 8.964522710596042887e-02 -1.635993884361977568e-02 -1.820583363115641992e-02 6.886838274938889004e-02 1.087058657439692391e-02 3.745537373394634828e-02 9.798449179464782666e-02
4.166666670000000181e+02 8.391581779738520319e-02 -1.550586194938611412e-02 -1.642524460763354274e-02 6.636179762559676898e-02 1.058919830263170894e-02 3.493643685021557282e-02 9.260702613659876903e-02
4.270833329999999819e+02 7.927457141955297770e-02 -1.542729967060495894e-02 -1.482120479676414006e-02 6.530112081315132821e-02 1.016444701133618206e-02 3.264312820260419079e-02 8.860941021765425529e-02
4.375000000000000000e+02 7.466792830599683350e-02 -1.500505575692316629e-02 -1.326282625958837870e-02 6.378787012430214842e-02 9.862795687056004693e-03 3.047076274560722720e-02 8.446328058795310456e-02
4.479166670000000181e+02 7.045868252302205093e-02 -1.478190548979914365e-02 -1.164431886538728166e-02 6.195513326244242447e-02 9.296303044112313313e-03 2.841131975403044657e-02 8.041256776974745057e-02
4.583333329999999819e+02 6.554551911082884263e-02 -1.446572721867500980e-02 -1.020446473837563657e-02 5.994301869936165955e-02 8.825286284022647310e-03 2.637108583703719547e-02 7.592981182361385750e-02
4.687500000000000000e+02 6.039903093622801117e-02 -1.375054360439401276e-02 -8.722124770640344443e-03 5.767791170723405442e-02 8.119549098575071927e-03 2.426483715737025662e-02 7.117088990041615937e-02
4.791666670000000181e+02 5.483559480869158037e-02 -1.339085258414769199e-02 -7.326568134890368289e-03 5.556877284151871821e-02 7.518920744350355775e-03 2.232792537914254569e-02 6.636614651467642734e-02
4.895833329999999819e+02 4.808243836423294060e-02 -1.300829203075830678e-02 -5.998782719916997790e-03 5.448093231777263040e-02 6.721127079413425839e-03 2.059621937684740639e-02 6.157979502942649563e-02
5.000000000000000000e+02 4.179052944522430174e-02 -1.203575460460439527e-02 -4.753008924832128820e-03 5.453566636568150938e-02 5.897265402307809087e-03 1.945037149018043199e-02 5.788828365054312503e-02
5.104166670000000181e+02 3.484267304520352604e-02 -9.580806883923580902e-03 -3.618683434573728274e-03 5.584448487323465798e-02 4.902255665515441695e-03 1.870900868330056463e-02 5.469808330086937259e-02
5.208333330000000387e+02 2.832721166993885584e-02 -5.151815833661815489e-03 -2.634498887736416370e-03 5.818231452231367035e-02 3.967377707539412705e-03 1.876124179833221772e-02 5.263538399529237022e-02
5.312500000000000000e+02 2.431104599870848731e-02 3.199874429827426810e-03 -1.977712005155886528e-03 5.991422667542321834e-02 3.000258139154886837e-03 1.938563294840279713e-02 5.180545281126725660e-02
5.416666669999999613e+02 2.716049349102740360e-02 1.484464824215670983e-02 -1.478437923475841350e-03 5.888365495765012642e-02 2.120638540836602710e-03 2.054310688714337807e-02 5.329362766791045231e-02
5.520833330000000387e+02 3.847339990291564343e-02 2.558260854257202177e-02 -1.315631335936503056e-03 4.940639164447023501e-02 1.375575899843401589e-03 2.168586221155282059e-02 5.478282687946934432e-02
5.625000000000000000e+02 4.697366126974996531e-02 2.489578850220823536e-02 -1.129852101173092239e-03 3.181866698502543167e-02 9.267631357333617689e-04 2.186816743458721429e-02 5.033024784468130564e-02
5.729166669999999613e+02 4.013422852728954632e-02 1.427349645349210681e-02 -8.271006631903017126e-04 1.641487515437053263e-02 6.586721260031281906e-04 2.108916324542734616e-02 3.881913346354370908e-02
5.833333330000000387e+02 2.753523355095060729e-02 4.452980249405665870e-03 -6.832844571880540563e-04 8.366326678179034082e-03 4.149976625941654727e-04 1.982188918366980732e-02 2.786172470639972781e-02
5.937500000000000000e+02 1.732851506470196173e-02 -1.029571075232497057e-03 -5.874629773969192257e-04 5.764705331298324888e-03 2.604172360164768536e-04 1.824348180507715661e-02 2.066835110053872118e-02
6.041666669999999613e+02 1.064738161148074194e-02 -3.071425428670234315e-03 -4.480204386552627581e-04 5.553344805156899475e-03 1.906515229321228033e-04 1.655136684760818641e-02 1.637604663212291478e-02
6.145833330000000387e+02 7.220499157442244152e-03 -3.195328260636820603e-03 -3.526468422923641904e-04 5.831100049840659029e-03 1.475526496205571486e-04 1.490769845496203207e-02 1.397964883112246676e-02
6.250000000000000000e+02 5.785345130999057853e-03 -2.737841112823860903e-03 -2.996917123105350875e-04 5.796886904373823451e-03 1.197941510615982874e-04 1.342485845108388511e-02 1.250354524322838320e-02
6.354166669999999613e+02 5.132552628531367005e-03 -2.359006829560022969e-03 -2.714960588228116159e-04 5.439308761419803413e-03 1.086410732320729043e-04 1.212743767078406157e-02 1.134964953036761599e-02
6.458333330000000387e+02 4.711719230273967059e-03 -2.164404565509589658e-03 -2.563494585138302107e-04 4.977172743253141518e-03 9.931067589937498503e-05 1.100329509730538571e-02 1.034609353541624671e-02
6.562500000000000000e+02 4.385145974869881884e-03 -2.079413223790058975e-03 -2.498649573942774956e-04 4.547632779246817483e-03 9.457368064624469255e-05 1.001918545431407931e-02 9.475982104215388904e-03
6.666666669999999613e+02 4.128224251953358133e-03 -2.020250573793676979e-03 -2.482993361242346220e-04 4.188331282520733369e-03 8.708844412560929899e-05 9.154769014541675257e-03 8.735662274507883379e-03
6.770833330000000387e+02 3.912110275063343523e-03 -1.950081855453544150e-03 -2.489683029629157873e-04 3.888134401044093021e-03 8.342038893409105347e-05 8.396453694727358877e-03 8.098349185417397927e-03
6.875000000000000000e+02 3.719258363714067570e-03 -1.854749990381788019e-03 -2.495846929531328235e-04 3.625751413970017961e-03 7.871330162353812039e-05 7.740799583422916345e-03 7.542904680553500288e-03
6.979166669999999613e+02 3.546045965217368545e-03 -1.740118338570945718e-03 -2.489234468868693219e-04 3.383156551159310910e-03 7.679407805449071066e-05 7.183261705346079100e-03 7.056232110861379928e-03
7.083333330000000387e+02 3.396456828700255073e-03 -1.618993579123126402e-03 -2.459256182912114433e-04 3.155138039370471766e-03 7.342872462073777803e-05 6.717653487294287032e-03 6.634624177682507153e-03
7.187500000000000000e+02 3.270183907616182155e-03 -1.509641625166813651e-03 -2.405869752627300205e-04 2.946082469751894976e-03 7.130914890007097504e-05 6.332385979008790106e-03 6.274326178188433835e-03
7.291666669999999613e+02 3.163846821124889977e-03 -1.423519551369211832e-03 -2.341395043658500989e-04 2.762825830401195726e-03 6.821241278307641387e-05 6.012781693338804800e-03 5.969727172432445252e-03
7.395833330000000387e+02 3.071432442065129102e-03 -1.365673545875601639e-03 -2.282428328310625513e-04 2.609065398481790355e-03 6.623019924016571491e-05 5.743212871427794651e-03 5.711855355987357705e-03
7.500000000000000000e+02 2.985923893453544791e-03 -1.332368692607253675e-03 -2.243555212443687692e-04 2.483913333048379159e-03 6.443312001724380814e-05 5.509691904482376737e-03 5.489764565492150777e-03
7.604166669999999613e+02 2.900432090351836786e-03 -1.315931572696883408e-03 -2.237143672295561375e-04 2.384737081437189946e-03 6.408814883687396461e-05 5.302033896591258101e-03 5.293601534190141983e-03
7.708333330000000387e+02 2.812487214364237965e-03 -1.306587375689421309e-03 -2.258684688250117440e-04 2.306922293523024775e-03 6.433858117386649807e-05 5.113424815543943236e-03 5.116417161715602555e-03
7.812500000000000000e+02 2.728002149661007750e-03 -1.298029667156331939e-03 -2.308503608475568323e-04 2.245265907959351995e-03 6.546328888577210856e-05 4.940811317192941865e-03 4.957039687406650588e-03
7.916666669999999613e+02 2.659757038603204407e-03 -1.288000191040558672e-03 -2.367925281522824258e-04 2.195452101898167935e-03 6.647945647798633576e-05 4.782631594326050908e-03 4.818920367413711409e-03
8.020833330000000387e+02 2.621714626931054195e-03 -1.278151435749240667e-03 -2.433241948571104310e-04 2.155071194244590187e-03 6.734684806792328913e-05 4.638989591073883027e-03 4.707887706124763705e-03
8.125000000000000000e+02 2.622073315136937317e-03 -1.270344729319170017e-03 -2.486963072551849098e-04 2.122748601707009127e-03 6.738690988913451812e-05 4.509835967905866799e-03 4.627328942374906405e-03
8.229166669999999613e+02 2.659370665618277386e-03 -1.266020928696347985e-03 -2.531119938664387289e-04 2.096394834285499748e-03 6.669971054732318845e-05 4.395745651676253272e-03 4.575755575790015420e-03
8.333333330000000387e+02 2.723151059901108857e-03 -1.265035568413931015e-03 -2.557583471965208010e-04 2.073152277313176743e-03 6.508318649188714583e-05 4.296786420046213445e-03 4.546544878630249739e-03
8.437500000000000000e+02 2.797072618114368990e-03 -1.266728717186203172e-03 -2.574937279848530324e-04 2.049945009982025688e-03 6.289022973682777649e-05 4.213201310159800372e-03 4.530109469128097525e-03
8.541666669999999613e+02 2.863549710845268888e-03 -1.269695559473016030e-03 -2.583109630642598355e-04 2.024768775489742441e-03 6.033070978662129658e-05 4.144584520565218304e-03 4.516451503450114383e-03
8.645833330000000387e+02 2.906969054605489100e-03 -1.272053688240443138e-03 -2.592811541814543739e-04 1.996421535611046794e-03 5.795770026556053880e-05 4.090302985592680039e-03 4.496846787904608400e-03
8.750000000000000000e+02 2.918117224353070863e-03 -1.270988927417524960e-03 -2.606673706237481796e-04 1.963858651427892715e-03 5.622429966371405202e-05 4.049153634041638417e-03 4.465564754911300997e-03
8.854166669999999613e+02 2.896814142221489953e-03 -1.263221711188354654e-03 -2.632414267116444761e-04 1.925941757360869139e-03 5.570033015669605510e-05 4.019667635096671639e-03 4.421211767339515257e-03
8.958333330000000387e+02 2.852469529131521422e-03 -1.245793809362714900e-03 -2.671247202637538985e-04 1.882238338877311899e-03 5.673334894819602242e-05 4.000128571593396243e-03 4.367418219801114457e-03
9.062500000000000000e+02 2.799973756077577588e-03 -1.217278871876541256e-03 -2.725911359543655831e-04 1.834243752893978873e-03 5.958266759584580549e-05 3.988663495703971724e-03 4.311440502337763984e-03
9.166666669999999613e+02 2.753667838204710509e-03 -1.178777930745809844e-03 -2.794770018870912126e-04 1.785515328463454891e-03 6.429576466127598269e-05 3.983533881604775333e-03 4.261358524136470149e-03
9.270833330000000387e+02 2.720904976051390003e-03 -1.133974153474958920e-03 -2.875480994142280353e-04 1.740914661820705750e-03 7.074378188919432380e-05 3.983044266682725203e-03 4.222431952277410153e-03
9.375000000000000000e+02 2.700415227079959717e-03 -1.088169764247748361e-03 -2.964708034633402518e-04 1.704628750949005586e-03 7.870146442048777530e-05 3.985888999434253170e-03 4.195466488731609128e-03
9.479166669999999613e+02 2.684866733703470537e-03 -1.046561768370792445e-03 -3.059134663250292607e-04 1.678812507011969530e-03 8.775747248009073051e-05 3.990737531390333055e-03 4.177208386052886670e-03
9.583333330000000387e+02 2.665073471392991489e-03 -1.012972652151485813e-03 -3.158708471158236104e-04 1.663218188619297209e-03 9.760242966866432756e-05 3.996538693130024730e-03 4.162415176571156172e-03
9.687500000000000000e+02 2.633593569545938234e-03 -9.890064559505407343e-04 -3.263418006970059972e-04 1.655907754648657231e-03 1.077683914308595294e-04 4.002004853102200839e-03 4.145753088648397935e-03
9.791666669999999613e+02 2.587538201918340025e-03 -9.742412639438975935e-04 -3.374731602878836326e-04 1.653856183711165193e-03 1.179493192868972601e-04 4.006057252078879839e-03 4.123725818854192746e-03
9.895833330000000387e+02 2.530649267488966573e-03 -9.670205984141671445e-04 -3.489809143687914940e-04 1.653739943587701454e-03 1.276487490364115989e-04 4.007502326831286453e-03 4.095945768953977023e-03
1.000000000000000000e+03 2.472215475095124963e-03 -9.654307518821084177e-04 -3.603417869062430995e-04 1.652721103780704958e-03 1.365650663438257827e-04 4.005615172827394453e-03 4.065275875851611861e-03
1.010416666999999961e+03 2.424034097498002985e-03 -9.677530126327857840e-04 -3.706291569026718769e-04 1.649066879341853920e-03 1.442829843705312122e-04 3.999950705171166632e-03 4.036525841005511768e-03
1.020833333000000039e+03 2.395688885979590892e-03 -9.719629372693927832e-04 -3.790072338756400984e-04 1.641761943333045837e-03 1.506761624129935142e-04 3.990785660993644533e-03 4.014118245153140523e-03
1.031250000000000000e+03 2.392150797395719338e-03 -9.750628507918058857e-04 -3.848977287928776478e-04 1.629885740851002912e-03 1.556215406344978018e-04 3.978799842838470768e-03 4.000418190542595967e-03
1.041666666999999961e+03 2.413322048734858460e-03 -9.733085612276008367e-04 -3.882346414397735263e-04 1.612347073918853112e-03 1.593219155278997770e-04 3.965177995227192609e-03 3.995423558940452632e-03
1.052083333000000039e+03 2.455422815188596387e-03 -9.638352005020094353e-04 -3.894381662843391973e-04 1.588282786658287444e-03 1.619948271396726939e-04 3.951109045512349489e-03 3.997407323679616660e-03
1.062500000000000000e+03 2.510877400238184943e-03 -9.465641845444944854e-04 -3.893081144938400208e-04 1.557664356372612030e-03 1.640843188525745210e-04 3.937833199726676996e-03 4.003187478168737309e-03
1.072916666999999961e+03 2.568009880802760159e-03 -9.248602968089956805e-04 -3.888493656607699771e-04 1.521575347102489166e-03 1.659804671033535345e-04 3.926370103059717218e-03 4.007977665482482729e-03
1.083333333000000039e+03 2.612283699641887794e-03 -9.044524328751835400e-04 -3.889492588003555821e-04 1.482333483422692026e-03 1.681979581720254491e-04 3.917683226707090530e-03 4.006150204885835717e-03
1.093750000000000000e+03 2.631476517593463529e-03 -8.915833664925964077e-04 -3.901500600650743031e-04 1.443771380287445141e-03 1.711544981747991235e-04 3.912382404210473091e-03 3.993815151045691098e-03
1.104166666999999961e+03 2.621759163744831044e-03 -8.909498755259298965e-04 -3.924712093897729666e-04 1.410827196206671050e-03 1.752040599859888443e-04 3.910754600111644198e-03 3.971670480031573580e-03
1.114583333000000039e+03 2.589403875216207771e-03 -9.036832998880122781e-04 -3.955389392184307509e-04 1.388045330375260863e-03 1.804213510122742049e-04 3.912574875261721000e-03 3.945012040426594709e-03
1.125000000000000000e+03 2.546116832385645831e-03 -9.261210277212396022e-04 -3.987118964448709154e-04 1.377794296411449099e-03 1.866203241402228266e-04 3.917412985983836568e-03 3.920662057390465749e-03
1.135416666999999961e+03 2.502440174526489487e-03 -9.506822834895995280e-04 -4.012443137905104306e-04 1.379756327509163881e-03 1.933909814590330939e-04 3.924593111741164590e-03 3.903394806888409087e-03
1.145833333000000039e+03 2.464038952372517646e-03 -9.689949097867090085e-04 -4.023821541298440983e-04 1.391412397479888487e-03 2.002226662438924478e-04 3.933393842895208797e-03 3.894422596373807357e-03
1.156250000000000000e+03 2.433105771334629491e-03 -9.761726150710347714e-04 -4.015018703145077075e-04 1.409475604678475571e-03 2.066365208501770665e-04 3.942783056746270061e-03 3.892682216379687345e-03
1.166666666999999961e+03 2.412112558053209656e-03 -9.735556300189426946e-04 -3.982660770313788188e-04 1.431423485150355246e-03 2.122248762583909404e-04 3.951600863629664735e-03 3.897568453416614710e-03
1.177083333000000039e+03 2.406269982174472338e-03 -9.681955708661010634e-04 -3.926994603796363659e-04 1.456597114117541168e-03 2.166508922759586122e-04 3.958355474557966047e-03 3.910611285424989668e-03
1.187500000000000000e+03 2.421729588506229495e-03 -9.687773171849365034e-04 -3.851995849844741331e-04 1.485787873450560926e-03 2.195710009172854827e-04 3.961663397893735138e-03 3.934590429925262887e-03
1.197916666999999961e+03 2.461721355975496090e-03 -9.812820727884623111e-04 -3.762467690904681798e-04 1.520246957858239394e-03 2.206175867913844903e-04 3.960098712014306459e-03 3.971033512924021514e-03
1.208333333000000039e+03 2.524028494475557497e-03 -1.007353940037610364e-03 -3.664113271745289774e-04 1.560664498725333835e-03 2.195297617879666294e-04 3.952767696804087780e-03 4.018730345002489990e-03
1.218750000000000000e+03 2.602140566913547972e-03 -1.046004171058442485e-03 -3.560261762861042134e-04 1.606884862054431574e-03 2.161968842097261503e-04 3.939010336796935560e-03 4.074017882882457336e-03
1.229166666999999961e+03 2.687676674592698930e-03 -1.095346085097924664e-03 -3.454929781203124246e-04 1.657687763759838930e-03 2.108633005792252097e-04 3.918973383056524075e-03 4.132168910704531184e-03
1.239583333000000039e+03 2.773988510475331078e-03 -1.153134008609151689e-03 -3.348726025196098357e-04 1.711453035314107040e-03 2.039420987487758461e-04 3.892961346495635907e-03 4.189201446142537012e-03
1.250000000000000000e+03 2.858419548522800595e-03 -1.216049486012921827e-03 -3.243974663458298229e-04 1.766952456967756839e-03 1.961169591637924761e-04 3.861922183502862916e-03 4.243647094496710501e-03
1.260416666999999961e+03 2.943084004537291441e-03 -1.279930586168155767e-03 -3.139769018797905118e-04 1.824069848434776422e-03 1.879399208221589515e-04 3.826542003178700843e-03 4.296847928075384244e-03
1.270833333000000039e+03 3.032747945239609375e-03 -1.340632859857977376e-03 -3.036911556669516900e-04 1.882986577885571765e-03 1.799394662275879758e-04 3.788016014009950271e-03 4.351875268567565597e-03
1.281250000000000000e+03 3.131005898644811849e-03 -1.395447658174315793e-03 -2.933302812273650838e-04 1.943440921463277914e-03 1.722569561689300019e-04 3.747192466080012576e-03 4.410819643094050953e-03
1.291666666999999961e+03 3.236398375943764973e-03 -1.443308990829213949e-03 -2.828192546116314919e-04 2.003880715881290429e-03 1.649463419031764683e-04 3.705631771390465422e-03 4.472955431607760629e-03
1.302083333000000039e+03 3.340841409424126322e-03 -1.484188041170974399e-03 -2.721651132557970955e-04 2.061631330076314772e-03 1.579473673501326778e-04 3.664499228770781714e-03 4.533485984135611838e-03
1.312500000000000000e+03 3.431069564798933883e-03 -1.518198146511690917e-03 -2.616030049719739593e-04 2.112718306905416420e-03 1.513682159859552543e-04 3.625545700609005689e-03 4.584666786156678213e-03
1.322916666999999961e+03 3.492945155518887169e-03 -1.545356830730641078e-03 -2.518056216340560445e-04 2.153040987048270103e-03 1.455061239674933335e-04 3.589637714379405146e-03 4.617811928473281209e-03
1.333333333000000039e+03 3.516550727386832855e-03 -1.565690218747562172e-03 -2.432202638874668291e-04 2.179466875965265730e-03 1.407228134805105723e-04 3.557939368002522966e-03 4.626978485677311209e-03
1.343750000000000000e+03 3.500215867988521867e-03 -1.579304516851760517e-03 -2.364588692333888177e-04 2.191767119284825354e-03 1.373314940871780217e-04 3.530446648244122028e-03 4.611214817758734624e-03
1.354166666999999961e+03 3.450152422856397200e-03 -1.586753773948968273e-03 -2.310924093188352984e-04 2.192357899164361704e-03 1.353507473541855463e-04 3.507674079718802428e-03 4.575092200869780232e-03
1.364583333000000039e+03 3.379155765516119250e-03 -1.589341944794878808e-03 -2.267897926386146018e-04 2.185335190082593384e-03 1.346080858175789912e-04 3.489011060520301639e-03 4.526751008059506920e-03
1.375000000000000000e+03 3.302235352613220459e-03 -1.588469311749341091e-03 -2.222842900101442917e-04 2.173980114095413509e-03 1.347730585683931692e-04 3.474699440919069848e-03 4.475457453813851474e-03
1.385416666999999961e+03 3.233084809888616892e-03 -1.584582257568804787e-03 -2.172185271765118960e-04 2.160092354914093515e-03 1.352810761494473515e-04 3.463773340867070533e-03 4.428475252834890470e-03
1.395833333000000039e+03 3.179158030600095879e-03 -1.576598404702436078e-03 -2.110205065631069407e-04 2.143734790900924184e-03 1.357830815561542428e-04 3.456499009798957682e-03 4.389695915649988872e-03
1.406250000000000000e+03 3.142362553020888738e-03 -1.563249180150577894e-03 -2.042394199593605480e-04 2.124810249602832306e-03 1.355841506484119121e-04 3.451774241779341241e-03 4.359473522201531143e-03
1.416666666999999961e+03 3.119603344842594456e-03 -1.543681938777861310e-03 -1.970862639922717717e-04 2.103387047528033557e-03 1.347489634055650052e-04 3.450123402169436027e-03 4.336556897270031803e-03
1.427083333000000039e+03 3.107416708861324671e-03 -1.519171168382444639e-03 -1.900515306686315423e-04 2.079985399566530811e-03 1.326314395053391029e-04 3.450402465680065239e-03 4.318902287053960794e-03
1.437500000000000000e+03 3.102454116880853235e-03 -1.491956693825521353e-03 -1.830379890725019221e-04 2.053915028670577538e-03 1.296742261654192975e-04 3.453633131855819455e-03 4.305001138703625115e-03
1.447916666999999961e+03 3.103909239238981238e-03 -1.465455267189202460e-03 -1.756400257794603456e-04 2.023652340827429997e-03 1.252726920063559478e-04 3.458665702017432991e-03 4.293113641041922113e-03
1.458333333000000039e+03 3.110471811674219225e-03 -1.442024765312909049e-03 -1.674906510564735007e-04 1.987717533201133376e-03 1.202145601789982515e-04 3.466996266948637641e-03 4.282592805911995121e-03
1.468750000000000000e+03 3.121302789474121337e-03 -1.423513696944768772e-03 -1.578473927471480852e-04 1.947383178577175846e-03 1.141532244381541269e-04 3.476970848156086397e-03 4.272828408103691682e-03
1.479166666999999961e+03 3.132628205333393666e-03 -1.408771260063721277e-03 -1.470373504115854988e-04 1.906000093909449586e-03 1.082455862704245325e-04 3.490273492807573728e-03 4.264450896025208382e-03
1.489583333000000039e+03 3.141516643198237740e-03 -1.395274019801737457e-03 -1.347476926734706402e-04 1.867970003897967716e-03 1.023307434956715955e-04 3.504388786836915275e-03 4.256937716966560474e-03
1.500000000000000000e+03 3.145684979662129784e-03 -1.378902077539611226e-03 -1.222089400243724761e-04 1.835579925318466107e-03 9.740548652385686674e-05 3.521247901224524614e-03 4.251256403102560144e-03
1.510416666999999961e+03 3.146294013977582547e-03 -1.357104087308030416e-03 -1.092607156970562603e-04 1.809062441139799339e-03 9.290154056051559022e-05 3.537399551473936928e-03 4.246378003295659190e-03
1.520833333000000039e+03 3.141719898785109120e-03 -1.328285051504222557e-03 -9.712074987021726297e-05 1.785938248895580513e-03 8.921832702227774556e-05 3.555174274754837726e-03 4.241416211217763355e-03
1.531250000000000000e+03 3.127062702368363454e-03 -1.293893054915531710e-03 -8.520806105747820729e-05 1.763617529457671808e-03 8.549906733838661896e-05 3.570311488465103926e-03 4.230495860145570136e-03
1.541666666999999961e+03 3.093019301530528647e-03 -1.256900429485334697e-03 -7.391189944281955845e-05 1.739352272586825723e-03 8.178740089082461395e-05 3.585875139991589588e-03 4.209123357054472304e-03
1.552083333000000039e+03 3.033454698886965326e-03 -1.221418065867266225e-03 -6.297030190152895176e-05 1.711767582366880086e-03 7.773722320809258444e-05 3.597254766158528363e-03 4.171238523706186779e-03
1.562500000000000000e+03 2.946924312787486955e-03 -1.189748537638876148e-03 -5.218034083712756293e-05 1.680130083913109916e-03 7.315166160862040601e-05 3.608755432085610729e-03 4.117904914393104125e-03
1.572916666999999961e+03 2.841610150809963965e-03 -1.162085135035166410e-03 -4.298600970509954217e-05 1.645047622393795966e-03 6.874223579215194414e-05 3.615652620327593127e-03 4.051155196765676529e-03
1.583333333000000039e+03 2.730407990233836135e-03 -1.136274758272398048e-03 -3.403453422400745182e-05 1.607287989246274302e-03 6.362238813011761307e-05 3.623482260787438437e-03 3.980589120133774111e-03
1.593750000000000000e+03 2.631837575193302428e-03 -1.110180083954887204e-03 -2.870076283903303356e-05 1.567647344617889267e-03 5.953588513468517000e-05 3.626982474564686542e-03 3.913233697187938794e-03
1.604166666999999961e+03 2.558481967138478714e-03 -1.081812400586469516e-03 -2.334527327653221956e-05 1.525610645559272649e-03 5.439732432251374498e-05 3.632843934724181486e-03 3.858468273710966533e-03
1.614583333000000039e+03 2.518113443920372459e-03 -1.051024525168932659e-03 -2.316907756541158734e-05 1.480245895353373298e-03 5.083576129676969436e-05 3.634970599102034863e-03 3.816664969187890527e-03
1.625000000000000000e+03 2.505911168682128150e-03 -1.016974801189453022e-03 -2.171220923568979735e-05 1.430032633867007845e-03 4.572775271010724041e-05 3.641399070143884215e-03 3.788671436346509672e-03
1.635416666999999961e+03 2.513745536008018741e-03 -9.799221688127877916e-04 -2.579242451347100627e-05 1.374789788917304707e-03 4.246424948390281428e-05 3.644772779894662421e-03 3.766654052409992934e-03
1.645833333000000039e+03 2.527602836453598546e-03 -9.371820424518553447e-04 -2.660263385269125811e-05 1.314136856251055556e-03 3.733590039069329921e-05 3.654242742233334076e-03 3.747991217468994198e-03
1.656250000000000000e+03 2.536502203247436183e-03 -8.876484511638571377e-04 -3.240911252135330619e-05 1.248873866684727845e-03 3.431951765568975164e-05 3.660332004270755273e-03 3.722854037101459759e-03
1.666666666999999961e+03 2.530593394319784108e-03 -8.281755729582166835e-04 -3.328572411762391239e-05 1.179483727646584747e-03 2.972591206862012342e-05 3.672732547201963595e-03 3.691404834584166225e-03
1.677083333000000039e+03 2.505423621800635832e-03 -7.624124685698946543e-04 -3.829453892267570129e-05 1.110023117071698819e-03 2.775973917019873929e-05 3.679030916193720517e-03 3.647238827533027476e-03
1.687500000000000000e+03 2.460681836046374645e-03 -6.945652585752210917e-04 -3.763708344477731843e-05 1.044436425596432160e-03 2.507172971018090888e-05 3.689487134712354094e-03 3.597302698177580558e-03
1.697916666999999961e+03 2.398989907368749390e-03 -6.361098141779200068e-04 -4.021611382419076409e-05 9.902880435123417088e-04 2.526373188296653942e-05 3.688821822263629261e-03 3.539049886572360505e-03
1.708333333000000039e+03 2.325747620340286922e-03 -5.927363778229955034e-04 -3.738560162358506560e-05 9.508346045119391065e-04 2.527998555416338515e-05 3.689081695383363609e-03 3.482831960117794765e-03
1.718750000000000000e+03 2.244040393406742610e-03 -5.705717301153263475e-04 -3.699095407760455510e-05 9.316260342997214434e-04 2.730768076602046790e-05 3.673119831083699119e-03 3.424393129395081857e-03
1.729166666999999961e+03 2.158869042741995599e-03 -5.650699950730517012e-04 -3.251247726936654802e-05 9.300189839775314113e-04 2.902883897732597051e-05 3.656411259878159393e-03 3.372649643298843147e-03
1.739583333000000039e+03 2.073856973721991716e-03 -5.728187825000986833e-04 -2.987020136614301557e-05 9.458727568690799420e-04 3.123923903256708599e-05 3.620698669113898288e-03 3.320214199852484973e-03
1.750000000000000000e+03 1.997793160839588054e-03 -5.857334894906616107e-04 -2.555452253763135188e-05 9.711612975382782030e-04 3.326911520349046074e-05 3.585189067445958017e-03 3.277071762911911920e-03
1.760416666999999961e+03 1.939459842964686917e-03 -6.020914989582552661e-04 -2.184044972399374010e-05 1.003375290489157178e-03 3.460099698032652278e-05 3.529756887141346274e-03 3.236296010297594859e-03
1.770833333000000039e+03 1.912783293022724722e-03 -6.199894758409854731e-04 -1.897650402852525203e-05 1.036167573034573082e-03 3.617038467665861730e-05 3.476208565346479862e-03 3.212579715701888508e-03
1.781250000000000000e+03 1.928541739034927201e-03 -6.414046168796037548e-04 -1.388935108704780450e-05 1.070251931997878757e-03 3.643637609079807964e-05 3.401497342544202926e-03 3.200145506788504551e-03
1.791666666999999961e+03 1.995815201775095072e-03 -6.671668276092700307e-04 -1.197223983034518898e-05 1.105089347311092717e-03 3.720385181972660129e-05 3.329348222664083989e-03 3.215126385875136106e-03
1.802083333000000039e+03 2.114283226130603179e-03 -6.990229866900565803e-04 -4.333579996231967771e-06 1.144530393677231162e-03 3.657933717226245773e-05 3.233634757314941214e-03 3.246224188561387669e-03
1.812500000000000000e+03 2.271491342245354067e-03 -7.380296219908446436e-04 -2.563410080054526927e-06 1.189519993532952083e-03 3.628556227484837430e-05 3.140327027794590463e-03 3.300669181786448306e-03
1.822916666999999961e+03 2.449542694457121448e-03 -7.871147816741750399e-04 7.594306671788832070e-06 1.243111199370356031e-03 3.507975301073724771e-05 3.020387147084792074e-03 3.356520520456134776e-03
1.833333333000000039e+03 2.620062930193136318e-03 -8.465639772858077729e-04 8.850297026350402923e-06 1.304281232812613822e-03 3.387106337916245439e-05 2.902727873543693021e-03 3.413536018274721581e-03
1.843750000000000000e+03 2.763588695349651105e-03 -9.182122031372218435e-04 1.942492966501773737e-05 1.375134401363758063e-03 3.285370614693665863e-05 2.755411385752766246e-03 3.447067241233088032e-03
1.854166666999999961e+03 2.862631523327619550e-03 -9.988538241904030592e-04 1.893085740049807309e-05 1.454049477991575367e-03 3.123592696973365347e-05 2.610786204750406223e-03 3.463733603034800570e-03
1.864583333000000039e+03 2.915543139713864217e-03 -1.088501442264088598e-03 2.691495773806936652e-05 1.541642556556973654e-03 3.115042582984899419e-05 2.434604656003510562e-03 3.445895176137174325e-03
1.875000000000000000e+03 2.933665893730034221e-03 -1.184316742694542512e-03 2.391613200775017915e-05 1.636749975735954984e-03 2.951089625914200327e-05 2.261760160256952052e-03 3.416088014861470845e-03
1.885416666999999961e+03 2.930475596359050344e-03 -1.286417700275058196e-03 2.736310550269795648e-05 1.737325538754443035e-03 3.053452958567916595e-05 2.057615297430131791e-03 3.362708216271812801e-03
1.895833333000000039e+03 2.937254725907312378e-03 -1.393867450843216081e-03 2.240921759903748766e-05 1.845594813210553031e-03 2.927199405333469722e-05 1.856995416940582927e-03 3.319922478029224168e-03
1.906250000000000000e+03 2.969830676720025195e-03 -1.506888439445552494e-03 2.204744937552656405e-05 1.959215613047420382e-03 3.084875417326419703e-05 1.628993924409677082e-03 3.279020107088561221e-03
1.916666666999999961e+03 3.065166338848838989e-03 -1.625021132389849448e-03 1.702921636985822387e-05 2.084537659592631403e-03 3.014394128546500423e-05 1.405119456894501646e-03 3.277411727667985802e-03
1.927083333000000039e+03 3.239006693179301288e-03 -1.748897561792818554e-03 1.551987205501604726e-05 2.218777171861276848e-03 3.082580054445459663e-05 1.163496932132923340e-03 3.310640398586750521e-03
1.937500000000000000e+03 3.513893619537015577e-03 -1.875283563307067383e-03 1.187497436804429389e-05 2.369252666702341414e-03 3.023450700873739466e-05 9.295114414951449657e-04 3.406328863867251304e-03
1.947916666999999961e+03 3.892338696401417830e-03 -2.002433091547131498e-03 1.136302402804399384e-05 2.533006600801969346e-03 2.773316705650166861e-05 6.947774921938485500e-04 3.560061394698618188e-03
1.958333333000000039e+03 4.346307554800331319e-03 -2.120932423743451638e-03 8.084472452442666060e-06 2.714862499810362546e-03 2.667638841208871313e-05 4.782692255278744495e-04 3.769719640069283968e-03
1.968750000000000000e+03 4.842989056115720378e-03 -2.226335645260661602e-03 9.631585686367202538e-06 2.902733339509565216e-03 1.881931378306859028e-05 2.864244584062821926e-04 4.016073427015784056e-03
1.979166666999999961e+03 5.286935523500463883e-03 -2.309328370550530612e-03 3.216194158958440647e-06 3.084847467127119040e-03 1.770668165607384748e-05 1.341506056522473835e-04 4.252966798139914788e-03
1.989583333000000039e+03 5.609864739645779516e-03 -2.362259876624799027e-03 7.747542613167277399e-06 3.215816647796331581e-03 3.908928676464023506e-06 3.584944158232534074e-05 4.430765414512218524e-03
2.000000000000000000e+03 5.759940296624906780e-03 -2.391908822386018974e-03 -3.826847443958616602e-06 3.283869374642381378e-03 3.811510639007231548e-06 1.372492062028910074e-06 4.522591081664658827e-03
