10.005289467413478, 1.2919964073518357
10.005001427108784, 1.244066500650709
10.02473218798034, 1.1939317763445587
9.984472009028757, 1.1613046654673713
9.960263530693314, 1.1330138704499448
9.992177087179332, 1.110096336389179
10.128256492035689, 1.0870426378207392
10.276394311465841, 1.0705091243312879
10.416525919699604, 1.0550754010961239
10.52860633007848, 1.0385890214747135
10.632660890149287, 1.0199344839234228
10.7086315205124, 0.9947807096789396
10.732479948466972, 0.9631591213199575
10.700232527082335, 0.9305215362498718
10.647972850892007, 0.9011780848461992
10.563590134357709, 0.8598940535388366
10.41094186561087, 0.7925554673977651
10.274384575703538, 0.7360890934847899
10.093626191766763, 0.6578940064049686
10.001256903147757, 0.620977713536061
9.852641198666637, 0.5579911545440973
9.663948613609643, 0.4928783343938451
9.483294971601842, 0.4321123042962518
9.31469974416784, 0.37786645927764706
9.146169980439444, 0.334513774872935
8.92147235729567, 0.2781626170818374
8.70082039115873, 0.22834211856262643
8.440098090816491, 0.17748467494651599
8.215505209601693, 0.1385625741376464
7.918797510284348, 0.09973474106485858
7.598090816489515, 0.06747422693910021
7.293501287016452, 0.050443189286995205
6.932835547315856, 0.03566410310795498
6.6122466881911315, 0.023011278087202713
6.331767441495085, 0.017931294531685626
6.059307498736549, 0.013930152844659816