Kosovic & Lundquist, CU LES, run at LLNL 6/2003; n=128^3, non-linear Deardorff subgrid model
         529
  6.0000000E+02   6.6000000E+02   7.2000000E+02   7.8000000E+02   8.4000000E+02   9.0000000E+02   9.6000000E+02   1.0200000E+03   1.0800000E+03   1.1400000E+03
  1.2000000E+03   1.2600000E+03   1.3200000E+03   1.3800000E+03   1.4400000E+03   1.5000000E+03   1.5600000E+03   1.6200000E+03   1.6800000E+03   1.7400000E+03
  1.8000000E+03   1.8600000E+03   1.9200000E+03   1.9800000E+03   2.0400000E+03   2.1000000E+03   2.1600000E+03   2.2200000E+03   2.2800000E+03   2.3400000E+03
  2.4000000E+03   2.4600000E+03   2.5200000E+03   2.5800000E+03   2.6400000E+03   2.7000000E+03   2.7600000E+03   2.8200000E+03   2.8800000E+03   2.9400000E+03
  3.0000000E+03   3.0600000E+03   3.1200000E+03   3.1800000E+03   3.2400000E+03   3.3000000E+03   3.3600000E+03   3.4200000E+03   3.4800000E+03   3.5400000E+03
  3.6000000E+03   3.6600000E+03   3.7200000E+03   3.7800000E+03   3.8400000E+03   3.9000000E+03   3.9600000E+03   4.0200000E+03   4.0800000E+03   4.1400000E+03
  4.2000000E+03   4.2600000E+03   4.3200000E+03   4.3800000E+03   4.4400000E+03   4.5000000E+03   4.5600000E+03   4.6200000E+03   4.6800000E+03   4.7400000E+03
  4.8000000E+03   4.8600000E+03   4.9200000E+03   4.9800000E+03   5.0400000E+03   5.1000000E+03   5.1600000E+03   5.2200000E+03   5.2800000E+03   5.3400000E+03
  5.4000000E+03   5.4600000E+03   5.5200000E+03   5.5800000E+03   5.6400000E+03   5.7000000E+03   5.7600000E+03   5.8200000E+03   5.8800000E+03   5.9400000E+03
  6.0000000E+03   6.0600000E+03   6.1200000E+03   6.1800000E+03   6.2400000E+03   6.3000000E+03   6.3600000E+03   6.4200000E+03   6.4800000E+03   6.5400000E+03
  6.6000000E+03   6.6600000E+03   6.7200000E+03   6.7800000E+03   6.8400000E+03   6.9000000E+03   6.9600000E+03   7.0200000E+03   7.0800000E+03   7.1400000E+03
  7.2000000E+03   7.2600000E+03   7.3200000E+03   7.3800000E+03   7.4400000E+03   7.5000000E+03   7.5600000E+03   7.6200000E+03   7.6800000E+03   7.7400000E+03
  7.8000000E+03   7.8600000E+03   7.9200000E+03   7.9800000E+03   8.0400000E+03   8.1000000E+03   8.1600000E+03   8.2200000E+03   8.2800000E+03   8.3400000E+03
  8.4000000E+03   8.4600000E+03   8.5200000E+03   8.5800000E+03   8.6400000E+03   8.7000000E+03   8.7600000E+03   8.8200000E+03   8.8800000E+03   8.9400000E+03
  9.0000000E+03   9.0600000E+03   9.1200000E+03   9.1800000E+03   9.2400000E+03   9.3000000E+03   9.3600000E+03   9.4200000E+03   9.4800000E+03   9.5400000E+03
  9.6000000E+03   9.6600000E+03   9.7200000E+03   9.7800000E+03   9.8400000E+03   9.9000000E+03   9.9600000E+03   1.0020000E+04   1.0080000E+04   1.0140000E+04
  1.0200000E+04   1.0260000E+04   1.0320000E+04   1.0380000E+04   1.0440000E+04   1.0500000E+04   1.0560000E+04   1.0620000E+04   1.0680000E+04   1.0740000E+04
  1.0800000E+04   1.0860000E+04   1.0920000E+04   1.0980000E+04   1.1040000E+04   1.1100000E+04   1.1160000E+04   1.1220000E+04   1.1280000E+04   1.1340000E+04
  1.1400000E+04   1.1460000E+04   1.1520000E+04   1.1580000E+04   1.1640000E+04   1.1700000E+04   1.1760000E+04   1.1820000E+04   1.1880000E+04   1.1940000E+04
  1.2000000E+04   1.2060000E+04   1.2120000E+04   1.2180000E+04   1.2240000E+04   1.2300000E+04   1.2360000E+04   1.2420000E+04   1.2480000E+04   1.2540000E+04
  1.2600000E+04   1.2660000E+04   1.2720000E+04   1.2780000E+04   1.2840000E+04   1.2900000E+04   1.2960000E+04   1.3020000E+04   1.3080000E+04   1.3140000E+04
  1.3200000E+04   1.3260000E+04   1.3320000E+04   1.3380000E+04   1.3440000E+04   1.3500000E+04   1.3560000E+04   1.3620000E+04   1.3680000E+04   1.3740000E+04
  1.3800000E+04   1.3860000E+04   1.3920000E+04   1.3980000E+04   1.4040000E+04   1.4100000E+04   1.4160000E+04   1.4220000E+04   1.4280000E+04   1.4340000E+04
  1.4400000E+04   1.4460000E+04   1.4520000E+04   1.4580000E+04   1.4640000E+04   1.4700000E+04   1.4760000E+04   1.4820000E+04   1.4880000E+04   1.4940000E+04
  1.5000000E+04   1.5060000E+04   1.5120000E+04   1.5180000E+04   1.5240000E+04   1.5300000E+04   1.5360000E+04   1.5420000E+04   1.5480000E+04   1.5540000E+04
  1.5600000E+04   1.5660000E+04   1.5720000E+04   1.5780000E+04   1.5840000E+04   1.5900000E+04   1.5960000E+04   1.6020000E+04   1.6080000E+04   1.6140000E+04
  1.6200000E+04   1.6260000E+04   1.6320000E+04   1.6380000E+04   1.6440000E+04   1.6500000E+04   1.6560000E+04   1.6620000E+04   1.6680000E+04   1.6740000E+04
  1.6800000E+04   1.6860000E+04   1.6920000E+04   1.6980000E+04   1.7040000E+04   1.7100000E+04   1.7160000E+04   1.7220000E+04   1.7280000E+04   1.7340000E+04
  1.7400000E+04   1.7460000E+04   1.7520000E+04   1.7580000E+04   1.7640000E+04   1.7700000E+04   1.7760000E+04   1.7820000E+04   1.7880000E+04   1.7940000E+04
  1.8000000E+04   1.8060000E+04   1.8120000E+04   1.8180000E+04   1.8240000E+04   1.8300000E+04   1.8360000E+04   1.8420000E+04   1.8480000E+04   1.8540000E+04
  1.8600000E+04   1.8660000E+04   1.8720000E+04   1.8780000E+04   1.8840000E+04   1.8900000E+04   1.8960000E+04   1.9020000E+04   1.9080000E+04   1.9140000E+04
  1.9200000E+04   1.9260000E+04   1.9320000E+04   1.9380000E+04   1.9440000E+04   1.9500000E+04   1.9560000E+04   1.9620000E+04   1.9680000E+04   1.9860000E+04
  1.9920000E+04   1.9980000E+04   2.0040000E+04   2.0100000E+04   2.0160000E+04   2.0220000E+04   2.0280000E+04   2.0340000E+04   2.0400000E+04   2.0460000E+04
  2.0520000E+04   2.0580000E+04   2.0640000E+04   2.0700000E+04   2.0760000E+04   2.0820000E+04   2.0880000E+04   2.0940000E+04   2.1000000E+04   2.1060000E+04
  2.1120000E+04   2.1180000E+04   2.1240000E+04   2.1300000E+04   2.1360000E+04   2.1420000E+04   2.1480000E+04   2.1540000E+04   2.1600000E+04   2.1660000E+04
  2.1720000E+04   2.1780000E+04   2.1840000E+04   2.1900000E+04   2.1960000E+04   2.2020000E+04   2.2080000E+04   2.2140000E+04   2.2200000E+04   2.2260000E+04
  2.2320000E+04   2.2380000E+04   2.2440000E+04   2.2500000E+04   2.2560000E+04   2.2620000E+04   2.2680000E+04   2.2740000E+04   2.2800000E+04   2.2860000E+04
  2.2920000E+04   2.2980000E+04   2.3040000E+04   2.3100000E+04   2.3160000E+04   2.3220000E+04   2.3280000E+04   2.3340000E+04   2.3400000E+04   2.3460000E+04
  2.3520000E+04   2.3580000E+04   2.3640000E+04   2.3700000E+04   2.3760000E+04   2.3820000E+04   2.3880000E+04   2.3940000E+04   2.4000000E+04   2.4060000E+04
  2.4120000E+04   2.4180000E+04   2.4240000E+04   2.4300000E+04   2.4360000E+04   2.4420000E+04   2.4480000E+04   2.4540000E+04   2.4600000E+04   2.4660000E+04
  2.4720000E+04   2.4780000E+04   2.4840000E+04   2.4900000E+04   2.4960000E+04   2.5020000E+04   2.5080000E+04   2.5140000E+04   2.5200000E+04   2.5260000E+04
  2.5320000E+04   2.5380000E+04   2.5440000E+04   2.5500000E+04   2.5560000E+04   2.5620000E+04   2.5680000E+04   2.5740000E+04   2.5800000E+04   2.5860000E+04
  2.5920000E+04   2.5980000E+04   2.6040000E+04   2.6100000E+04   2.6160000E+04   2.6220000E+04   2.6280000E+04   2.6340000E+04   2.6400000E+04   2.6460000E+04
  2.6520000E+04   2.6580000E+04   2.6640000E+04   2.6700000E+04   2.6760000E+04   2.6820000E+04   2.6880000E+04   2.6940000E+04   2.7000000E+04   2.7060000E+04
  2.7120000E+04   2.7180000E+04   2.7240000E+04   2.7300000E+04   2.7360000E+04   2.7420000E+04   2.7480000E+04   2.7540000E+04   2.7600000E+04   2.7660000E+04
  2.7720000E+04   2.7780000E+04   2.7840000E+04   2.7900000E+04   2.7960000E+04   2.8020000E+04   2.8080000E+04   2.8140000E+04   2.8200000E+04   2.8260000E+04
  2.8320000E+04   2.8380000E+04   2.8440000E+04   2.8500000E+04   2.8560000E+04   2.8620000E+04   2.8680000E+04   2.8740000E+04   2.8800000E+04   2.8860000E+04
  2.8920000E+04   2.8980000E+04   2.9040000E+04   2.9100000E+04   2.9160000E+04   2.9220000E+04   2.9280000E+04   2.9340000E+04   2.9400000E+04   2.9460000E+04
  2.9520000E+04   2.9580000E+04   2.9640000E+04   2.9700000E+04   2.9760000E+04   2.9820000E+04   2.9880000E+04   2.9940000E+04   3.0000000E+04   3.0060000E+04
  3.0120000E+04   3.0180000E+04   3.0240000E+04   3.0300000E+04   3.0360000E+04   3.0420000E+04   3.0480000E+04   3.0540000E+04   3.0600000E+04   3.0660000E+04
  3.0720000E+04   3.0780000E+04   3.0840000E+04   3.0900000E+04   3.0960000E+04   3.1020000E+04   3.1080000E+04   3.1140000E+04   3.1200000E+04   3.1260000E+04
  3.1320000E+04   3.1380000E+04   3.1440000E+04   3.1500000E+04   3.1560000E+04   3.1620000E+04   3.1680000E+04   3.1740000E+04   3.1800000E+04   3.1860000E+04
  3.1920000E+04   3.1980000E+04   3.2040000E+04   3.2100000E+04   3.2160000E+04   3.2220000E+04   3.2280000E+04   3.2340000E+04   3.2400000E+04
  8.9381958E+01   8.7104973E+01   9.5174240E+01   1.0550570E+02   1.1625356E+02   1.2314160E+02   1.3650624E+02   1.5623212E+02   1.4953683E+02   1.4913106E+02
  1.4301726E+02   1.4607687E+02   1.5279814E+02   1.5880084E+02   1.5180916E+02   1.3575395E+02   1.3613033E+02   1.4249472E+02   1.4156537E+02   1.3829074E+02
  1.4306023E+02   1.4962901E+02   1.6030020E+02   1.6583432E+02   1.6562706E+02   1.6204176E+02   1.7120302E+02   1.6586690E+02   1.5864516E+02   1.6720117E+02
  1.7489410E+02   1.7881586E+02   1.7451375E+02   1.7741254E+02   1.8863351E+02   1.7546425E+02   1.8199084E+02   1.7865997E+02   1.6482651E+02   1.6491599E+02
  1.6707425E+02   1.7320218E+02   1.8692455E+02   1.8335657E+02   1.7957076E+02   1.8047385E+02   1.7801538E+02   1.7981631E+02   1.8497914E+02   1.7577115E+02
  1.7845923E+02   1.7101442E+02   1.6223599E+02   1.6257127E+02   1.7811325E+02   1.7148647E+02   1.6907162E+02   1.6241505E+02   1.6545102E+02   1.6243039E+02
  1.6220660E+02   1.6918016E+02   1.5225291E+02   1.5947546E+02   1.6195239E+02   1.6178357E+02   1.5923225E+02   1.6214445E+02   1.6547600E+02   1.6552438E+02
  1.6559979E+02   1.6557056E+02   1.7190308E+02   1.6607227E+02   1.5596350E+02   1.6526836E+02   1.6856987E+02   1.6807219E+02   1.6919661E+02   1.6920354E+02
  1.7028534E+02   1.7518704E+02   1.7697865E+02   1.7257497E+02   1.7103778E+02   1.7061809E+02   1.7502235E+02   1.7257690E+02   1.7107205E+02   1.7548985E+02
  1.7229536E+02   1.6904622E+02   1.7205737E+02   1.7167578E+02   1.7566716E+02   1.7570859E+02   1.7579608E+02   1.7814848E+02   1.7745602E+02   1.7763582E+02
  1.7874699E+02   1.8080721E+02   1.7596667E+02   1.7846767E+02   1.8067780E+02   1.8254576E+02   1.8135013E+02   1.8100626E+02   1.8096120E+02   1.7921909E+02
  1.8246494E+02   1.8070348E+02   1.8508112E+02   1.8465672E+02   1.8150102E+02   1.8580916E+02   1.8537640E+02   1.8861868E+02   1.8557574E+02   1.8525974E+02
  1.8693558E+02   1.8519658E+02   1.8898735E+02   1.8978087E+02   1.8542226E+02   1.7901537E+02   1.8756171E+02   1.8977113E+02   1.8883360E+02   1.8865492E+02
  1.8752084E+02   1.9177226E+02   1.9163585E+02   1.8806198E+02   1.8245911E+02   1.8855055E+02   1.8830518E+02   1.8879402E+02   1.8815500E+02   1.8256567E+02
  1.9068941E+02   1.8858777E+02   1.8803508E+02   1.8828227E+02   1.8856764E+02   1.8848398E+02   1.9002599E+02   1.9143678E+02   1.8855057E+02   1.9181824E+02
  1.8817133E+02   1.8824054E+02   1.8861000E+02   1.8903458E+02   1.8768040E+02   1.8546686E+02   1.8793663E+02   1.8239970E+02   1.8194592E+02   1.7924036E+02
  1.8187952E+02   1.8179054E+02   1.8114969E+02   1.8198241E+02   1.8533757E+02   1.8725771E+02   1.7596840E+02   1.8158131E+02   1.8446883E+02   1.8193330E+02
  1.8564549E+02   1.7547787E+02   1.8151083E+02   1.8485152E+02   1.8514702E+02   1.8167143E+02   1.8204289E+02   1.8464839E+02   1.8758501E+02   1.8806041E+02
  1.9177576E+02   1.9125217E+02   1.8977055E+02   1.9351138E+02   1.9469925E+02   1.9226268E+02   1.9157085E+02   1.9465474E+02   1.9717795E+02   1.9565483E+02
  1.8836421E+02   1.9170322E+02   1.8881805E+02   1.8205861E+02   1.8784430E+02   1.8572525E+02   1.8254411E+02   1.8906473E+02   1.8865884E+02   1.8579715E+02
  1.8211946E+02   1.8238289E+02   1.8513235E+02   1.8499678E+02   1.8852536E+02   1.8213785E+02   1.7586235E+02   1.8233260E+02   1.8506842E+02   1.7876608E+02
  1.7835727E+02   1.7741782E+02   1.8579720E+02   1.8176535E+02   1.8579236E+02   1.8168060E+02   1.7554207E+02   1.7880304E+02   1.8545813E+02   1.8576540E+02
  1.6903943E+02   1.8583896E+02   1.9132930E+02   1.7814119E+02   1.8232582E+02   1.8792281E+02   1.8147569E+02   1.8815831E+02   1.6438475E+02   1.5608603E+02
  1.7242105E+02   1.7228844E+02   1.7215039E+02   1.8205452E+02   1.8437607E+02   1.7389912E+02   1.6875711E+02   1.8874261E+02   1.7193660E+02   1.6180905E+02
  1.7239354E+02   1.8224161E+02   1.7552943E+02   1.6798160E+02   1.7465491E+02   1.7474628E+02   1.7906619E+02   1.8392406E+02   1.8412157E+02   1.7442056E+02
  1.8187317E+02   1.8537164E+02   1.7901268E+02   1.7904669E+02   1.8206212E+02   1.8121193E+02   1.7890538E+02   1.8543178E+02   1.7450845E+02   1.8222937E+02
  1.8089011E+02   1.6898203E+02   1.6936891E+02   1.8173753E+02   1.7472513E+02   1.7260516E+02   1.7887328E+02   1.7512665E+02   1.6890541E+02   1.9228230E+02
  1.7554134E+02   1.6762509E+02   1.6807979E+02   1.7551976E+02   1.7814977E+02   1.6356996E+02   1.8029341E+02   1.7122487E+02   1.6657994E+02   1.6589281E+02
  1.7553093E+02   1.7765376E+02   1.7210313E+02   1.4315387E+02   1.7192844E+02   1.4414143E+02   1.7367578E+02   1.7597954E+02   1.7416794E+02   1.7707483E+02
  1.8112146E+02   1.8012846E+02   1.7841928E+02   1.8194582E+02   1.8339513E+02   1.9193121E+02   1.8898421E+02   1.8518845E+02   1.9031461E+02   1.9436913E+02
  1.9456766E+02   1.9547623E+02   2.0442476E+02   1.4219972E+02   2.0255322E+02   2.0493112E+02   2.0970915E+02   2.0521693E+02   2.0880870E+02   2.2163678E+02
  2.0375865E+02   2.0650281E+02   2.1540305E+02   2.1321698E+02   2.0667618E+02   1.4998656E+02   2.0754324E+02   1.4141808E+02   2.1054442E+02   1.5268352E+02
  1.5194640E+02   1.4960904E+02   2.1787700E+02   1.6579085E+02   1.5426094E+02   1.7536847E+02   1.6890958E+02   1.6559465E+02   1.6575854E+02   1.6257390E+02
  1.6232005E+02   1.6937828E+02   1.5252876E+02   1.6243550E+02   1.5894763E+02   1.6210971E+02   1.5441685E+02   1.5896381E+02   1.6182533E+02   1.5534460E+02
  1.4774548E+02   1.4853398E+02   1.6236536E+02   1.4956075E+02   1.4854553E+02   1.5179108E+02   1.5549597E+02   1.5541182E+02   1.5279131E+02   1.5143567E+02
  1.4933054E+02   1.4959766E+02   1.4250514E+02   1.4885059E+02   1.4938609E+02   1.4865225E+02   1.4919891E+02   1.4299969E+02   1.4944513E+02   1.4935480E+02
  1.4637068E+02   1.5140482E+02   1.5240649E+02   1.5524959E+02   1.5859099E+02   1.5761388E+02   1.6187457E+02   1.6123825E+02   1.5488794E+02   1.5824605E+02
  1.5946623E+02   1.5889041E+02   1.6492868E+02   1.6191142E+02   1.5270717E+02   1.6439911E+02   1.5875426E+02   1.6510307E+02   1.6608615E+02   1.5897426E+02
  1.6879834E+02   1.6598221E+02   1.6149442E+02   1.6259596E+02   1.6522261E+02   1.6182135E+02   1.6924011E+02   1.6084335E+02   1.6237924E+02   1.7150891E+02
  1.6220900E+02   1.6827051E+02   1.7503470E+02   1.6602455E+02   1.6875493E+02   1.6918803E+02   1.7126721E+02   1.7106627E+02   1.7851576E+02   1.6234442E+02
  1.7833727E+02   1.7193704E+02   1.5217526E+02   1.7568260E+02   1.5602100E+02   1.6589792E+02   1.7798245E+02   1.6832137E+02   1.6215822E+02   1.7215073E+02
  1.6253169E+02   1.5819179E+02   1.6199278E+02   1.7489821E+02   1.6586809E+02   1.5879964E+02   1.7132622E+02   1.5609119E+02   1.6795023E+02   1.6587328E+02
  1.5924124E+02   1.7145868E+02   1.6145119E+02   1.5932854E+02   1.7133231E+02   1.7219234E+02   1.6078899E+02   1.6928249E+02   1.6153096E+02   1.6890273E+02
  1.6560992E+02   1.7837956E+02   1.7078780E+02   1.6573085E+02   1.6917915E+02   1.7178770E+02   1.6537717E+02   1.6931085E+02   1.7836658E+02   1.6586765E+02
  1.8444131E+02   1.6798553E+02   1.8230930E+02   1.7462633E+02   1.7065326E+02   1.7597015E+02   1.6896483E+02   1.7199213E+02   1.8167015E+02   1.7368639E+02
  1.7904907E+02   1.7844295E+02   1.7652567E+02   1.7212315E+02   1.8409459E+02   1.6912906E+02   1.6765974E+02   1.8501111E+02   1.6915074E+02   1.7479521E+02
  1.7496002E+02   1.7503563E+02   1.7424899E+02   1.6251796E+02   1.7147104E+02   1.6877797E+02   1.7255183E+02   1.8759193E+02   1.6695856E+02   1.7811200E+02
  1.6875630E+02   1.7259019E+02   1.6890332E+02   1.6556657E+02   1.7211060E+02   1.7461823E+02   1.8776118E+02   1.6509297E+02   1.7467958E+02   1.6201132E+02
  1.6588866E+02   1.6894339E+02   1.6524150E+02   1.6263007E+02   1.6554630E+02   1.6273740E+02   1.6873853E+02   1.6878322E+02   1.6502730E+02   1.5853763E+02
  1.6897179E+02   1.6891203E+02   1.7166620E+02   1.6776044E+02   1.6585869E+02   1.6929016E+02   1.6873010E+02   1.7544643E+02   1.7115878E+02   1.6910948E+02
  1.7566757E+02   1.7389386E+02   1.6899434E+02   1.7546274E+02   1.6802823E+02   1.7212602E+02   1.6210660E+02   1.6883539E+02   1.6806737E+02   1.6819846E+02
  1.7194919E+02   1.7209402E+02   1.5810730E+02   1.6888623E+02   1.6597813E+02   1.7224290E+02   1.6864494E+02   1.7862463E+02   1.5921950E+02   1.7237611E+02
  1.6237737E+02   1.6836961E+02   1.6937849E+02   1.6202644E+02   1.7885808E+02   1.5891383E+02   1.6205324E+02   1.6835727E+02   1.6224409E+02
 -1.5750000E-03  -1.7480000E-03  -1.8680000E-03  -1.9950001E-03  -2.0900001E-03  -2.1700000E-03  -2.2499999E-03  -2.2980000E-03  -2.4870001E-03  -2.6509999E-03
 -2.7190000E-03  -2.8289999E-03  -2.9170001E-03  -2.9970000E-03  -3.0799999E-03  -3.0830000E-03  -3.1699999E-03  -3.2080000E-03  -3.3910000E-03  -3.6180001E-03
 -3.7450001E-03  -3.6909999E-03  -3.7010000E-03  -3.7900000E-03  -3.9760000E-03  -4.0650000E-03  -4.2530000E-03  -4.4109998E-03  -4.5320000E-03  -4.6330001E-03
 -4.7599999E-03  -4.8489999E-03  -4.8570000E-03  -4.7089998E-03  -4.5340001E-03  -4.4559999E-03  -4.6020001E-03  -4.6720002E-03  -4.7200001E-03  -4.8130001E-03
 -4.8940000E-03  -4.8929998E-03  -4.9120001E-03  -4.9339999E-03  -4.7479998E-03  -4.6560001E-03  -4.7220001E-03  -4.7519999E-03  -4.7060000E-03  -4.6730000E-03
 -6.2960000E-03  -5.8700000E-03  -5.6719999E-03  -5.7390002E-03  -5.6810002E-03  -5.6619998E-03  -5.6210002E-03  -5.6309998E-03  -5.6520002E-03  -5.7190000E-03
 -5.5990000E-03  -5.4710000E-03  -5.5660000E-03  -5.6320000E-03  -5.7839998E-03  -5.7750000E-03  -5.6369998E-03  -5.7680001E-03  -5.7560001E-03  -5.7430002E-03
 -5.7450002E-03  -5.7669999E-03  -5.8439998E-03  -5.7750000E-03  -5.6820000E-03  -5.7890001E-03  -5.6679999E-03  -5.7299999E-03  -5.9630000E-03  -6.1440002E-03
 -6.2119998E-03  -6.0569998E-03  -5.9250002E-03  -5.8309999E-03  -5.8360002E-03  -5.8289999E-03  -5.7589998E-03  -5.9050000E-03  -6.0100001E-03  -6.0689999E-03
 -6.0830000E-03  -6.0979999E-03  -6.1869998E-03  -6.3390001E-03  -6.2719998E-03  -6.2190001E-03  -6.2099998E-03  -6.0979999E-03  -6.2279999E-03  -6.2609999E-03
 -6.3410001E-03  -6.3669998E-03  -6.4139999E-03  -6.4739999E-03  -6.5290001E-03  -6.5720002E-03  -6.4619998E-03  -6.4780000E-03  -6.4940001E-03  -6.4599998E-03
 -6.5230001E-03  -6.6359998E-03  -6.6510001E-03  -6.7059998E-03  -6.7090001E-03  -6.5839998E-03  -6.6840001E-03  -6.7039998E-03  -6.6209999E-03  -6.6510001E-03
 -6.8390002E-03  -6.8150000E-03  -6.8560001E-03  -6.9120000E-03  -7.0750001E-03  -7.0020002E-03  -6.9700000E-03  -6.9470000E-03  -7.1180002E-03  -7.0590000E-03
 -6.9809998E-03  -7.0699998E-03  -6.9970000E-03  -7.1299998E-03  -7.1370001E-03  -7.1009998E-03  -7.0489999E-03  -7.1979999E-03  -7.2389999E-03  -7.0730001E-03
 -6.9700000E-03  -7.0870002E-03  -7.0759999E-03  -7.1890000E-03  -7.2980002E-03  -7.4020000E-03  -7.5849998E-03  -7.8429999E-03  -7.8659998E-03  -7.9800002E-03
 -7.9159997E-03  -7.7900002E-03  -7.9089999E-03  -7.9730004E-03  -8.0949999E-03  -8.0990000E-03  -8.0979997E-03  -8.1839999E-03  -8.1439996E-03  -8.2520004E-03
 -8.2830004E-03  -8.2670003E-03  -8.3470000E-03  -8.2430001E-03  -8.3280001E-03  -8.2900003E-03  -8.1439996E-03  -8.0490001E-03  -8.2790004E-03  -8.1730001E-03
 -8.3389999E-03  -8.5840002E-03  -8.5640000E-03  -8.6740004E-03  -8.7310001E-03  -8.6949999E-03  -8.6200004E-03  -8.4159998E-03  -8.4170001E-03  -8.5079996E-03
 -8.5319998E-03  -8.5680000E-03  -8.5239997E-03  -8.4650004E-03  -8.5690003E-03  -8.5870000E-03  -8.4060002E-03  -8.3020004E-03  -8.4699998E-03  -8.5370000E-03
 -8.6479997E-03  -8.7879999E-03  -8.8950004E-03  -9.0250000E-03  -8.9659998E-03  -9.1909999E-03  -9.3369996E-03  -9.4179995E-03  -9.6500004E-03  -9.6640000E-03
 -9.8160002E-03  -9.7979996E-03  -9.6960003E-03  -9.8240003E-03  -9.6629998E-03  -9.3790004E-03  -9.5480001E-03  -9.7329998E-03  -9.9170003E-03  -9.9480003E-03
 -9.8879999E-03  -9.6789999E-03  -9.6600000E-03  -9.6960003E-03  -9.7970003E-03  -9.9950004E-03  -9.9799996E-03  -1.0056000E-02  -9.8719997E-03  -9.8869996E-03
 -1.0209000E-02  -1.0260000E-02  -1.0251000E-02  -1.0139000E-02  -9.9139996E-03  -9.7300000E-03  -9.4339997E-03  -9.6389996E-03  -9.9689998E-03  -1.0334000E-02
 -1.0184000E-02  -1.0411000E-02  -1.0562000E-02  -1.0472000E-02  -1.0449000E-02  -1.0445000E-02  -1.0496000E-02  -1.0677000E-02  -1.0839000E-02  -1.0724000E-02
 -1.0471000E-02  -1.0286000E-02  -1.0152000E-02  -1.0223000E-02  -1.0302000E-02  -1.0206000E-02  -1.0156000E-02  -1.0253000E-02  -1.0415000E-02  -1.0350000E-02
 -1.0412000E-02  -1.0553000E-02  -1.0408000E-02  -1.0350000E-02  -1.0373000E-02  -1.0571000E-02  -1.0573000E-02  -1.0512000E-02  -1.0458000E-02  -1.0835000E-02
 -1.1052000E-02  -1.0794000E-02  -1.0592000E-02  -1.0594000E-02  -1.0595000E-02  -1.0445000E-02  -1.0532000E-02  -1.0708000E-02  -1.0727000E-02  -1.0984000E-02
 -1.1201000E-02  -1.1263000E-02  -1.1075000E-02  -1.1321000E-02  -1.1294000E-02  -1.1068000E-02  -1.1189000E-02  -1.1644000E-02  -1.1582000E-02  -1.1207000E-02
 -1.1514000E-02  -1.1512000E-02  -1.1237000E-02  -1.1384000E-02  -1.1584000E-02  -1.1233000E-02  -1.1223000E-02  -1.1277000E-02  -1.1196000E-02  -1.1185000E-02
 -1.1177000E-02  -1.1112000E-02  -1.1147000E-02  -1.1299000E-02  -1.1264000E-02  -1.1265000E-02  -1.0974000E-02  -1.1113000E-02  -1.1228000E-02  -1.1503000E-02
 -1.1667000E-02  -1.1671000E-02  -1.1412000E-02  -1.1340000E-02  -1.1330000E-02  -1.1322000E-02  -1.1194000E-02  -1.1076000E-02  -1.1357000E-02  -1.1554000E-02
 -1.1560000E-02  -1.1732000E-02  -1.1919000E-02  -1.1942000E-02  -1.2023000E-02  -1.2347000E-02  -1.2541000E-02  -1.2443000E-02  -1.2061000E-02  -1.2541000E-02
 -1.1966000E-02  -1.1435000E-02  -1.1329000E-02  -1.1444000E-02  -1.1415000E-02  -1.1547000E-02  -1.1968000E-02  -1.1882000E-02  -1.2029000E-02  -1.1876000E-02
 -1.1706000E-02  -1.1891000E-02  -1.1911000E-02  -1.1754000E-02  -1.1694000E-02  -1.1589000E-02  -1.1847000E-02  -1.1501000E-02  -1.1707000E-02  -1.2018000E-02
 -1.2098000E-02  -1.2207000E-02  -1.1952000E-02  -1.2185000E-02  -1.2380000E-02  -1.2281000E-02  -1.2233000E-02  -1.1979000E-02  -1.1905000E-02  -1.2073000E-02
 -1.2128000E-02  -1.1948000E-02  -1.1958000E-02  -1.1827000E-02  -1.1852000E-02  -1.1841000E-02  -1.1877000E-02  -1.1867000E-02  -1.2077000E-02  -1.1992000E-02
 -1.2012000E-02  -1.1812000E-02  -1.1833000E-02  -1.1712000E-02  -1.1595000E-02  -1.1626000E-02  -1.1717000E-02  -1.1842000E-02  -1.1971000E-02  -1.1985000E-02
 -1.1874000E-02  -1.1493000E-02  -1.1652000E-02  -1.1994000E-02  -1.1879000E-02  -1.1816000E-02  -1.1859000E-02  -1.1806000E-02  -1.1882000E-02  -1.1961000E-02
 -1.1677000E-02  -1.1536000E-02  -1.1829000E-02  -1.1912000E-02  -1.2149000E-02  -1.2181000E-02  -1.2366000E-02  -1.2404000E-02  -1.2544000E-02  -1.2707000E-02
 -1.2672000E-02  -1.2776000E-02  -1.2562000E-02  -1.2394000E-02  -1.2661000E-02  -1.2391000E-02  -1.2339000E-02  -1.2280000E-02  -1.1865000E-02  -1.1481000E-02
 -1.1531000E-02  -1.1535000E-02  -1.1790000E-02  -1.1792000E-02  -1.1871000E-02  -1.2027000E-02  -1.2339000E-02  -1.2375000E-02  -1.2514000E-02  -1.2496000E-02
 -1.2568000E-02  -1.2940000E-02  -1.3135000E-02  -1.2862000E-02  -1.2949000E-02  -1.3153000E-02  -1.3330000E-02  -1.3484000E-02  -1.3455000E-02  -1.3406000E-02
 -1.3173000E-02  -1.2907000E-02  -1.3176000E-02  -1.3110000E-02  -1.2761000E-02  -1.2752000E-02  -1.2620000E-02  -1.2535000E-02  -1.2298000E-02  -1.2409000E-02
 -1.2272000E-02  -1.2455000E-02  -1.2458000E-02  -1.2388000E-02  -1.2926000E-02  -1.3074000E-02  -1.3073000E-02  -1.3415000E-02  -1.3422000E-02  -1.3233000E-02
 -1.3249000E-02  -1.3252000E-02  -1.2828000E-02  -1.2802000E-02  -1.2949000E-02  -1.2959000E-02  -1.2724000E-02  -1.3055000E-02  -1.3161000E-02  -1.3194000E-02
 -1.3079000E-02  -1.2996000E-02  -1.2980000E-02  -1.3066000E-02  -1.3034000E-02  -1.2932000E-02  -1.3130000E-02  -1.3138000E-02  -1.3092000E-02  -1.2747000E-02
 -1.2663000E-02  -1.2394000E-02  -1.2505000E-02  -1.2651000E-02  -1.3066000E-02  -1.3301000E-02  -1.3488000E-02  -1.3742000E-02  -1.3667000E-02  -1.3817000E-02
 -1.3180000E-02  -1.2955000E-02  -1.2818000E-02  -1.2589000E-02  -1.2643000E-02  -1.2639000E-02  -1.2712000E-02  -1.2722000E-02  -1.2691000E-02  -1.2906000E-02
 -1.3002000E-02  -1.3087000E-02  -1.3098000E-02  -1.3000000E-02  -1.2668000E-02  -1.2807000E-02  -1.3041000E-02  -1.3111000E-02  -1.3106000E-02  -1.3066000E-02
 -1.3047000E-02  -1.2796000E-02  -1.2738000E-02  -1.2825000E-02  -1.3114000E-02  -1.3162000E-02  -1.3100000E-02  -1.2691000E-02  -1.2748000E-02  -1.2897000E-02
 -1.3023000E-02  -1.3005000E-02  -1.2976000E-02  -1.3219000E-02  -1.3226000E-02  -1.3221000E-02  -1.3220000E-02  -1.3407000E-02  -1.3251000E-02  -1.3313000E-02
 -1.2896000E-02  -1.2725000E-02  -1.2698000E-02  -1.2640000E-02  -1.2725000E-02  -1.3060000E-02  -1.3276000E-02  -1.3575000E-02  -1.3439000E-02  -1.3552000E-02
 -1.3822000E-02  -1.3837000E-02  -1.3604000E-02  -1.3399000E-02  -1.3402000E-02  -1.3671000E-02  -1.3594000E-02  -1.3453000E-02  -1.3444000E-02
  3.5093087E-01   3.5511903E-01   3.5476596E-01   3.5508684E-01   3.5383022E-01   3.4746540E-01   3.4083880E-01   3.3283038E-01   3.3334521E-01   3.3640979E-01
  3.3144678E-01   3.2911793E-01   3.2612726E-01   3.2078773E-01   3.1711006E-01   3.1190271E-01   3.0704147E-01   3.0198457E-01   3.0032619E-01   3.0364383E-01
  3.0640402E-01   3.0267070E-01   2.9654676E-01   2.9536668E-01   2.9462922E-01   2.9190901E-01   2.9464663E-01   2.9441530E-01   2.9509448E-01   2.9384222E-01
  2.9470663E-01   2.9461357E-01   2.9030543E-01   2.8410061E-01   2.7762011E-01   2.6921340E-01   2.6690277E-01   2.6546007E-01   2.6277986E-01   2.6087711E-01
  2.5936742E-01   2.5756730E-01   2.5733770E-01   2.5492014E-01   2.4941971E-01   2.4533245E-01   2.4369060E-01   2.4127825E-01   2.3852672E-01   2.3512822E-01
  2.3403682E-01   2.3579869E-01   2.3436903E-01   2.3630394E-01   2.3609438E-01   2.3512213E-01   2.3317763E-01   2.3384724E-01   2.3283500E-01   2.3287846E-01
  2.3032784E-01   2.2642059E-01   2.2518572E-01   2.2509006E-01   2.2609536E-01   2.2669365E-01   2.2566402E-01   2.2553791E-01   2.2597881E-01   2.2435262E-01
  2.2401779E-01   2.2275509E-01   2.2277422E-01   2.2220635E-01   2.2071581E-01   2.2051405E-01   2.1817822E-01   2.1681030E-01   2.1898352E-01   2.2125672E-01
  2.2316730E-01   2.2255074E-01   2.2044537E-01   2.1867827E-01   2.1734599E-01   2.1627200E-01   2.1497712E-01   2.1668247E-01   2.1831128E-01   2.1894177E-01
  2.1824258E-01   2.1871652E-01   2.1994968E-01   2.2294989E-01   2.2336298E-01   2.2133935E-01   2.2032882E-01   2.1756775E-01   2.1847130E-01   2.1912179E-01
  2.1937919E-01   2.2048798E-01   2.2014882E-01   2.2100105E-01   2.2156197E-01   2.2223854E-01   2.2135065E-01   2.2075407E-01   2.2126193E-01   2.2107409E-01
  2.2079670E-01   2.2235333E-01   2.2329774E-01   2.2395433E-01   2.2405434E-01   2.2170545E-01   2.2233855E-01   2.2394388E-01   2.2255942E-01   2.2126629E-01
  2.2262030E-01   2.2292467E-01   2.2348297E-01   2.2382995E-01   2.2556489E-01   2.2419869E-01   2.2537878E-01   2.2512049E-01   2.2701715E-01   2.2634406E-01
  2.2487179E-01   2.2580923E-01   2.2522224E-01   2.2723109E-01   2.2783113E-01   2.2794244E-01   2.2707629E-01   2.2772243E-01   2.2886513E-01   2.2727282E-01
  2.2581097E-01   2.2656930E-01   2.2625796E-01   2.2692758E-01   2.2780244E-01   2.2840682E-01   2.3045743E-01   2.3478383E-01   2.3440902E-01   2.3522562E-01
  2.3594131E-01   2.3487949E-01   2.3584130E-01   2.3739621E-01   2.3939548E-01   2.3912156E-01   2.3879630E-01   2.3977986E-01   2.4039035E-01   2.4168087E-01
  2.4184350E-01   2.4109822E-01   2.4149217E-01   2.4026598E-01   2.4182697E-01   2.4167219E-01   2.4100169E-01   2.3849717E-01   2.4030164E-01   2.3878413E-01
  2.3970335E-01   2.4313751E-01   2.4439760E-01   2.4458109E-01   2.4665430E-01   2.4648819E-01   2.4646733E-01   2.4449066E-01   2.4378538E-01   2.4487330E-01
  2.4594643E-01   2.4599773E-01   2.4563944E-01   2.4379495E-01   2.4602469E-01   2.4628036E-01   2.4383843E-01   2.4171479E-01   2.4241398E-01   2.4466283E-01
  2.4522028E-01   2.4661689E-01   2.4727260E-01   2.4921015E-01   2.4767786E-01   2.4916840E-01   2.5213209E-01   2.5278519E-01   2.5531755E-01   2.5683593E-01
  2.5892043E-01   2.5991357E-01   2.5821170E-01   2.5860738E-01   2.5843693E-01   2.5497319E-01   2.5424096E-01   2.5800385E-01   2.5950745E-01   2.6066841E-01
  2.5998051E-01   2.5872478E-01   2.5766643E-01   2.5878914E-01   2.5902045E-01   2.6167717E-01   2.6146149E-01   2.6255029E-01   2.6114147E-01   2.6003357E-01
  2.6418257E-01   2.6533746E-01   2.6540005E-01   2.6395820E-01   2.6148933E-01   2.5899523E-01   2.5505579E-01   2.5569760E-01   2.5895524E-01   2.6296771E-01
  2.6263463E-01   2.6568879E-01   2.6777241E-01   2.6603403E-01   2.6477133E-01   2.6519049E-01   2.6618622E-01   2.6799416E-01   2.6996215E-01   2.7012304E-01
  2.6748282E-01   2.6555747E-01   2.6373299E-01   2.6476871E-01   2.6563659E-01   2.6475567E-01   2.6369385E-01   2.6382082E-01   2.6604360E-01   2.6526178E-01
  2.6534961E-01   2.6763674E-01   2.6678277E-01   2.6568529E-01   2.6603577E-01   2.6688714E-01   2.6739152E-01   2.6742370E-01   2.6603924E-01   2.6999607E-01
  2.7234319E-01   2.6926731E-01   2.6803765E-01   2.6804201E-01   2.6855161E-01   2.6796983E-01   2.6743760E-01   2.6919949E-01   2.6905339E-01   2.7095352E-01
  2.7383897E-01   2.7464250E-01   2.7258409E-01   2.7410247E-01   2.7377288E-01   2.7136747E-01   2.7293193E-01   2.7771751E-01   2.7877065E-01   2.7468337E-01
  2.7738358E-01   2.7835322E-01   2.7570344E-01   2.7493034E-01   2.7666177E-01   2.7318327E-01   2.7190750E-01   2.7255017E-01   2.7284583E-01   2.7214667E-01
  2.7164227E-01   2.7014128E-01   2.7064045E-01   2.7206578E-01   2.7205709E-01   2.7342155E-01   2.7019695E-01   2.7029694E-01   2.7199795E-01   2.7543038E-01
  2.7733749E-01   2.7713139E-01   2.7551038E-01   2.7355894E-01   2.7228929E-01   2.7231277E-01   2.7171271E-01   2.7051000E-01   2.7356067E-01   2.7432683E-01
  2.7554343E-01   2.7663396E-01   2.8019856E-01   2.7909066E-01   2.8012204E-01   2.8424149E-01   2.8375448E-01   2.8199698E-01   2.7919589E-01   2.8925664E-01
  2.8482154E-01   2.7982290E-01   2.7600781E-01   2.7495731E-01   2.7400681E-01   2.7361460E-01   2.7765056E-01   2.7653307E-01   2.7669917E-01   2.7698615E-01
  2.7511559E-01   2.7464162E-01   2.7439813E-01   2.7314587E-01   2.7185707E-01   2.7092048E-01   2.7391289E-01   2.7052481E-01   2.7080308E-01   2.7317718E-01
  2.7384071E-01   2.7368591E-01   2.7216058E-01   2.7406159E-01   2.7562084E-01   2.7430682E-01   2.7603479E-01   2.7429986E-01   2.7270409E-01   2.7337633E-01
  2.7340414E-01   2.7319630E-01   2.7334675E-01   2.7152660E-01   2.7066134E-01   2.7183273E-01   2.7253016E-01   2.7148488E-01   2.7269365E-01   2.7218406E-01
  2.7323456E-01   2.7155532E-01   2.7103700E-01   2.7066916E-01   2.6839507E-01   2.6807940E-01   2.6918383E-01   2.6943951E-01   2.6999519E-01   2.7091612E-01
  2.7037957E-01   2.6605663E-01   2.6687931E-01   2.7049871E-01   2.6928384E-01   2.6862117E-01   2.6896556E-01   2.6737065E-01   2.6745501E-01   2.6842724E-01
  2.6661147E-01   2.6489133E-01   2.6688800E-01   2.6733587E-01   2.6923688E-01   2.7000302E-01   2.7105006E-01   2.7107354E-01   2.7261364E-01   2.7428246E-01
  2.7450509E-01   2.7521558E-01   2.7470859E-01   2.7301891E-01   2.7458509E-01   2.7306325E-01   2.7140139E-01   2.7041001E-01   2.6652972E-01   2.6331381E-01
  2.6289204E-01   2.6212852E-01   2.6415041E-01   2.6409822E-01   2.6388256E-01   2.6501829E-01   2.6801155E-01   2.6813331E-01   2.6935167E-01   2.6818374E-01
  2.6888641E-01   2.7290845E-01   2.7431203E-01   2.7338241E-01   2.7395461E-01   2.7426681E-01   2.7675310E-01   2.7840451E-01   2.7860889E-01   2.7924371E-01
  2.7780448E-01   2.7510253E-01   2.7682614E-01   2.7693225E-01   2.7406419E-01   2.7333719E-01   2.7229276E-01   2.7054479E-01   2.6813505E-01   2.6854379E-01
  2.6626622E-01   2.6677583E-01   2.6806896E-01   2.6619055E-01   2.7227537E-01   2.7463729E-01   2.7355458E-01   2.7622002E-01   2.7628870E-01   2.7536343E-01
  2.7549214E-01   2.7420942E-01   2.7247887E-01   2.7112136E-01   2.7171185E-01   2.7151357E-01   2.6840725E-01   2.7054046E-01   2.7103789E-01   2.7243015E-01
  2.7135269E-01   2.7092743E-01   2.6925166E-01   2.7043262E-01   2.6938383E-01   2.6857509E-01   2.6984039E-01   2.7047175E-01   2.6987343E-01   2.6807070E-01
  2.6696539E-01   2.6499046E-01   2.6515917E-01   2.6490088E-01   2.6887859E-01   2.7018130E-01   2.7124659E-01   2.7542429E-01   2.7438857E-01   2.7677135E-01
  2.7163532E-01   2.6943341E-01   2.6763762E-01   2.6599837E-01   2.6586270E-01   2.6622011E-01   2.6683494E-01   2.6663495E-01   2.6496785E-01   2.6635318E-01
  2.6713758E-01   2.6729933E-01   2.6761414E-01   2.6648188E-01   2.6403127E-01   2.6436868E-01   2.6638362E-01   2.6723497E-01   2.6798807E-01   2.6704889E-01
  2.6667667E-01   2.6507220E-01   2.6381038E-01   2.6314947E-01   2.6620620E-01   2.6567920E-01   2.6498613E-01   2.6331207E-01   2.6207458E-01   2.6390690E-01
  2.6500785E-01   2.6395038E-01   2.6362341E-01   2.6569312E-01   2.6562268E-01   2.6523483E-01   2.6643232E-01   2.6629055E-01   2.6690104E-01   2.6721411E-01
  2.6386864E-01   2.6279552E-01   2.6240593E-01   2.6057013E-01   2.5970136E-01   2.6221112E-01   2.6333034E-01   2.6627317E-01   2.6558530E-01   2.6647840E-01
  2.6851333E-01   2.6986387E-01   2.6884554E-01   2.6808808E-01   2.6696539E-01   2.6899337E-01   2.6768720E-01   2.6698018E-01   2.6736368E-01
  2.8017590E+03   2.6159355E+03   2.4405942E+03   2.2914343E+03   2.1641389E+03   1.9738835E+03   1.7968473E+03   1.6381947E+03   1.5207347E+03   1.4663674E+03
  1.3673473E+03   1.2866735E+03   1.2141476E+03   1.1246390E+03   1.0571241E+03   1.0049178E+03   9.3234900E+02   8.7652948E+02   8.1563989E+02   7.9008063E+02
  7.8429266E+02   7.6703247E+02   7.1946075E+02   6.9421167E+02   6.5679169E+02   6.2478217E+02   6.1412347E+02   5.9073224E+02   5.7894855E+02   5.5914813E+02
  5.4904688E+02   5.3845898E+02   5.1433252E+02   4.9720380E+02   4.8185666E+02   4.4708646E+02   4.2185114E+02   4.0882874E+02   3.9253729E+02   3.7665063E+02
  3.6402313E+02   3.5656903E+02   3.5424075E+02   3.4281509E+02   3.3367853E+02   3.2381625E+02   3.1292264E+02   3.0180383E+02   2.9444608E+02   2.8403058E+02
  2.0789043E+02   2.2805139E+02   2.3174536E+02   2.3475957E+02   2.3652592E+02   2.3439986E+02   2.3029987E+02   2.3187712E+02   2.2802855E+02   2.2548337E+02
  2.2283092E+02   2.1663454E+02   2.0947200E+02   2.0675354E+02   2.0402965E+02   2.0597415E+02   2.0815440E+02   2.0308601E+02   2.0470526E+02   2.0077112E+02
  1.9980397E+02   1.9569495E+02   1.9316624E+02   1.9398315E+02   1.9321718E+02   1.8912628E+02   1.8709018E+02   1.8160666E+02   1.7981093E+02   1.8000511E+02
  1.8268668E+02   1.8581303E+02   1.8461255E+02   1.8311354E+02   1.7963304E+02   1.7719583E+02   1.7614743E+02   1.7591304E+02   1.7676680E+02   1.7656937E+02
  1.7448065E+02   1.7518785E+02   1.7560486E+02   1.7850388E+02   1.8141541E+02   1.7803360E+02   1.7586076E+02   1.7244189E+02   1.7095476E+02   1.7157722E+02
  1.7001028E+02   1.7189630E+02   1.6985048E+02   1.7023819E+02   1.7009271E+02   1.7053253E+02   1.7136497E+02   1.6956331E+02   1.7031561E+02   1.7077632E+02
  1.6849110E+02   1.6914966E+02   1.7092780E+02   1.7102574E+02   1.7117838E+02   1.6899969E+02   1.6790146E+02   1.7105281E+02   1.7000471E+02   1.6630505E+02
  1.6472075E+02   1.6597977E+02   1.6622990E+02   1.6565231E+02   1.6562834E+02   1.6433260E+02   1.6770769E+02   1.6768509E+02   1.6782808E+02   1.6773000E+02
  1.6631595E+02   1.6628471E+02   1.6671266E+02   1.6801976E+02   1.6918820E+02   1.7029530E+02   1.6960338E+02   1.6751442E+02   1.6908574E+02   1.6946713E+02
  1.6867432E+02   1.6756657E+02   1.6713615E+02   1.6597397E+02   1.6539328E+02   1.6437082E+02   1.6476433E+02   1.6848799E+02   1.6719206E+02   1.6653194E+02
  1.6941536E+02   1.6984175E+02   1.6934978E+02   1.7133505E+02   1.7305238E+02   1.7237387E+02   1.7169264E+02   1.7199631E+02   1.7416464E+02   1.7466835E+02
  1.7436615E+02   1.7309349E+02   1.7227623E+02   1.7180594E+02   1.7338843E+02   1.7384895E+02   1.7549677E+02   1.7208951E+02   1.7113506E+02   1.7009105E+02
  1.6863780E+02   1.7096719E+02   1.7404468E+02   1.7222485E+02   1.7548851E+02   1.7585933E+02   1.7734438E+02   1.7730775E+02   1.7575687E+02   1.7621524E+02
  1.7803990E+02   1.7740280E+02   1.7754050E+02   1.7478081E+02   1.7744041E+02   1.7762109E+02   1.7610176E+02   1.7368953E+02   1.7172607E+02   1.7516420E+02
  1.7410054E+02   1.7427097E+02   1.7355159E+02   1.7510422E+02   1.7302522E+02   1.7185521E+02   1.7527647E+02   1.7512288E+02   1.7610080E+02   1.7900165E+02
  1.8055562E+02   1.8297681E+02   1.8129332E+02   1.7975499E+02   1.8238889E+02   1.8045695E+02   1.7574007E+02   1.8016832E+02   1.7993506E+02   1.8179253E+02
  1.8145151E+02   1.8269650E+02   1.8081857E+02   1.8251231E+02   1.8111549E+02   1.8304646E+02   1.8286867E+02   1.8376334E+02   1.8419125E+02   1.8158101E+02
  1.8440637E+02   1.8590668E+02   1.8620163E+02   1.8520685E+02   1.8414488E+02   1.8230942E+02   1.7957930E+02   1.7709024E+02   1.7785625E+02   1.7967409E+02
  1.8162859E+02   1.8393903E+02   1.8560855E+02   1.8358136E+02   1.8137808E+02   1.8231064E+02   1.8347610E+02   1.8406593E+02   1.8533865E+02   1.8766129E+02
  1.8661482E+02   1.8589842E+02   1.8449661E+02   1.8538229E+02   1.8577565E+02   1.8566365E+02   1.8434186E+02   1.8286176E+02   1.8460599E+02   1.8413245E+02
  1.8321788E+02   1.8548462E+02   1.8627420E+02   1.8501581E+02   1.8533708E+02   1.8361726E+02   1.8462534E+02   1.8576375E+02   1.8383792E+02   1.8547699E+02
  1.8661877E+02   1.8467798E+02   1.8563339E+02   1.8560738E+02   1.8665041E+02   1.8810307E+02   1.8543988E+02   1.8602057E+02   1.8538892E+02   1.8491431E+02
  1.8718697E+02   1.8780009E+02   1.8672585E+02   1.8573796E+02   1.8551118E+02   1.8435326E+02   1.8553180E+02   1.8782535E+02   1.9098714E+02   1.8882275E+02
  1.8926167E+02   1.9128662E+02   1.9042450E+02   1.8638876E+02   1.8665326E+02   1.8531610E+02   1.8289476E+02   1.8331264E+02   1.8524040E+02   1.8400079E+02
  1.8311058E+02   1.8114540E+02   1.8157947E+02   1.8198196E+02   1.8252998E+02   1.8527364E+02   1.8353674E+02   1.8144237E+02   1.8299580E+02   1.8546886E+02
  1.8668660E+02   1.8620686E+02   1.8711078E+02   1.8432587E+02   1.8193169E+02   1.8210735E+02   1.8297476E+02   1.8247934E+02   1.8405344E+02   1.8243959E+02
  1.8478171E+02   1.8424301E+02   1.8845363E+02   1.8586836E+02   1.8667046E+02   1.8990991E+02   1.8601274E+02   1.8401570E+02   1.8424274E+02   1.9704459E+02
  1.9715878E+02   1.9564116E+02   1.8950435E+02   1.8546616E+02   1.8401567E+02   1.8113205E+02   1.8260838E+02   1.8171814E+02   1.7982111E+02   1.8270506E+02
  1.8162837E+02   1.7788008E+02   1.7710948E+02   1.7702919E+02   1.7543063E+02   1.7519679E+02   1.7712328E+02   1.7576497E+02   1.7320554E+02   1.7319992E+02
  1.7331137E+02   1.7147269E+02   1.7221927E+02   1.7249069E+02   1.7268800E+02   1.7160216E+02   1.7555173E+02   1.7591498E+02   1.7393709E+02   1.7278822E+02
  1.7205713E+02   1.7425125E+02   1.7439331E+02   1.7282603E+02   1.7081801E+02   1.7320622E+02   1.7401375E+02   1.7216411E+02   1.7144019E+02   1.7168924E+02
  1.7339565E+02   1.7310042E+02   1.7180568E+02   1.7287488E+02   1.7025485E+02   1.6920245E+02   1.6997189E+02   1.6865738E+02   1.6787433E+02   1.6939990E+02
  1.6996957E+02   1.6731523E+02   1.6656773E+02   1.6849158E+02   1.6784085E+02   1.6749309E+02   1.6752846E+02   1.6530464E+02   1.6440283E+02   1.6510448E+02
  1.6571118E+02   1.6451086E+02   1.6409137E+02   1.6376974E+02   1.6402489E+02   1.6499452E+02   1.6442427E+02   1.6396315E+02   1.6491240E+02   1.6580504E+02
  1.6666817E+02   1.6659837E+02   1.6850182E+02   1.6765376E+02   1.6695888E+02   1.6777608E+02   1.6542567E+02   1.6440558E+02   1.6293553E+02   1.6236328E+02
  1.6088367E+02   1.5943066E+02   1.5961978E+02   1.5949811E+02   1.5804887E+02   1.5802176E+02   1.5930420E+02   1.5905736E+02   1.5944449E+02   1.5760608E+02
  1.5793813E+02   1.6038483E+02   1.6045421E+02   1.6219962E+02   1.6212360E+02   1.6015538E+02   1.6236557E+02   1.6340173E+02   1.6411482E+02   1.6584317E+02
  1.6618036E+02   1.6470435E+02   1.6439339E+02   1.6541106E+02   1.6470955E+02   1.6351759E+02   1.6334113E+02   1.6130202E+02   1.6005635E+02   1.5935115E+02
  1.5706503E+02   1.5564757E+02   1.5788391E+02   1.5546167E+02   1.5944376E+02   1.6177696E+02   1.5988338E+02   1.6040627E+02   1.6044225E+02   1.6110429E+02
  1.6113548E+02   1.5885918E+02   1.6102235E+02   1.5894981E+02   1.5817439E+02   1.5770656E+02   1.5516928E+02   1.5486969E+02   1.5447128E+02   1.5647163E+02
  1.5598201E+02   1.5624130E+02   1.5354903E+02   1.5455434E+02   1.5313820E+02   1.5296010E+02   1.5279274E+02   1.5377408E+02   1.5329254E+02   1.5430737E+02
  1.5341750E+02   1.5329424E+02   1.5222392E+02   1.5002789E+02   1.5190518E+02   1.5140082E+02   1.5107477E+02   1.5523991E+02   1.5433749E+02   1.5667377E+02
  1.5527086E+02   1.5415710E+02   1.5271011E+02   1.5264842E+02   1.5176398E+02   1.5242513E+02   1.5260222E+02   1.5213966E+02   1.4966849E+02   1.4949567E+02
  1.4970677E+02   1.4900476E+02   1.4940628E+02   1.4862994E+02   1.4835585E+02   1.4730899E+02   1.4799884E+02   1.4862460E+02   1.4994185E+02   1.4882515E+02
  1.4841953E+02   1.4861580E+02   1.4717058E+02   1.4507639E+02   1.4688110E+02   1.4547803E+02   1.4502563E+02   1.4688016E+02   1.4417145E+02   1.4551579E+02
  1.4591898E+02   1.4437871E+02   1.4416429E+02   1.4487349E+02   1.4468169E+02   1.4410332E+02   1.4607501E+02   1.4380775E+02   1.4650374E+02   1.4633522E+02
  1.4546381E+02   1.4562726E+02   1.4528883E+02   1.4291356E+02   1.4054373E+02   1.4094730E+02   1.4043718E+02   1.4200021E+02   1.4232848E+02   1.4257039E+02
  1.4301227E+02   1.4502368E+02   1.4584396E+02   1.4682729E+02   1.4495790E+02   1.4536876E+02   1.4407286E+02   1.4443239E+02   1.4515279E+02
 -9.9999990E+06  -9.9999990E+06  -9.9999990E+06  -9.9999990E+06  -9.9999990E+06  -9.9999990E+06  -9.9999990E+06  -9.9999990E+06  -9.9999990E+06  -9.9999990E+06
 -9.9999990E+06  -9.9999990E+06  -9.9999990E+06  -9.9999990E+06  -9.9999990E+06  -9.9999990E+06  -9.9999990E+06  -9.9999990E+06  -9.9999990E+06  -9.9999990E+06
 -9.9999990E+06  -9.9999990E+06  -9.9999990E+06  -9.9999990E+06  -9.9999990E+06  -9.9999990E+06  -9.9999990E+06  -9.9999990E+06  -9.9999990E+06  -9.9999990E+06
 -9.9999990E+06  -9.9999990E+06  -9.9999990E+06  -9.9999990E+06  -9.9999990E+06  -9.9999990E+06  -9.9999990E+06  -9.9999990E+06  -9.9999990E+06  -9.9999990E+06
 -9.9999990E+06  -9.9999990E+06  -9.9999990E+06  -9.9999990E+06  -9.9999990E+06  -9.9999990E+06  -9.9999990E+06  -9.9999990E+06  -9.9999990E+06  -9.9999990E+06
 -9.9999990E+06  -9.9999990E+06  -9.9999990E+06  -9.9999990E+06  -9.9999990E+06  -9.9999990E+06  -9.9999990E+06  -9.9999990E+06  -9.9999990E+06  -9.9999990E+06
 -9.9999990E+06  -9.9999990E+06  -9.9999990E+06  -9.9999990E+06  -9.9999990E+06  -9.9999990E+06  -9.9999990E+06  -9.9999990E+06  -9.9999990E+06  -9.9999990E+06
 -9.9999990E+06  -9.9999990E+06  -9.9999990E+06  -9.9999990E+06  -9.9999990E+06  -9.9999990E+06  -9.9999990E+06  -9.9999990E+06  -9.9999990E+06  -9.9999990E+06
 -9.9999990E+06  -9.9999990E+06  -9.9999990E+06  -9.9999990E+06  -9.9999990E+06  -9.9999990E+06  -9.9999990E+06  -9.9999990E+06  -9.9999990E+06  -9.9999990E+06
 -9.9999990E+06  -9.9999990E+06  -9.9999990E+06  -9.9999990E+06  -9.9999990E+06  -9.9999990E+06  -9.9999990E+06  -9.9999990E+06  -9.9999990E+06  -9.9999990E+06
 -9.9999990E+06  -9.9999990E+06  -9.9999990E+06  -9.9999990E+06  -9.9999990E+06  -9.9999990E+06  -9.9999990E+06  -9.9999990E+06  -9.9999990E+06  -9.9999990E+06
 -9.9999990E+06  -9.9999990E+06  -9.9999990E+06  -9.9999990E+06  -9.9999990E+06  -9.9999990E+06  -9.9999990E+06  -9.9999990E+06  -9.9999990E+06  -9.9999990E+06
 -9.9999990E+06  -9.9999990E+06  -9.9999990E+06  -9.9999990E+06  -9.9999990E+06  -9.9999990E+06  -9.9999990E+06  -9.9999990E+06  -9.9999990E+06  -9.9999990E+06
 -9.9999990E+06  -9.9999990E+06  -9.9999990E+06  -9.9999990E+06  -9.9999990E+06  -9.9999990E+06  -9.9999990E+06  -9.9999990E+06  -9.9999990E+06  -9.9999990E+06
 -9.9999990E+06  -9.9999990E+06  -9.9999990E+06  -9.9999990E+06  -9.9999990E+06  -9.9999990E+06  -9.9999990E+06  -9.9999990E+06  -9.9999990E+06  -9.9999990E+06
 -9.9999990E+06  -9.9999990E+06  -9.9999990E+06  -9.9999990E+06  -9.9999990E+06  -9.9999990E+06  -9.9999990E+06  -9.9999990E+06  -9.9999990E+06  -9.9999990E+06
 -9.9999990E+06  -9.9999990E+06  -9.9999990E+06  -9.9999990E+06  -9.9999990E+06  -9.9999990E+06  -9.9999990E+06  -9.9999990E+06  -9.9999990E+06  -9.9999990E+06
 -9.9999990E+06  -9.9999990E+06  -9.9999990E+06  -9.9999990E+06  -9.9999990E+06  -9.9999990E+06  -9.9999990E+06  -9.9999990E+06  -9.9999990E+06  -9.9999990E+06
 -9.9999990E+06  -9.9999990E+06  -9.9999990E+06  -9.9999990E+06  -9.9999990E+06  -9.9999990E+06  -9.9999990E+06  -9.9999990E+06  -9.9999990E+06  -9.9999990E+06
 -9.9999990E+06  -9.9999990E+06  -9.9999990E+06  -9.9999990E+06  -9.9999990E+06  -9.9999990E+06  -9.9999990E+06  -9.9999990E+06  -9.9999990E+06  -9.9999990E+06
 -9.9999990E+06  -9.9999990E+06  -9.9999990E+06  -9.9999990E+06  -9.9999990E+06  -9.9999990E+06  -9.9999990E+06  -9.9999990E+06  -9.9999990E+06  -9.9999990E+06
 -9.9999990E+06  -9.9999990E+06  -9.9999990E+06  -9.9999990E+06  -9.9999990E+06  -9.9999990E+06  -9.9999990E+06  -9.9999990E+06  -9.9999990E+06  -9.9999990E+06
 -9.9999990E+06  -9.9999990E+06  -9.9999990E+06  -9.9999990E+06  -9.9999990E+06  -9.9999990E+06  -9.9999990E+06  -9.9999990E+06  -9.9999990E+06  -9.9999990E+06
 -9.9999990E+06  -9.9999990E+06  -9.9999990E+06  -9.9999990E+06  -9.9999990E+06  -9.9999990E+06  -9.9999990E+06  -9.9999990E+06  -9.9999990E+06  -9.9999990E+06
 -9.9999990E+06  -9.9999990E+06  -9.9999990E+06  -9.9999990E+06  -9.9999990E+06  -9.9999990E+06  -9.9999990E+06  -9.9999990E+06  -9.9999990E+06  -9.9999990E+06
 -9.9999990E+06  -9.9999990E+06  -9.9999990E+06  -9.9999990E+06  -9.9999990E+06  -9.9999990E+06  -9.9999990E+06  -9.9999990E+06  -9.9999990E+06  -9.9999990E+06
 -9.9999990E+06  -9.9999990E+06  -9.9999990E+06  -9.9999990E+06  -9.9999990E+06  -9.9999990E+06  -9.9999990E+06  -9.9999990E+06  -9.9999990E+06  -9.9999990E+06
 -9.9999990E+06  -9.9999990E+06  -9.9999990E+06  -9.9999990E+06  -9.9999990E+06  -9.9999990E+06  -9.9999990E+06  -9.9999990E+06  -9.9999990E+06  -9.9999990E+06
 -9.9999990E+06  -9.9999990E+06  -9.9999990E+06  -9.9999990E+06  -9.9999990E+06  -9.9999990E+06  -9.9999990E+06  -9.9999990E+06  -9.9999990E+06  -9.9999990E+06
 -9.9999990E+06  -9.9999990E+06  -9.9999990E+06  -9.9999990E+06  -9.9999990E+06  -9.9999990E+06  -9.9999990E+06  -9.9999990E+06  -9.9999990E+06  -9.9999990E+06
 -9.9999990E+06  -9.9999990E+06  -9.9999990E+06  -9.9999990E+06  -9.9999990E+06  -9.9999990E+06  -9.9999990E+06  -9.9999990E+06  -9.9999990E+06  -9.9999990E+06
 -9.9999990E+06  -9.9999990E+06  -9.9999990E+06  -9.9999990E+06  -9.9999990E+06  -9.9999990E+06  -9.9999990E+06  -9.9999990E+06  -9.9999990E+06  -9.9999990E+06
 -9.9999990E+06  -9.9999990E+06  -9.9999990E+06  -9.9999990E+06  -9.9999990E+06  -9.9999990E+06  -9.9999990E+06  -9.9999990E+06  -9.9999990E+06  -9.9999990E+06
 -9.9999990E+06  -9.9999990E+06  -9.9999990E+06  -9.9999990E+06  -9.9999990E+06  -9.9999990E+06  -9.9999990E+06  -9.9999990E+06  -9.9999990E+06  -9.9999990E+06
 -9.9999990E+06  -9.9999990E+06  -9.9999990E+06  -9.9999990E+06  -9.9999990E+06  -9.9999990E+06  -9.9999990E+06  -9.9999990E+06  -9.9999990E+06  -9.9999990E+06
 -9.9999990E+06  -9.9999990E+06  -9.9999990E+06  -9.9999990E+06  -9.9999990E+06  -9.9999990E+06  -9.9999990E+06  -9.9999990E+06  -9.9999990E+06  -9.9999990E+06
 -9.9999990E+06  -9.9999990E+06  -9.9999990E+06  -9.9999990E+06  -9.9999990E+06  -9.9999990E+06  -9.9999990E+06  -9.9999990E+06  -9.9999990E+06  -9.9999990E+06
 -9.9999990E+06  -9.9999990E+06  -9.9999990E+06  -9.9999990E+06  -9.9999990E+06  -9.9999990E+06  -9.9999990E+06  -9.9999990E+06  -9.9999990E+06  -9.9999990E+06
 -9.9999990E+06  -9.9999990E+06  -9.9999990E+06  -9.9999990E+06  -9.9999990E+06  -9.9999990E+06  -9.9999990E+06  -9.9999990E+06  -9.9999990E+06  -9.9999990E+06
 -9.9999990E+06  -9.9999990E+06  -9.9999990E+06  -9.9999990E+06  -9.9999990E+06  -9.9999990E+06  -9.9999990E+06  -9.9999990E+06  -9.9999990E+06  -9.9999990E+06
 -9.9999990E+06  -9.9999990E+06  -9.9999990E+06  -9.9999990E+06  -9.9999990E+06  -9.9999990E+06  -9.9999990E+06  -9.9999990E+06  -9.9999990E+06  -9.9999990E+06
 -9.9999990E+06  -9.9999990E+06  -9.9999990E+06  -9.9999990E+06  -9.9999990E+06  -9.9999990E+06  -9.9999990E+06  -9.9999990E+06  -9.9999990E+06  -9.9999990E+06
 -9.9999990E+06  -9.9999990E+06  -9.9999990E+06  -9.9999990E+06  -9.9999990E+06  -9.9999990E+06  -9.9999990E+06  -9.9999990E+06  -9.9999990E+06  -9.9999990E+06
 -9.9999990E+06  -9.9999990E+06  -9.9999990E+06  -9.9999990E+06  -9.9999990E+06  -9.9999990E+06  -9.9999990E+06  -9.9999990E+06  -9.9999990E+06  -9.9999990E+06
 -9.9999990E+06  -9.9999990E+06  -9.9999990E+06  -9.9999990E+06  -9.9999990E+06  -9.9999990E+06  -9.9999990E+06  -9.9999990E+06  -9.9999990E+06  -9.9999990E+06
 -9.9999990E+06  -9.9999990E+06  -9.9999990E+06  -9.9999990E+06  -9.9999990E+06  -9.9999990E+06  -9.9999990E+06  -9.9999990E+06  -9.9999990E+06  -9.9999990E+06
 -9.9999990E+06  -9.9999990E+06  -9.9999990E+06  -9.9999990E+06  -9.9999990E+06  -9.9999990E+06  -9.9999990E+06  -9.9999990E+06  -9.9999990E+06  -9.9999990E+06
 -9.9999990E+06  -9.9999990E+06  -9.9999990E+06  -9.9999990E+06  -9.9999990E+06  -9.9999990E+06  -9.9999990E+06  -9.9999990E+06  -9.9999990E+06  -9.9999990E+06
 -9.9999990E+06  -9.9999990E+06  -9.9999990E+06  -9.9999990E+06  -9.9999990E+06  -9.9999990E+06  -9.9999990E+06  -9.9999990E+06  -9.9999990E+06  -9.9999990E+06
 -9.9999990E+06  -9.9999990E+06  -9.9999990E+06  -9.9999990E+06  -9.9999990E+06  -9.9999990E+06  -9.9999990E+06  -9.9999990E+06  -9.9999990E+06  -9.9999990E+06
 -9.9999990E+06  -9.9999990E+06  -9.9999990E+06  -9.9999990E+06  -9.9999990E+06  -9.9999990E+06  -9.9999990E+06  -9.9999990E+06  -9.9999990E+06  -9.9999990E+06
 -9.9999990E+06  -9.9999990E+06  -9.9999990E+06  -9.9999990E+06  -9.9999990E+06  -9.9999990E+06  -9.9999990E+06  -9.9999990E+06  -9.9999990E+06  -9.9999990E+06
 -9.9999990E+06  -9.9999990E+06  -9.9999990E+06  -9.9999990E+06  -9.9999990E+06  -9.9999990E+06  -9.9999990E+06  -9.9999990E+06  -9.9999990E+06
