Kosovic & Lundquist, CU LES, run at LLNL 6/2003; n=128^3, non-linear Deardorff subgrid model
         128
  1.5599999E+00   4.6900001E+00   7.8099999E+00   1.0940000E+01   1.4060000E+01   1.7190001E+01   2.0309999E+01   2.3440001E+01   2.6559999E+01   2.9690001E+01
  3.2810001E+01   3.5939999E+01   3.9060001E+01   4.2189999E+01   4.5310001E+01   4.8439999E+01   5.1560001E+01   5.4689999E+01   5.7810001E+01   6.0939999E+01
  6.4059998E+01   6.7190002E+01   7.0309998E+01   7.3440002E+01   7.6559998E+01   7.9690002E+01   8.2809998E+01   8.5940002E+01   8.9059998E+01   9.2190002E+01
  9.5309998E+01   9.8440002E+01   1.0156000E+02   1.0469000E+02   1.0781000E+02   1.1094000E+02   1.1406000E+02   1.1719000E+02   1.2031000E+02   1.2344000E+02
  1.2656000E+02   1.2969000E+02   1.3281000E+02   1.3594000E+02   1.3906000E+02   1.4219000E+02   1.4531000E+02   1.4844000E+02   1.5156000E+02   1.5469000E+02
  1.5781000E+02   1.6094000E+02   1.6406000E+02   1.6719000E+02   1.7031000E+02   1.7344000E+02   1.7656000E+02   1.7969000E+02   1.8281000E+02   1.8594000E+02
  1.8906000E+02   1.9219000E+02   1.9531000E+02   1.9844000E+02   2.0156000E+02   2.0469000E+02   2.0781000E+02   2.1094000E+02   2.1406000E+02   2.1719000E+02
  2.2031000E+02   2.2344000E+02   2.2656000E+02   2.2969000E+02   2.3281000E+02   2.3594000E+02   2.3906000E+02   2.4219000E+02   2.4531000E+02   2.4844000E+02
  2.5156000E+02   2.5469000E+02   2.5781000E+02   2.6094000E+02   2.6406000E+02   2.6719000E+02   2.7031000E+02   2.7344000E+02   2.7656000E+02   2.7969000E+02
  2.8281000E+02   2.8594000E+02   2.8906000E+02   2.9219000E+02   2.9531000E+02   2.9844000E+02   3.0156000E+02   3.0469000E+02   3.0781000E+02   3.1094000E+02
  3.1406000E+02   3.1719000E+02   3.2031000E+02   3.2344000E+02   3.2656000E+02   3.2969000E+02   3.3281000E+02   3.3594000E+02   3.3906000E+02   3.4219000E+02
  3.4531000E+02   3.4844000E+02   3.5156000E+02   3.5469000E+02   3.5781000E+02   3.6094000E+02   3.6406000E+02   3.6719000E+02   3.7031000E+02   3.7344000E+02
  3.7656000E+02   3.7969000E+02   3.8281000E+02   3.8594000E+02   3.8906000E+02   3.9219000E+02   3.9531000E+02   3.9842999E+02
  1.6399019E+00   2.3453026E+00   2.6617627E+00   2.9464395E+00   3.1919239E+00   3.4163382E+00   3.6246364E+00   3.8203948E+00   4.0071120E+00   4.1876488E+00
  4.3641009E+00   4.5369210E+00   4.7059731E+00   4.8721337E+00   5.0323367E+00   5.1915574E+00   5.3488188E+00   5.5042348E+00   5.6577840E+00   5.8125587E+00
  5.9655914E+00   6.1196122E+00   6.2728882E+00   6.4229250E+00   6.5698919E+00   6.7160754E+00   6.8614011E+00   7.0049424E+00   7.1510401E+00   7.2963481E+00
  7.4413376E+00   7.5851998E+00   7.7268147E+00   7.8672409E+00   8.0034285E+00   8.1410627E+00   8.2762213E+00   8.4068899E+00   8.5343056E+00   8.6582298E+00
  8.7792473E+00   8.8933401E+00   9.0021992E+00   9.1061754E+00   9.2054186E+00   9.2995186E+00   9.3889027E+00   9.4695139E+00   9.5385895E+00   9.5965548E+00
  9.6411858E+00   9.6714058E+00   9.6863651E+00   9.6829081E+00   9.6624947E+00   9.6254435E+00   9.5737162E+00   9.5106001E+00   9.4408302E+00   9.3664379E+00
  9.2884970E+00   9.2130699E+00   9.1366587E+00   9.0573311E+00   8.9753399E+00   8.8900042E+00   8.8037329E+00   8.7202387E+00   8.6334343E+00   8.5521746E+00
  8.4674435E+00   8.3994350E+00   8.3111200E+00   8.2529182E+00   8.1581659E+00   8.1080990E+00   8.0678349E+00   8.0332546E+00   8.0096216E+00   8.0002012E+00
  7.9982624E+00   7.9994736E+00   8.0001183E+00   8.0006819E+00   8.0009394E+00   8.0007515E+00   8.0000086E+00   7.9997087E+00   7.9999895E+00   8.0000696E+00
  7.9998050E+00   7.9997025E+00   7.9993906E+00   7.9988127E+00   7.9988189E+00   7.9988461E+00   7.9992280E+00   7.9993558E+00   7.9994960E+00   7.9993825E+00
  7.9996638E+00   8.0004339E+00   8.0002718E+00   8.0002337E+00   7.9991040E+00   7.9985147E+00   7.9986773E+00   7.9992032E+00   7.9998174E+00   8.0000029E+00
  7.9999967E+00   8.0000200E+00   8.0000057E+00   7.9998865E+00   8.0003014E+00   8.0004063E+00   8.0006571E+00   8.0004873E+00   8.0004520E+00   8.0000715E+00
  7.9993939E+00   7.9995470E+00   7.9993625E+00   7.9993997E+00   8.0002394E+00   7.9996510E+00   7.9989409E+00   5.0000000E+00
  1.3607928E+00   1.8274987E+00   2.0263691E+00   2.1825125E+00   2.3119128E+00   2.4215503E+00   2.5197511E+00   2.6047568E+00   2.6798100E+00   2.7461483E+00
  2.8084612E+00   2.8645751E+00   2.9153223E+00   2.9602220E+00   3.0006204E+00   3.0347922E+00   3.0640264E+00   3.0918558E+00   3.1131136E+00   3.1297519E+00
  3.1418989E+00   3.1490490E+00   3.1510565E+00   3.1511946E+00   3.1484337E+00   3.1427145E+00   3.1325991E+00   3.1160195E+00   3.0928671E+00   3.0624959E+00
  3.0260661E+00   2.9873979E+00   2.9450307E+00   2.8966446E+00   2.8423276E+00   2.7817826E+00   2.7157373E+00   2.6467481E+00   2.5722849E+00   2.4918571E+00
  2.4037693E+00   2.3108878E+00   2.2125468E+00   2.1082740E+00   1.9971166E+00   1.8796760E+00   1.7532926E+00   1.6195594E+00   1.4791639E+00   1.3333889E+00
  1.1843361E+00   1.0303341E+00   8.7375575E-01   7.1747315E-01   5.6559128E-01   4.2029908E-01   2.8550237E-01   1.6322921E-01   5.6187674E-02  -3.5920832E-02
 -1.1479767E-01  -1.7499848E-01  -2.1786717E-01  -2.4583867E-01  -2.6148802E-01  -2.6932383E-01  -2.7008465E-01  -2.6449335E-01  -2.5310865E-01  -2.3698001E-01
 -2.1499401E-01  -1.9051984E-01  -1.6057332E-01  -1.3232501E-01  -9.3222007E-02  -6.5839164E-02  -4.3925997E-02  -2.2606166E-02  -7.7979998E-03  -3.0858333E-03
 -2.5363334E-03  -2.8696663E-03  -3.3068331E-03  -1.8358331E-03  -2.6616661E-04  -1.1156666E-03  -2.0440000E-03  -3.7155005E-03  -2.0856669E-03  -1.4603336E-03
 -1.3641667E-03  -3.4883339E-04  -1.0511668E-03  -1.9098333E-03  -1.0720000E-03  -2.2943334E-03  -7.0566661E-04  -7.9200021E-04  -1.4430002E-03  -2.1191665E-03
 -2.0835001E-03  -6.2066666E-04   8.7166678E-05  -7.5133354E-04  -1.7945000E-03  -2.3101666E-03  -1.8689999E-03   6.9583330E-04  -2.2766672E-04  -1.9850000E-04
 -5.7099987E-04  -2.1083333E-04  -1.7558335E-03  -1.5901664E-03  -7.1599992E-04  -1.1386666E-03   1.7924999E-03   1.1538335E-03   4.8000002E-04   3.1116666E-04
 -8.8983338E-04   3.3983338E-04  -3.8866670E-04  -1.2468335E-03   9.1383344E-04  -9.3949988E-04  -2.1960000E-03   0.0000000E+00
  2.6309821E+02   2.6316699E+02   2.6322296E+02   2.6326874E+02   2.6330896E+02   2.6334555E+02   2.6337933E+02   2.6341095E+02   2.6344098E+02   2.6347000E+02
  2.6349820E+02   2.6352576E+02   2.6355292E+02   2.6357968E+02   2.6360608E+02   2.6363229E+02   2.6365823E+02   2.6368451E+02   2.6371097E+02   2.6373770E+02
  2.6376434E+02   2.6379163E+02   2.6381912E+02   2.6384662E+02   2.6387393E+02   2.6390167E+02   2.6392978E+02   2.6395819E+02   2.6398721E+02   2.6401706E+02
  2.6404785E+02   2.6407916E+02   2.6411124E+02   2.6414389E+02   2.6417752E+02   2.6421222E+02   2.6424762E+02   2.6428348E+02   2.6432074E+02   2.6435837E+02
  2.6439679E+02   2.6443610E+02   2.6447665E+02   2.6451855E+02   2.6456186E+02   2.6460666E+02   2.6465338E+02   2.6470218E+02   2.6475223E+02   2.6480353E+02
  2.6485638E+02   2.6491110E+02   2.6496765E+02   2.6502496E+02   2.6508206E+02   2.6513992E+02   2.6519577E+02   2.6524976E+02   2.6530038E+02   2.6534753E+02
  2.6539352E+02   2.6543338E+02   2.6547464E+02   2.6552048E+02   2.6557031E+02   2.6562717E+02   2.6568939E+02   2.6575336E+02   2.6582413E+02   2.6589600E+02
  2.6597327E+02   2.6603903E+02   2.6613107E+02   2.6619672E+02   2.6630579E+02   2.6635388E+02   2.6638974E+02   2.6642209E+02   2.6645291E+02   2.6648441E+02
  2.6651660E+02   2.6654691E+02   2.6657910E+02   2.6661014E+02   2.6664252E+02   2.6667197E+02   2.6670316E+02   2.6673441E+02   2.6676566E+02   2.6679688E+02
  2.6682907E+02   2.6685916E+02   2.6689084E+02   2.6692203E+02   2.6695270E+02   2.6698425E+02   2.6701639E+02   2.6704691E+02   2.6707892E+02   2.6710941E+02
  2.6714041E+02   2.6717184E+02   2.6720309E+02   2.6723434E+02   2.6726590E+02   2.6729599E+02   2.6732812E+02   2.6735944E+02   2.6739059E+02   2.6742181E+02
  2.6745316E+02   2.6748434E+02   2.6751584E+02   2.6754688E+02   2.6757782E+02   2.6760956E+02   2.6764069E+02   2.6767291E+02   2.6770322E+02   2.6773447E+02
  2.6776648E+02   2.6779688E+02   2.6782816E+02   2.6785919E+02   2.6789084E+02   2.6792273E+02   2.6795822E+02   2.6795822E+02
