 Cuxart-Jimenez, Meso-NH, 128x128x128, 8 hour, 128_A8                                                                              
 128
  0.1562500E+01  0.4687500E+01  0.7812500E+01  0.1093750E+02  0.1406250E+02  0.1718750E+02  0.2031250E+02  0.2343750E+02  0.2656250E+02  0.2968750E+02
  0.3281250E+02  0.3593750E+02  0.3906250E+02  0.4218750E+02  0.4531250E+02  0.4843750E+02  0.5156250E+02  0.5468750E+02  0.5781250E+02  0.6093750E+02
  0.6406250E+02  0.6718750E+02  0.7031250E+02  0.7343750E+02  0.7656250E+02  0.7968750E+02  0.8281250E+02  0.8593750E+02  0.8906250E+02  0.9218750E+02
  0.9531250E+02  0.9843750E+02  0.1015625E+03  0.1046875E+03  0.1078125E+03  0.1109375E+03  0.1140625E+03  0.1171875E+03  0.1203125E+03  0.1234375E+03
  0.1265625E+03  0.1296875E+03  0.1328125E+03  0.1359375E+03  0.1390625E+03  0.1421875E+03  0.1453125E+03  0.1484375E+03  0.1515625E+03  0.1546875E+03
  0.1578125E+03  0.1609375E+03  0.1640625E+03  0.1671875E+03  0.1703125E+03  0.1734375E+03  0.1765625E+03  0.1796875E+03  0.1828125E+03  0.1859375E+03
  0.1890625E+03  0.1921875E+03  0.1953125E+03  0.1984375E+03  0.2015625E+03  0.2046875E+03  0.2078125E+03  0.2109375E+03  0.2140625E+03  0.2171875E+03
  0.2203125E+03  0.2234375E+03  0.2265625E+03  0.2296875E+03  0.2328125E+03  0.2359375E+03  0.2390625E+03  0.2421875E+03  0.2453125E+03  0.2484375E+03
  0.2515625E+03  0.2546875E+03  0.2578125E+03  0.2609375E+03  0.2640625E+03  0.2671875E+03  0.2703125E+03  0.2734375E+03  0.2765625E+03  0.2796875E+03
  0.2828125E+03  0.2859375E+03  0.2890625E+03  0.2921875E+03  0.2953125E+03  0.2984375E+03  0.3015625E+03  0.3046875E+03  0.3078125E+03  0.3109375E+03
  0.3140625E+03  0.3171875E+03  0.3203125E+03  0.3234375E+03  0.3265625E+03  0.3296875E+03  0.3328125E+03  0.3359375E+03  0.3390625E+03  0.3421875E+03
  0.3453125E+03  0.3484375E+03  0.3515625E+03  0.3546875E+03  0.3578125E+03  0.3609375E+03  0.3640625E+03  0.3671875E+03  0.3703125E+03  0.3734375E+03
  0.3765625E+03  0.3796875E+03  0.3828125E+03  0.3859375E+03  0.3890625E+03  0.3921875E+03  0.3953125E+03  0.3984375E+03
  0.1538671E+01  0.2425524E+01  0.2858156E+01  0.3180574E+01  0.3438030E+01  0.3658962E+01  0.3851055E+01  0.4024973E+01  0.4187502E+01  0.4343925E+01
  0.4493328E+01  0.4640181E+01  0.4785111E+01  0.4925362E+01  0.5065494E+01  0.5201959E+01  0.5334650E+01  0.5463894E+01  0.5590633E+01  0.5715528E+01
  0.5837512E+01  0.5962165E+01  0.6088384E+01  0.6211709E+01  0.6335821E+01  0.6453238E+01  0.6574157E+01  0.6693832E+01  0.6814580E+01  0.6932464E+01
  0.7048923E+01  0.7163554E+01  0.7280401E+01  0.7396104E+01  0.7511038E+01  0.7624625E+01  0.7738273E+01  0.7850427E+01  0.7963422E+01  0.8073593E+01
  0.8179137E+01  0.8284493E+01  0.8386232E+01  0.8486313E+01  0.8585831E+01  0.8680483E+01  0.8774582E+01  0.8865271E+01  0.8951693E+01  0.9029507E+01
  0.9099393E+01  0.9161119E+01  0.9209555E+01  0.9244372E+01  0.9259658E+01  0.9255980E+01  0.9224004E+01  0.9165229E+01  0.9070043E+01  0.8946320E+01
  0.8795637E+01  0.8643041E+01  0.8480472E+01  0.8314642E+01  0.8171729E+01  0.8066807E+01  0.8008927E+01  0.7986464E+01  0.7986607E+01  0.7991637E+01
  0.7994282E+01  0.7994564E+01  0.7994103E+01  0.7993345E+01  0.7992809E+01  0.7992003E+01  0.7991491E+01  0.7991060E+01  0.7991000E+01  0.7991101E+01
  0.7991265E+01  0.7991370E+01  0.7991618E+01  0.7991875E+01  0.7992257E+01  0.7992708E+01  0.7993328E+01  0.7994092E+01  0.7994801E+01  0.7995364E+01
  0.7995874E+01  0.7996338E+01  0.7996733E+01  0.7997193E+01  0.7997664E+01  0.7997894E+01  0.7997987E+01  0.7997831E+01  0.7997585E+01  0.7997316E+01
  0.7997031E+01  0.7996680E+01  0.7996343E+01  0.7996121E+01  0.7995732E+01  0.7995300E+01  0.7994795E+01  0.7994360E+01  0.7994076E+01  0.7993963E+01
  0.7993865E+01  0.7993819E+01  0.7993736E+01  0.7993768E+01  0.7993774E+01  0.7993854E+01  0.7994042E+01  0.7994509E+01  0.7995245E+01  0.7995945E+01
  0.7996586E+01  0.7997316E+01  0.7997983E+01  0.7998732E+01  0.7999566E+01  0.8000310E+01  0.8000890E+01  0.8001259E+01
  0.1083881E+01  0.1699946E+01  0.1987265E+01  0.2190558E+01  0.2338949E+01  0.2456886E+01  0.2552581E+01  0.2633691E+01  0.2705988E+01  0.2766997E+01
  0.2822032E+01  0.2874088E+01  0.2921487E+01  0.2962425E+01  0.2998826E+01  0.3030844E+01  0.3057779E+01  0.3079432E+01  0.3099895E+01  0.3116951E+01
  0.3129563E+01  0.3142314E+01  0.3152844E+01  0.3159595E+01  0.3162559E+01  0.3163105E+01  0.3160946E+01  0.3152783E+01  0.3138456E+01  0.3118463E+01
  0.3094363E+01  0.3069701E+01  0.3042533E+01  0.3011661E+01  0.2977591E+01  0.2944001E+01  0.2906990E+01  0.2862943E+01  0.2812756E+01  0.2755167E+01
  0.2692242E+01  0.2624623E+01  0.2554450E+01  0.2478890E+01  0.2397477E+01  0.2311282E+01  0.2217674E+01  0.2112708E+01  0.1999182E+01  0.1875040E+01
  0.1744452E+01  0.1600705E+01  0.1452746E+01  0.1293313E+01  0.1136605E+01  0.9705384E+00  0.8076758E+00  0.6504982E+00  0.4959995E+00  0.3610675E+00
  0.2542578E+00  0.1913107E+00  0.1476041E+00  0.1221085E+00  0.1032112E+00  0.8097757E-01  0.5478279E-01  0.3223725E-01  0.2035255E-01  0.1459207E-01
  0.1263094E-01  0.1208102E-01  0.1144614E-01  0.1116022E-01  0.1098563E-01  0.1052290E-01  0.1035715E-01  0.9882740E-02  0.9479044E-02  0.9161279E-02
  0.8829892E-02  0.8596965E-02  0.8586219E-02  0.8457320E-02  0.8448004E-02  0.8150642E-02  0.7827433E-02  0.7607573E-02  0.7460545E-02  0.7373803E-02
  0.7365934E-02  0.7326157E-02  0.7163026E-02  0.7033362E-02  0.6929882E-02  0.6834578E-02  0.6900773E-02  0.6975134E-02  0.7088113E-02  0.7054511E-02
  0.6989711E-02  0.6728903E-02  0.6253338E-02  0.5925219E-02  0.5747952E-02  0.5617126E-02  0.5523109E-02  0.5396748E-02  0.5154274E-02  0.4934745E-02
  0.4758279E-02  0.4786365E-02  0.4830138E-02  0.4984759E-02  0.5126634E-02  0.5243772E-02  0.5403184E-02  0.5307580E-02  0.4928984E-02  0.4456653E-02
  0.3916798E-02  0.3375731E-02  0.3001811E-02  0.2660723E-02  0.2242301E-02  0.1884864E-02  0.1679266E-02  0.1662583E-02
  0.2634093E+03  0.2634902E+03  0.2635439E+03  0.2635858E+03  0.2636206E+03  0.2636506E+03  0.2636769E+03  0.2637008E+03  0.2637229E+03  0.2637438E+03
  0.2637637E+03  0.2637832E+03  0.2638026E+03  0.2638214E+03  0.2638402E+03  0.2638587E+03  0.2638766E+03  0.2638940E+03  0.2639116E+03  0.2639293E+03
  0.2639467E+03  0.2639646E+03  0.2639832E+03  0.2640018E+03  0.2640208E+03  0.2640394E+03  0.2640587E+03  0.2640783E+03  0.2640983E+03  0.2641183E+03
  0.2641382E+03  0.2641581E+03  0.2641786E+03  0.2642000E+03  0.2642219E+03  0.2642442E+03  0.2642672E+03  0.2642904E+03  0.2643150E+03  0.2643406E+03
  0.2643665E+03  0.2643945E+03  0.2644226E+03  0.2644527E+03  0.2644838E+03  0.2645154E+03  0.2645485E+03  0.2645818E+03  0.2646179E+03  0.2646562E+03
  0.2646971E+03  0.2647435E+03  0.2647913E+03  0.2648455E+03  0.2648992E+03  0.2649615E+03  0.2650299E+03  0.2651068E+03  0.2651930E+03  0.2652870E+03
  0.2653880E+03  0.2654853E+03  0.2655889E+03  0.2656995E+03  0.2658063E+03  0.2659161E+03  0.2660122E+03  0.2660871E+03  0.2661348E+03  0.2661687E+03
  0.2661999E+03  0.2662310E+03  0.2662632E+03  0.2662949E+03  0.2663265E+03  0.2663582E+03  0.2663898E+03  0.2664215E+03  0.2664529E+03  0.2664836E+03
  0.2665140E+03  0.2665444E+03  0.2665749E+03  0.2666061E+03  0.2666374E+03  0.2666693E+03  0.2667013E+03  0.2667328E+03  0.2667637E+03  0.2667944E+03
  0.2668259E+03  0.2668574E+03  0.2668899E+03  0.2669221E+03  0.2669536E+03  0.2669840E+03  0.2670147E+03  0.2670451E+03  0.2670762E+03  0.2671078E+03
  0.2671396E+03  0.2671725E+03  0.2672044E+03  0.2672357E+03  0.2672661E+03  0.2672970E+03  0.2673282E+03  0.2673600E+03  0.2673925E+03  0.2674239E+03
  0.2674546E+03  0.2674845E+03  0.2675145E+03  0.2675445E+03  0.2675749E+03  0.2676055E+03  0.2676371E+03  0.2676693E+03  0.2677003E+03  0.2677307E+03
  0.2677606E+03  0.2677910E+03  0.2678213E+03  0.2678546E+03  0.2678893E+03  0.2679207E+03  0.2679522E+03  0.2679835E+03
