 Cuxart-Jimenez, Meso-NH, 128x128x128, 9 hour, 128_A9                                                                              
 128
  0.1562500E+01  0.4687500E+01  0.7812500E+01  0.1093750E+02  0.1406250E+02  0.1718750E+02  0.2031250E+02  0.2343750E+02  0.2656250E+02  0.2968750E+02
  0.3281250E+02  0.3593750E+02  0.3906250E+02  0.4218750E+02  0.4531250E+02  0.4843750E+02  0.5156250E+02  0.5468750E+02  0.5781250E+02  0.6093750E+02
  0.6406250E+02  0.6718750E+02  0.7031250E+02  0.7343750E+02  0.7656250E+02  0.7968750E+02  0.8281250E+02  0.8593750E+02  0.8906250E+02  0.9218750E+02
  0.9531250E+02  0.9843750E+02  0.1015625E+03  0.1046875E+03  0.1078125E+03  0.1109375E+03  0.1140625E+03  0.1171875E+03  0.1203125E+03  0.1234375E+03
  0.1265625E+03  0.1296875E+03  0.1328125E+03  0.1359375E+03  0.1390625E+03  0.1421875E+03  0.1453125E+03  0.1484375E+03  0.1515625E+03  0.1546875E+03
  0.1578125E+03  0.1609375E+03  0.1640625E+03  0.1671875E+03  0.1703125E+03  0.1734375E+03  0.1765625E+03  0.1796875E+03  0.1828125E+03  0.1859375E+03
  0.1890625E+03  0.1921875E+03  0.1953125E+03  0.1984375E+03  0.2015625E+03  0.2046875E+03  0.2078125E+03  0.2109375E+03  0.2140625E+03  0.2171875E+03
  0.2203125E+03  0.2234375E+03  0.2265625E+03  0.2296875E+03  0.2328125E+03  0.2359375E+03  0.2390625E+03  0.2421875E+03  0.2453125E+03  0.2484375E+03
  0.2515625E+03  0.2546875E+03  0.2578125E+03  0.2609375E+03  0.2640625E+03  0.2671875E+03  0.2703125E+03  0.2734375E+03  0.2765625E+03  0.2796875E+03
  0.2828125E+03  0.2859375E+03  0.2890625E+03  0.2921875E+03  0.2953125E+03  0.2984375E+03  0.3015625E+03  0.3046875E+03  0.3078125E+03  0.3109375E+03
  0.3140625E+03  0.3171875E+03  0.3203125E+03  0.3234375E+03  0.3265625E+03  0.3296875E+03  0.3328125E+03  0.3359375E+03  0.3390625E+03  0.3421875E+03
  0.3453125E+03  0.3484375E+03  0.3515625E+03  0.3546875E+03  0.3578125E+03  0.3609375E+03  0.3640625E+03  0.3671875E+03  0.3703125E+03  0.3734375E+03
  0.3765625E+03  0.3796875E+03  0.3828125E+03  0.3859375E+03  0.3890625E+03  0.3921875E+03  0.3953125E+03  0.3984375E+03
  0.1520378E+01  0.2399210E+01  0.2833959E+01  0.3159146E+01  0.3414828E+01  0.3633171E+01  0.3828050E+01  0.4009204E+01  0.4179042E+01  0.4344136E+01
  0.4501653E+01  0.4648700E+01  0.4793297E+01  0.4936460E+01  0.5075803E+01  0.5214754E+01  0.5351263E+01  0.5487018E+01  0.5621290E+01  0.5755924E+01
  0.5883472E+01  0.6009530E+01  0.6133769E+01  0.6261297E+01  0.6387287E+01  0.6513716E+01  0.6635962E+01  0.6757657E+01  0.6880784E+01  0.7001785E+01
  0.7124555E+01  0.7245817E+01  0.7367797E+01  0.7487884E+01  0.7610611E+01  0.7733572E+01  0.7859015E+01  0.7984570E+01  0.8106194E+01  0.8224929E+01
  0.8337948E+01  0.8451868E+01  0.8559671E+01  0.8665009E+01  0.8764011E+01  0.8865900E+01  0.8962873E+01  0.9058908E+01  0.9144643E+01  0.9223963E+01
  0.9284002E+01  0.9333425E+01  0.9366436E+01  0.9389790E+01  0.9394715E+01  0.9379705E+01  0.9339535E+01  0.9261918E+01  0.9144640E+01  0.8985671E+01
  0.8810801E+01  0.8633572E+01  0.8466489E+01  0.8317812E+01  0.8189587E+01  0.8093298E+01  0.8029097E+01  0.7996267E+01  0.7985894E+01  0.7987121E+01
  0.7991463E+01  0.7993500E+01  0.7993430E+01  0.7992593E+01  0.7992004E+01  0.7991255E+01  0.7990695E+01  0.7990169E+01  0.7989797E+01  0.7989635E+01
  0.7989601E+01  0.7989542E+01  0.7989732E+01  0.7989887E+01  0.7990336E+01  0.7990758E+01  0.7991523E+01  0.7992245E+01  0.7993019E+01  0.7993604E+01
  0.7994087E+01  0.7994514E+01  0.7994901E+01  0.7995363E+01  0.7995867E+01  0.7996147E+01  0.7996314E+01  0.7996162E+01  0.7995926E+01  0.7995551E+01
  0.7995113E+01  0.7994653E+01  0.7994118E+01  0.7993678E+01  0.7993025E+01  0.7992272E+01  0.7991435E+01  0.7990653E+01  0.7990036E+01  0.7989706E+01
  0.7989491E+01  0.7989530E+01  0.7989592E+01  0.7989883E+01  0.7990230E+01  0.7990752E+01  0.7991455E+01  0.7992463E+01  0.7993637E+01  0.7994730E+01
  0.7995770E+01  0.7996812E+01  0.7997837E+01  0.7998988E+01  0.8000175E+01  0.8001190E+01  0.8001957E+01  0.8002439E+01
  0.1053484E+01  0.1652715E+01  0.1932078E+01  0.2126509E+01  0.2266644E+01  0.2379137E+01  0.2470616E+01  0.2547318E+01  0.2616687E+01  0.2677211E+01
  0.2733304E+01  0.2783853E+01  0.2833113E+01  0.2876644E+01  0.2915889E+01  0.2950413E+01  0.2978416E+01  0.3001658E+01  0.3018480E+01  0.3028139E+01
  0.3034699E+01  0.3042315E+01  0.3047004E+01  0.3049790E+01  0.3047269E+01  0.3044646E+01  0.3038702E+01  0.3032452E+01  0.3021936E+01  0.3002720E+01
  0.2978702E+01  0.2952389E+01  0.2921103E+01  0.2886678E+01  0.2846963E+01  0.2801929E+01  0.2753094E+01  0.2700067E+01  0.2641006E+01  0.2576764E+01
  0.2507438E+01  0.2429846E+01  0.2348324E+01  0.2260694E+01  0.2167302E+01  0.2065862E+01  0.1958357E+01  0.1835370E+01  0.1706631E+01  0.1570183E+01
  0.1427447E+01  0.1279306E+01  0.1121566E+01  0.9669220E+00  0.7988324E+00  0.6363056E+00  0.4639747E+00  0.2945786E+00  0.1439511E+00  0.2729446E-01
 -0.4418276E-01 -0.6487173E-01 -0.4305803E-01 -0.1585979E-02  0.3895473E-01  0.6343266E-01  0.6650989E-01  0.5528940E-01  0.3978820E-01  0.2830235E-01
  0.2176325E-01  0.1902798E-01  0.1800875E-01  0.1750243E-01  0.1733422E-01  0.1725718E-01  0.1672724E-01  0.1638569E-01  0.1590644E-01  0.1535222E-01
  0.1499988E-01  0.1460568E-01  0.1441412E-01  0.1406594E-01  0.1403691E-01  0.1345271E-01  0.1324339E-01  0.1275296E-01  0.1241274E-01  0.1219335E-01
  0.1200694E-01  0.1190283E-01  0.1156877E-01  0.1126989E-01  0.1102691E-01  0.1072292E-01  0.1069632E-01  0.1065990E-01  0.1080250E-01  0.1071163E-01
  0.1056639E-01  0.1040330E-01  0.1002526E-01  0.9793849E-02  0.9645826E-02  0.9645824E-02  0.9739863E-02  0.9773619E-02  0.9703907E-02  0.9546264E-02
  0.9405194E-02  0.9392337E-02  0.9380611E-02  0.9509068E-02  0.9613675E-02  0.9625582E-02  0.9585280E-02  0.9340704E-02  0.8769819E-02  0.8118607E-02
  0.7511419E-02  0.6775245E-02  0.6233240E-02  0.5617199E-02  0.4760852E-02  0.3978388E-02  0.3468462E-02  0.3252552E-02
  0.2631644E+03  0.2632465E+03  0.2633013E+03  0.2633440E+03  0.2633793E+03  0.2634097E+03  0.2634367E+03  0.2634616E+03  0.2634846E+03  0.2635070E+03
  0.2635288E+03  0.2635494E+03  0.2635696E+03  0.2635894E+03  0.2636089E+03  0.2636285E+03  0.2636477E+03  0.2636667E+03  0.2636856E+03  0.2637043E+03
  0.2637223E+03  0.2637408E+03  0.2637596E+03  0.2637790E+03  0.2637985E+03  0.2638179E+03  0.2638373E+03  0.2638571E+03  0.2638773E+03  0.2638984E+03
  0.2639203E+03  0.2639424E+03  0.2639659E+03  0.2639896E+03  0.2640143E+03  0.2640398E+03  0.2640666E+03  0.2640942E+03  0.2641218E+03  0.2641502E+03
  0.2641793E+03  0.2642095E+03  0.2642393E+03  0.2642699E+03  0.2643008E+03  0.2643342E+03  0.2643683E+03  0.2644056E+03  0.2644451E+03  0.2644879E+03
  0.2645314E+03  0.2645793E+03  0.2646295E+03  0.2646812E+03  0.2647406E+03  0.2648046E+03  0.2648805E+03  0.2649691E+03  0.2650721E+03  0.2651872E+03
  0.2653019E+03  0.2654271E+03  0.2655529E+03  0.2656699E+03  0.2657800E+03  0.2658870E+03  0.2659861E+03  0.2660683E+03  0.2661294E+03  0.2661705E+03
  0.2662020E+03  0.2662317E+03  0.2662629E+03  0.2662946E+03  0.2663265E+03  0.2663582E+03  0.2663898E+03  0.2664212E+03  0.2664526E+03  0.2664835E+03
  0.2665142E+03  0.2665446E+03  0.2665751E+03  0.2666063E+03  0.2666373E+03  0.2666691E+03  0.2667006E+03  0.2667322E+03  0.2667636E+03  0.2667945E+03
  0.2668260E+03  0.2668575E+03  0.2668896E+03  0.2669216E+03  0.2669532E+03  0.2669839E+03  0.2670147E+03  0.2670454E+03  0.2670766E+03  0.2671083E+03
  0.2671400E+03  0.2671725E+03  0.2672043E+03  0.2672357E+03  0.2672666E+03  0.2672976E+03  0.2673289E+03  0.2673604E+03  0.2673922E+03  0.2674233E+03
  0.2674540E+03  0.2674840E+03  0.2675139E+03  0.2675437E+03  0.2675739E+03  0.2676045E+03  0.2676357E+03  0.2676674E+03  0.2676983E+03  0.2677289E+03
  0.2677589E+03  0.2677894E+03  0.2678199E+03  0.2678531E+03  0.2678878E+03  0.2679197E+03  0.2679515E+03  0.2679832E+03
