# z, T
0.000000000000000000e+00 2.917915014329742007e+02
1.041666700000000034e+01 2.917590860915744315e+02
2.083333299999999966e+01 2.917365247663523746e+02
3.125000000000000000e+01 2.917219951264195856e+02
4.166666699999999679e+01 2.917122227849422416e+02
5.208333300000000321e+01 2.917051949644934439e+02
6.250000000000000000e+01 2.916998531995253643e+02
7.291666700000000390e+01 2.916956425468486032e+02
8.333333299999999610e+01 2.916922167825524070e+02
9.375000000000000000e+01 2.916893382469847325e+02
1.041666670000000039e+02 2.916868904266700611e+02
1.145833329999999961e+02 2.916847982178119878e+02
1.250000000000000000e+02 2.916829885205768846e+02
1.354166669999999897e+02 2.916814163582073434e+02
1.458333330000000103e+02 2.916800346325312034e+02
1.562500000000000000e+02 2.916788186065932678e+02
1.666666669999999897e+02 2.916777498588367621e+02
1.770833330000000103e+02 2.916768144924697594e+02
1.875000000000000000e+02 2.916759912141965856e+02
1.979166669999999897e+02 2.916752699394702972e+02
2.083333330000000103e+02 2.916746264826343804e+02
2.187500000000000000e+02 2.916740525872539251e+02
2.291666669999999897e+02 2.916735541761680111e+02
2.395833330000000103e+02 2.916731212374617712e+02
2.500000000000000000e+02 2.916727442871711560e+02
2.604166670000000181e+02 2.916724182625981143e+02
2.708333329999999819e+02 2.916721443556622830e+02
2.812500000000000000e+02 2.916719235356652575e+02
2.916666670000000181e+02 2.916717504810071659e+02
3.020833329999999819e+02 2.916716115378263794e+02
3.125000000000000000e+02 2.916715018758306996e+02
3.229166670000000181e+02 2.916714250069978789e+02
3.333333329999999819e+02 2.916713806359650221e+02
3.437500000000000000e+02 2.916713606330329185e+02
3.541666670000000181e+02 2.916713552848306676e+02
3.645833329999999819e+02 2.916713739220302841e+02
3.750000000000000000e+02 2.916714307072054453e+02
3.854166670000000181e+02 2.916715213332190615e+02
3.958333329999999819e+02 2.916716334891387987e+02
4.062500000000000000e+02 2.916717686740751105e+02
4.166666670000000181e+02 2.916719479438827420e+02
4.270833329999999819e+02 2.916721680937631618e+02
4.375000000000000000e+02 2.916724158222704091e+02
4.479166670000000181e+02 2.916726934989955566e+02
4.583333329999999819e+02 2.916730133222027348e+02
4.687500000000000000e+02 2.916733663922371989e+02
4.791666670000000181e+02 2.916737566787521700e+02
4.895833329999999819e+02 2.916741943594918780e+02
5.000000000000000000e+02 2.916746938032222261e+02
5.104166670000000181e+02 2.916752527522230025e+02
5.208333330000000387e+02 2.916758669029052840e+02
5.312500000000000000e+02 2.916765395553960047e+02
5.416666669999999613e+02 2.916772722102944044e+02
5.520833330000000387e+02 2.916780707963919781e+02
5.625000000000000000e+02 2.916789490119661536e+02
5.729166669999999613e+02 2.916799233197267540e+02
5.833333330000000387e+02 2.916810159555433870e+02
5.937500000000000000e+02 2.916822651744171253e+02
6.041666669999999613e+02 2.916837054261318940e+02
6.145833330000000387e+02 2.916853915888035544e+02
6.250000000000000000e+02 2.916873581997019755e+02
6.354166669999999613e+02 2.916896731118267212e+02
6.458333330000000387e+02 2.916924197049599456e+02
6.562500000000000000e+02 2.916957084901862913e+02
6.666666669999999613e+02 2.916997041104069126e+02
6.770833330000000387e+02 2.917046253080842462e+02
6.875000000000000000e+02 2.917106897035490647e+02
6.979166669999999613e+02 2.917182168735723735e+02
7.083333330000000387e+02 2.917275798841274081e+02
7.187500000000000000e+02 2.917393414488257690e+02
7.291666669999999613e+02 2.917541778509643677e+02
7.395833330000000387e+02 2.917728368282167821e+02
7.500000000000000000e+02 2.917966933246969461e+02
7.604166669999999613e+02 2.918272956232817137e+02
7.708333330000000387e+02 2.918662633917898006e+02
7.812500000000000000e+02 2.919152075278224174e+02
7.916666669999999613e+02 2.919754569720626023e+02
8.020833330000000387e+02 2.920474552986860317e+02
8.125000000000000000e+02 2.921300712240494590e+02
8.229166669999999613e+02 2.922202387529931684e+02
8.333333330000000387e+02 2.923128470911211707e+02
8.437500000000000000e+02 2.924019158492615134e+02
8.541666669999999613e+02 2.924822126348344113e+02
8.645833330000000387e+02 2.925505563995533294e+02
8.750000000000000000e+02 2.926064599855521351e+02
8.854166669999999613e+02 2.926516471287923196e+02
8.958333330000000387e+02 2.926890143289174944e+02
9.062500000000000000e+02 2.927215639744197802e+02
9.166666669999999613e+02 2.927517434407159271e+02
9.270833330000000387e+02 2.927812223473551967e+02
9.375000000000000000e+02 2.928109413908644569e+02
9.479166669999999613e+02 2.928412759959431355e+02
9.583333330000000387e+02 2.928722342671405841e+02
9.687500000000000000e+02 2.929036432906671052e+02
9.791666669999999613e+02 2.929352883017201634e+02
9.895833330000000387e+02 2.929669925077092785e+02
1.000000000000000000e+03 2.929986457948234033e+02
1.010416666999999961e+03 2.930302014776615920e+02
1.020833333000000039e+03 2.930616579259585137e+02
1.031250000000000000e+03 2.930930384339746411e+02
1.041666666999999961e+03 2.931243759177773995e+02
1.052083333000000039e+03 2.931557017765064188e+02
1.062500000000000000e+03 2.931870383586098114e+02
1.072916666999999961e+03 2.932183954692483212e+02
1.083333333000000039e+03 2.932497713471549901e+02
1.093750000000000000e+03 2.932811572319860716e+02
1.104166666999999961e+03 2.933125419974775241e+02
1.114583333000000039e+03 2.933439121397944405e+02
1.125000000000000000e+03 2.933752514888871588e+02
1.135416666999999961e+03 2.934065472210917846e+02
1.145833333000000039e+03 2.934377993928276851e+02
1.156250000000000000e+03 2.934690227084892058e+02
1.166666666999999961e+03 2.935002396619950105e+02
1.177083333000000039e+03 2.935314710358582602e+02
1.187500000000000000e+03 2.935627296576131471e+02
1.197916666999999961e+03 2.935940194932077816e+02
1.208333333000000039e+03 2.936253377978611070e+02
1.218750000000000000e+03 2.936566785404867233e+02
1.229166666999999961e+03 2.936880348559989216e+02
1.239583333000000039e+03 2.937193993226316024e+02
1.250000000000000000e+03 2.937507627499726937e+02
1.260416666999999961e+03 2.937821135466970759e+02
1.270833333000000039e+03 2.938134388829989803e+02
1.281250000000000000e+03 2.938447275978600146e+02
1.291666666999999961e+03 2.938759735065868881e+02
1.302083333000000039e+03 2.939071769738491753e+02
1.312500000000000000e+03 2.939383446830181015e+02
1.322916666999999961e+03 2.939694876639489394e+02
1.333333333000000039e+03 2.940006181727917465e+02
1.343750000000000000e+03 2.940317473934028953e+02
1.354166666999999961e+03 2.940628843558244512e+02
1.364583333000000039e+03 2.940940368102030789e+02
1.375000000000000000e+03 2.941252126104889726e+02
1.385416666999999961e+03 2.941564195537595197e+02
1.395833333000000039e+03 2.941876635421064634e+02
1.406250000000000000e+03 2.942189447856972606e+02
1.416666666999999961e+03 2.942502546929358687e+02
1.427083333000000039e+03 2.942815758773423909e+02
1.437500000000000000e+03 2.943128862373802690e+02
1.447916666999999961e+03 2.943441653944628911e+02
1.458333333000000039e+03 2.943754008387339240e+02
1.468750000000000000e+03 2.944065907615357105e+02
1.479166666999999961e+03 2.944377421661886274e+02
1.489583333000000039e+03 2.944688670766524297e+02
1.500000000000000000e+03 2.944999790506429918e+02
1.510416666999999961e+03 2.945310907698305414e+02
1.520833333000000039e+03 2.945622130836069914e+02
1.531250000000000000e+03 2.945933560207282653e+02
1.541666666999999961e+03 2.946245293753094643e+02
1.552083333000000039e+03 2.946557419231362474e+02
1.562500000000000000e+03 2.946869986064891123e+02
1.572916666999999961e+03 2.947183000810028943e+02
1.583333333000000039e+03 2.947496424386505396e+02
1.593750000000000000e+03 2.947810165540785192e+02
1.604166666999999961e+03 2.948124047667453169e+02
1.614583333000000039e+03 2.948437827930767980e+02
1.625000000000000000e+03 2.948751248320264722e+02
1.635416666999999961e+03 2.949064127933181680e+02
1.645833333000000039e+03 2.949376390127706600e+02
1.656250000000000000e+03 2.949688077899826339e+02
1.666666666999999961e+03 2.949999310858016202e+02
1.677083333000000039e+03 2.950310265143115203e+02
1.687500000000000000e+03 2.950621118249735559e+02
1.697916666999999961e+03 2.950932019431740514e+02
1.708333333000000039e+03 2.951243046390445670e+02
1.718750000000000000e+03 2.951554216199673419e+02
1.729166666999999961e+03 2.951865503962561093e+02
1.739583333000000039e+03 2.952176902606244084e+02
1.750000000000000000e+03 2.952488454658641785e+02
1.760416666999999961e+03 2.952800248090343871e+02
1.770833333000000039e+03 2.953112366242155531e+02
1.781250000000000000e+03 2.953424850334433245e+02
1.791666666999999961e+03 2.953737696099952359e+02
1.802083333000000039e+03 2.954050850133296535e+02
1.812500000000000000e+03 2.954364194180155891e+02
1.822916666999999961e+03 2.954677514967962111e+02
1.833333333000000039e+03 2.954990525433973971e+02
1.843750000000000000e+03 2.955302888529399183e+02
1.854166666999999961e+03 2.955614257610789650e+02
1.864583333000000039e+03 2.955924329120909988e+02
1.875000000000000000e+03 2.956232970262326489e+02
1.885416666999999961e+03 2.956540218238309876e+02
1.895833333000000039e+03 2.956846367445848500e+02
1.906250000000000000e+03 2.957151812276287046e+02
1.916666666999999961e+03 2.957457163835449023e+02
1.927083333000000039e+03 2.957762952491433452e+02
1.937500000000000000e+03 2.958069888481821863e+02
1.947916666999999961e+03 2.958378444093089570e+02
1.958333333000000039e+03 2.958689470412520564e+02
1.968750000000000000e+03 2.959003532536960961e+02
1.979166666999999961e+03 2.959322359315120252e+02
1.989583333000000039e+03 2.959651436958238264e+02
2.000000000000000000e+03 2.959986852904638113e+02
