 8.30 UTC C _6.25m_Marat
          64
  0.0000000E+00   6.2500000E+00   1.2500000E+01   1.8750000E+01   2.5000000E+01   3.1250000E+01   3.7500000E+01   4.3750000E+01   5.0000000E+01   5.6250000E+01
  6.2500000E+01   6.8750000E+01   7.5000000E+01   8.1250000E+01   8.7500000E+01   9.3750000E+01   1.0000000E+02   1.0625000E+02   1.1250000E+02   1.1875000E+02
  1.2500000E+02   1.3125000E+02   1.3750000E+02   1.4375000E+02   1.5000000E+02   1.5625000E+02   1.6250000E+02   1.6875000E+02   1.7500000E+02   1.8125000E+02
  1.8750000E+02   1.9375000E+02   2.0000000E+02   2.0625000E+02   2.1250000E+02   2.1875000E+02   2.2500000E+02   2.3125000E+02   2.3750000E+02   2.4375000E+02
  2.5000000E+02   2.5625000E+02   2.6250000E+02   2.6875000E+02   2.7500000E+02   2.8125000E+02   2.8750000E+02   2.9375000E+02   3.0000000E+02   3.0625000E+02
  3.1250000E+02   3.1875000E+02   3.2500000E+02   3.3125000E+02   3.3750000E+02   3.4375000E+02   3.5000000E+02   3.5625000E+02   3.6250000E+02   3.6875000E+02
  3.7500000E+02   3.8125000E+02   3.8750000E+02   3.9375000E+02
  0.0000000E+00  -4.3186660E-02  -5.1433320E-02  -5.1261620E-02  -5.2279880E-02  -5.1868570E-02  -5.1282160E-02  -4.9940990E-02  -4.7913600E-02  -4.5925470E-02
 -4.3897930E-02  -4.1521290E-02  -3.9311150E-02  -3.7111130E-02  -3.4692140E-02  -3.2609840E-02  -3.0382690E-02  -2.7922090E-02  -2.5699130E-02  -2.3265510E-02
 -2.0811170E-02  -1.8501070E-02  -1.6408780E-02  -1.4111100E-02  -1.2160850E-02  -1.0298480E-02  -8.5813860E-03  -6.8026720E-03  -5.3311240E-03  -4.0646330E-03
 -2.9173290E-03  -2.0981710E-03  -1.4413650E-03  -9.7553940E-04  -6.4233020E-04  -4.9045080E-04  -4.1907370E-04  -3.9608730E-04  -3.9537060E-04  -3.8918050E-04
 -4.0064780E-04  -4.4105090E-04  -4.6457920E-04  -4.6443420E-04  -4.3422190E-04  -3.9269510E-04  -3.6550150E-04  -3.5990710E-04  -3.5322970E-04  -3.3341360E-04
 -3.0808100E-04  -2.8340890E-04  -2.5822190E-04  -2.3225140E-04  -2.0388660E-04  -1.7338440E-04  -1.4255050E-04  -1.1229270E-04  -8.3809750E-05  -5.7980920E-05
 -3.5943340E-05  -1.8930930E-05  -7.8013420E-06  -1.8530210E-06
 -6.7719310E-02  -2.3856870E-02  -1.4427120E-02  -1.3250900E-02  -1.0679420E-02  -9.1364260E-03  -7.6216740E-03  -6.6477970E-03  -6.2756800E-03  -5.8245900E-03
 -5.3463730E-03  -5.1152450E-03  -4.8666210E-03  -4.4941970E-03  -4.1837190E-03  -3.7417110E-03  -3.4856560E-03  -3.4975700E-03  -3.1689120E-03  -3.0359690E-03
 -2.9406240E-03  -2.7159220E-03  -2.3309050E-03  -2.1773330E-03  -1.8438690E-03  -1.5587710E-03  -1.2483430E-03  -1.0695010E-03  -7.6044660E-04  -4.6176750E-04
 -3.0749230E-04  -1.1930310E-04  -3.4284570E-05   2.0682310E-05   4.5137640E-05   5.0021450E-05   4.7197960E-05   4.0477250E-05   2.9000260E-05   2.0439370E-05
  1.5180810E-05   8.6756840E-06   3.5971090E-06   6.3974900E-07  -3.6620420E-07  -3.3772140E-07  -1.0818060E-07  -7.2885260E-09   9.6441390E-10  -5.8252170E-10
 -3.4018940E-10   1.6047420E-11   5.2302650E-11   6.7881670E-11   7.5402150E-11   5.2725810E-11   1.5448050E-11   4.8842250E-12   4.5570440E-12  -9.2639430E-12
 -2.2098010E-11  -9.8567060E-12   1.1430840E-11   1.4415220E-11
  0.0000000E+00  -2.4497640E-02  -2.8040500E-02  -2.4909790E-02  -2.3106030E-02  -2.0996480E-02  -1.8421190E-02  -1.5598380E-02  -1.3271790E-02  -1.1337430E-02
 -9.0980940E-03  -6.9353390E-03  -4.7598720E-03  -2.6032130E-03  -1.0813670E-03   5.5768200E-04   2.0633390E-03   3.2449410E-03   4.0067420E-03   4.6651500E-03
  5.3462170E-03   5.7450520E-03   6.0731190E-03   6.2993440E-03   6.4274480E-03   6.3344400E-03   6.0224340E-03   5.5792550E-03   5.1344880E-03   4.7014000E-03
  4.1022380E-03   3.5691290E-03   2.9218140E-03   2.3346400E-03   1.6958830E-03   1.1402200E-03   7.0494900E-04   3.9664480E-04   2.3330770E-04   1.4514960E-04
  1.1112200E-04   9.7975290E-05   8.4786900E-05   8.4456640E-05   8.3088480E-05   8.0911440E-05   7.9259160E-05   7.7795730E-05   7.5651300E-05   7.1099810E-05
  6.6619660E-05   6.2138260E-05   5.7043350E-05   5.1857810E-05   4.6141110E-05   3.9686180E-05   3.2904080E-05   2.5944750E-05   1.9353780E-05   1.3524520E-05
  8.6200010E-06   4.7378300E-06   2.0991770E-06   6.1784240E-07
 -4.6200320E-02  -1.6465020E-02  -8.3754160E-03  -7.1088140E-03  -5.0984880E-03  -3.6479810E-03  -2.6961680E-03  -2.2864310E-03  -1.7593330E-03  -1.0681770E-03
 -7.9529310E-04  -6.2916570E-04  -4.9392170E-04  -3.9691020E-04  -5.2730670E-05   4.3506960E-06   1.3550710E-04   3.5514240E-04   7.0950490E-04   9.5028940E-04
  1.0272700E-03   1.1898640E-03   1.2634260E-03   1.3020880E-03   1.2917000E-03   1.3077530E-03   1.2852060E-03   1.2147100E-03   1.0609280E-03   7.8824180E-04
  6.7908290E-04   4.2085180E-04   3.0767500E-04   1.7109580E-04   1.0938330E-04   4.8137450E-05   2.0317570E-05   9.8318640E-06   2.1219070E-06  -3.5262330E-07
 -9.6186190E-07  -3.2600470E-07  -3.6332700E-07   2.9508650E-08   2.6061840E-07   8.7258150E-08  -4.9400040E-11  -5.1278870E-09  -1.3313140E-09   1.6129730E-10
 -2.6595590E-10  -2.2781350E-10  -2.0917010E-10  -2.0166650E-10  -1.5945240E-10  -1.0143830E-10  -3.1883920E-11   9.9642030E-12   3.0695250E-11   6.3989870E-11
  1.1499640E-10   1.4167040E-10   1.1371980E-10   7.7528120E-11
  0.0000000E+00  -5.8514400E-03  -7.0202360E-03  -7.2919250E-03  -7.6272730E-03  -7.7807640E-03  -7.8486590E-03  -7.7677700E-03  -7.6033200E-03  -7.4043370E-03
 -7.1312270E-03  -6.8809140E-03  -6.6465060E-03  -6.3518380E-03  -6.0376400E-03  -5.7998100E-03  -5.5314330E-03  -5.2123660E-03  -4.9186850E-03  -4.6303700E-03
 -4.3571800E-03  -4.0354900E-03  -3.7308010E-03  -3.4675850E-03  -3.2527640E-03  -2.9540240E-03  -2.7024360E-03  -2.4012410E-03  -2.1220830E-03  -1.8882990E-03
 -1.6419270E-03  -1.4445810E-03  -1.1914160E-03  -9.5782560E-04  -7.1057800E-04  -4.8951860E-04  -3.3477140E-04  -2.2947660E-04  -1.6012170E-04  -1.2016990E-04
 -8.3951040E-05  -4.8528000E-05  -1.9654840E-05   3.1173410E-07   2.2512560E-06  -1.4235440E-06  -4.5165270E-06  -5.9476670E-06  -6.8825080E-06  -1.0122670E-05
 -1.5808940E-05  -2.1378770E-05  -2.4812230E-05  -2.7471810E-05  -2.9131520E-05  -2.9416930E-05  -2.8174610E-05  -2.5924290E-05  -2.2713460E-05  -1.8810600E-05
 -1.3552420E-05  -6.6448060E-06  -1.8200160E-06  -1.0346380E-06
 -1.2931510E-02  -6.7543500E-03  -5.2249800E-03  -4.6128260E-03  -3.9419340E-03  -3.4107620E-03  -2.9922940E-03  -2.7051830E-03  -2.5039040E-03  -2.3358440E-03
 -2.2198360E-03  -2.1397260E-03  -2.0251390E-03  -1.9486620E-03  -1.8844270E-03  -1.7570340E-03  -1.6803540E-03  -1.6412800E-03  -1.5784080E-03  -1.5149630E-03
 -1.4408450E-03  -1.3989470E-03  -1.3436150E-03  -1.2501370E-03  -1.1100520E-03  -1.0415150E-03  -8.9740880E-04  -8.0872750E-04  -6.9790010E-04  -5.2634070E-04
 -4.1130560E-04  -2.6771670E-04  -2.0990280E-04  -1.4353000E-04  -1.0522130E-04  -7.5306420E-05  -5.6907320E-05  -4.0800210E-05  -2.8008260E-05  -1.9450020E-05
 -1.4733740E-05  -9.8853340E-06  -5.9290150E-06  -3.4844210E-06  -1.8961660E-06  -1.0076450E-06  -5.3062290E-07  -2.7195600E-07  -1.3498380E-07  -6.6544440E-08
 -3.3299920E-08  -1.8681790E-08  -1.2545980E-08  -9.8759120E-09  -8.0578450E-09  -6.9064270E-09  -5.6902760E-09  -5.0152340E-09  -4.1366990E-09  -3.8921570E-09
 -3.0492210E-09  -2.8998830E-09  -1.0269130E-09  -7.6096650E-10
 -9.9999990E+06  -9.9999990E+06  -9.9999990E+06  -9.9999990E+06  -9.9999990E+06  -9.9999990E+06  -9.9999990E+06  -9.9999990E+06  -9.9999990E+06  -9.9999990E+06
 -9.9999990E+06  -9.9999990E+06  -9.9999990E+06  -9.9999990E+06  -9.9999990E+06  -9.9999990E+06  -9.9999990E+06  -9.9999990E+06  -9.9999990E+06  -9.9999990E+06
 -9.9999990E+06  -9.9999990E+06  -9.9999990E+06  -9.9999990E+06  -9.9999990E+06  -9.9999990E+06  -9.9999990E+06  -9.9999990E+06  -9.9999990E+06  -9.9999990E+06
 -9.9999990E+06  -9.9999990E+06  -9.9999990E+06  -9.9999990E+06  -9.9999990E+06  -9.9999990E+06  -9.9999990E+06  -9.9999990E+06  -9.9999990E+06  -9.9999990E+06
 -9.9999990E+06  -9.9999990E+06  -9.9999990E+06  -9.9999990E+06  -9.9999990E+06  -9.9999990E+06  -9.9999990E+06  -9.9999990E+06  -9.9999990E+06  -9.9999990E+06
 -9.9999990E+06  -9.9999990E+06  -9.9999990E+06  -9.9999990E+06  -9.9999990E+06  -9.9999990E+06  -9.9999990E+06  -9.9999990E+06  -9.9999990E+06  -9.9999990E+06
 -9.9999990E+06  -9.9999990E+06  -9.9999990E+06  -9.9999990E+06
 -9.9999990E+06  -9.9999990E+06  -9.9999990E+06  -9.9999990E+06  -9.9999990E+06  -9.9999990E+06  -9.9999990E+06  -9.9999990E+06  -9.9999990E+06  -9.9999990E+06
 -9.9999990E+06  -9.9999990E+06  -9.9999990E+06  -9.9999990E+06  -9.9999990E+06  -9.9999990E+06  -9.9999990E+06  -9.9999990E+06  -9.9999990E+06  -9.9999990E+06
 -9.9999990E+06  -9.9999990E+06  -9.9999990E+06  -9.9999990E+06  -9.9999990E+06  -9.9999990E+06  -9.9999990E+06  -9.9999990E+06  -9.9999990E+06  -9.9999990E+06
 -9.9999990E+06  -9.9999990E+06  -9.9999990E+06  -9.9999990E+06  -9.9999990E+06  -9.9999990E+06  -9.9999990E+06  -9.9999990E+06  -9.9999990E+06  -9.9999990E+06
 -9.9999990E+06  -9.9999990E+06  -9.9999990E+06  -9.9999990E+06  -9.9999990E+06  -9.9999990E+06  -9.9999990E+06  -9.9999990E+06  -9.9999990E+06  -9.9999990E+06
 -9.9999990E+06  -9.9999990E+06  -9.9999990E+06  -9.9999990E+06  -9.9999990E+06  -9.9999990E+06  -9.9999990E+06  -9.9999990E+06  -9.9999990E+06  -9.9999990E+06
 -9.9999990E+06  -9.9999990E+06  -9.9999990E+06  -9.9999990E+06
 -9.9999990E+06  -9.9999990E+06  -9.9999990E+06  -9.9999990E+06  -9.9999990E+06  -9.9999990E+06  -9.9999990E+06  -9.9999990E+06  -9.9999990E+06  -9.9999990E+06
 -9.9999990E+06  -9.9999990E+06  -9.9999990E+06  -9.9999990E+06  -9.9999990E+06  -9.9999990E+06  -9.9999990E+06  -9.9999990E+06  -9.9999990E+06  -9.9999990E+06
 -9.9999990E+06  -9.9999990E+06  -9.9999990E+06  -9.9999990E+06  -9.9999990E+06  -9.9999990E+06  -9.9999990E+06  -9.9999990E+06  -9.9999990E+06  -9.9999990E+06
 -9.9999990E+06  -9.9999990E+06  -9.9999990E+06  -9.9999990E+06  -9.9999990E+06  -9.9999990E+06  -9.9999990E+06  -9.9999990E+06  -9.9999990E+06  -9.9999990E+06
 -9.9999990E+06  -9.9999990E+06  -9.9999990E+06  -9.9999990E+06  -9.9999990E+06  -9.9999990E+06  -9.9999990E+06  -9.9999990E+06  -9.9999990E+06  -9.9999990E+06
 -9.9999990E+06  -9.9999990E+06  -9.9999990E+06  -9.9999990E+06  -9.9999990E+06  -9.9999990E+06  -9.9999990E+06  -9.9999990E+06  -9.9999990E+06  -9.9999990E+06
 -9.9999990E+06  -9.9999990E+06  -9.9999990E+06  -9.9999990E+06
 -9.9999990E+06  -9.9999990E+06  -9.9999990E+06  -9.9999990E+06  -9.9999990E+06  -9.9999990E+06  -9.9999990E+06  -9.9999990E+06  -9.9999990E+06  -9.9999990E+06
 -9.9999990E+06  -9.9999990E+06  -9.9999990E+06  -9.9999990E+06  -9.9999990E+06  -9.9999990E+06  -9.9999990E+06  -9.9999990E+06  -9.9999990E+06  -9.9999990E+06
 -9.9999990E+06  -9.9999990E+06  -9.9999990E+06  -9.9999990E+06  -9.9999990E+06  -9.9999990E+06  -9.9999990E+06  -9.9999990E+06  -9.9999990E+06  -9.9999990E+06
 -9.9999990E+06  -9.9999990E+06  -9.9999990E+06  -9.9999990E+06  -9.9999990E+06  -9.9999990E+06  -9.9999990E+06  -9.9999990E+06  -9.9999990E+06  -9.9999990E+06
 -9.9999990E+06  -9.9999990E+06  -9.9999990E+06  -9.9999990E+06  -9.9999990E+06  -9.9999990E+06  -9.9999990E+06  -9.9999990E+06  -9.9999990E+06  -9.9999990E+06
 -9.9999990E+06  -9.9999990E+06  -9.9999990E+06  -9.9999990E+06  -9.9999990E+06  -9.9999990E+06  -9.9999990E+06  -9.9999990E+06  -9.9999990E+06  -9.9999990E+06
 -9.9999990E+06  -9.9999990E+06  -9.9999990E+06  -9.9999990E+06
