 7.30 UTC D _6.25m_Marat
          64
  3.1250000E+00   9.3750000E+00   1.5625000E+01   2.1875000E+01   2.8125000E+01   3.4375000E+01   4.0625000E+01   4.6875000E+01   5.3125000E+01   5.9375000E+01
  6.5625000E+01   7.1875000E+01   7.8125000E+01   8.4375000E+01   9.0625000E+01   9.6875000E+01   1.0312500E+02   1.0937500E+02   1.1562500E+02   1.2187500E+02
  1.2812500E+02   1.3437500E+02   1.4062500E+02   1.4687500E+02   1.5312500E+02   1.5937500E+02   1.6562500E+02   1.7187500E+02   1.7812500E+02   1.8437500E+02
  1.9062500E+02   1.9687500E+02   2.0312500E+02   2.0937500E+02   2.1562500E+02   2.2187500E+02   2.2812500E+02   2.3437500E+02   2.4062500E+02   2.4687500E+02
  2.5312500E+02   2.5937500E+02   2.6562500E+02   2.7187500E+02   2.7812500E+02   2.8437500E+02   2.9062500E+02   2.9687500E+02   3.0312500E+02   3.0937500E+02
  3.1562500E+02   3.2187500E+02   3.2812500E+02   3.3437500E+02   3.4062500E+02   3.4687500E+02   3.5312500E+02   3.5937500E+02   3.6562500E+02   3.7187500E+02
  3.7812500E+02   3.8437500E+02   3.9062500E+02   3.9687500E+02
  4.4040730E-03   6.8032820E-03   4.5369780E-03   3.8584000E-03   3.2109340E-03   2.7713480E-03   2.3976130E-03   2.1243550E-03   1.9099800E-03   1.7314090E-03
  1.5795230E-03   1.4471600E-03   1.3485500E-03   1.2599110E-03   1.1704080E-03   1.0632570E-03   9.6482220E-04   8.8667430E-04   8.1409720E-04   7.5606810E-04
  6.9231280E-04   6.2961210E-04   5.8261750E-04   5.3362830E-04   4.7542400E-04   4.1453330E-04   3.5315360E-04   3.0372390E-04   2.5765040E-04   2.1445280E-04
  1.7513520E-04   1.3398000E-04   9.7559390E-05   6.4478040E-05   3.8157450E-05   1.7698580E-05   7.4159880E-06   2.5754220E-06  -4.8942170E-07  -2.4560140E-06
 -3.6904720E-06  -2.5882860E-06  -3.9245730E-07   6.6756140E-07   4.0338470E-07   2.0243390E-08  -5.3680300E-08   2.0705940E-08   5.9343420E-08   5.4412760E-08
  4.8963160E-08   4.3280670E-08   2.9583670E-08   1.6115000E-08   7.6701520E-09   3.8206430E-09  -9.1753070E-10  -7.7800770E-09  -1.0141090E-08  -6.7994200E-09
 -2.8880050E-09  -1.0948510E-09  -3.1954910E-10  -9.7556410E-12
  1.3427280E-03  -4.5334280E-05   9.6242620E-05  -5.3856550E-05  -9.3284010E-06  -8.8611040E-06   4.1644530E-06   1.6776070E-07   1.7637350E-05   1.7128350E-06
 -7.8925400E-06   1.0090650E-05   1.2628900E-05   6.3173850E-06  -5.1266470E-06   1.1526630E-07   8.4466220E-06   8.1225820E-06   1.0114460E-05   5.2866550E-06
  6.4751180E-06   6.8272520E-06   1.2459910E-05   1.1800890E-05   8.4540620E-06   1.1968440E-05   1.4755620E-05   9.1315700E-06   1.0609870E-05   1.0235340E-05
  7.6583910E-06   4.1643880E-06   4.5263750E-06   3.7190180E-06   4.1392830E-06   3.9468640E-06   3.2757180E-06   2.6692570E-06   2.1971150E-06   1.5611740E-06
  9.5096810E-07   4.8472490E-07   2.5840220E-07   1.2478570E-07   6.6272360E-08   4.1390510E-08   2.9650020E-08   2.3059750E-08   1.8681140E-08   1.5697830E-08
  1.3149400E-08   1.0941370E-08   8.9498650E-09   7.1026800E-09   5.4258980E-09   3.9256490E-09   2.7900450E-09   1.9572050E-09   1.4481620E-09   1.1209650E-09
  9.3905440E-10   8.0200860E-10   7.0266730E-10   6.3952330E-10
 -9.5255800E-05  -2.1845830E-04  -2.5094060E-04  -2.6109120E-04  -2.6921280E-04  -2.7166690E-04  -2.7079230E-04  -2.6721180E-04  -2.6191560E-04  -2.5669620E-04
 -2.4997050E-04  -2.4171520E-04  -2.3274560E-04  -2.2300830E-04  -2.1291240E-04  -2.0317900E-04  -1.9408090E-04  -1.8413810E-04  -1.7361100E-04  -1.6411580E-04
 -1.5475100E-04  -1.4398320E-04  -1.3235880E-04  -1.2147810E-04  -1.1190590E-04  -1.0371320E-04  -9.6362310E-05  -8.8111530E-05  -7.9597880E-05  -7.0760320E-05
 -6.0667140E-05  -5.0024030E-05  -3.9435650E-05  -2.9622810E-05  -2.1446110E-05  -1.5504360E-05  -1.1155170E-05  -8.0813380E-06  -5.6083650E-06  -3.1194380E-06
 -1.2019350E-06  -2.4071130E-07   6.9341910E-08   1.0974380E-07   5.3575450E-08   1.3844200E-08   4.4315910E-08   7.5785660E-08   4.3745210E-08  -7.7200940E-08
 -2.4958600E-07  -4.0726040E-07  -5.5345520E-07  -6.9837060E-07  -8.1368400E-07  -8.7257210E-07  -8.6444560E-07  -8.0942900E-07  -7.1052900E-07  -5.5982800E-07
 -3.5793950E-07  -1.5428520E-07  -3.9149870E-08  -6.3072230E-09
 -2.3020050E-04   1.5270120E-04   6.9847750E-05   1.4821850E-05  -8.1058180E-05  -3.0252500E-05  -7.6969070E-05  -4.5595020E-05  -3.6512670E-05  -5.2961560E-05
  3.0166560E-06  -2.4151320E-05  -1.8592170E-05  -1.9687450E-05  -8.0029150E-06   4.5090210E-06   2.9263920E-06   3.4211650E-05  -4.9284580E-06  -1.5167320E-05
  1.9347570E-05   2.9891810E-05   2.9474900E-06   3.6770340E-06  -4.2527340E-06   1.0545950E-05   1.0408210E-05   2.3678470E-05   1.9790070E-05   1.8656900E-05
  1.1706540E-05   1.7091620E-05   2.1169780E-05   2.2942470E-05   2.6169940E-05   2.7414410E-05   2.4131150E-05   1.9270280E-05   1.5209120E-05   1.1095510E-05
  7.7674380E-06   4.0651400E-06   1.0742630E-06  -8.3968530E-09   1.9284120E-07   5.6001320E-07   6.1950980E-07   5.5345310E-07   5.9755870E-07   8.2085610E-07
  1.1129120E-06   1.3977450E-06   1.6816220E-06   1.9592820E-06   2.2073070E-06   2.4003340E-06   2.5457730E-06   2.6663510E-06   2.7575310E-06   2.8063670E-06
  2.8169540E-06   2.8442350E-06   2.9570470E-06   3.1731640E-06
  4.8113050E-03   6.1773700E-03   4.1891490E-03   3.3188070E-03   2.6873460E-03   2.2791580E-03   1.9441810E-03   1.6905000E-03   1.5059030E-03   1.3352030E-03
  1.2008260E-03   1.0920050E-03   1.0001930E-03   9.1230320E-04   8.3034820E-04   7.4600340E-04   6.6631820E-04   6.0793830E-04   5.5099510E-04   4.9818320E-04
  4.5168850E-04   4.0735580E-04   3.5930600E-04   3.1556140E-04   2.7252770E-04   2.3435840E-04   1.9340150E-04   1.5691420E-04   1.2151640E-04   8.7723700E-05
  5.7760730E-05   3.4710900E-05   2.3156640E-05   1.7647620E-05   1.6308410E-05   1.3068540E-05   9.0643070E-06   6.4033210E-06   4.9544660E-06   3.1176880E-06
  1.5409050E-06   6.7318840E-07   3.2345720E-07   1.4152680E-07   7.0891570E-08   4.2779530E-08   3.0169190E-08   2.3269940E-08   1.8768780E-08   1.5736130E-08
  1.3167940E-08   1.0952160E-08   8.9569600E-09   7.1073240E-09   5.4288260E-09   3.9273230E-09   2.7909300E-09   1.9576060E-09   1.4483080E-09   1.1209920E-09
  9.3904050E-10   8.0198710E-10   7.0264680E-10   6.3948980E-10
 -8.3000100E-06  -1.2544540E-05  -1.2664140E-05  -1.1122110E-05  -8.7592070E-06  -4.5098100E-06  -2.1908160E-06   3.1075940E-07   2.3807960E-06   3.3240520E-06
  1.9058570E-06   4.3532050E-06   7.3013190E-06   5.2594380E-06   2.3890250E-06  -6.3391060E-07  -6.2654850E-07  -1.6795000E-06  -3.3626640E-06  -6.0294350E-06
 -4.0008430E-06  -2.5532170E-06  -8.0671510E-07  -6.6730550E-07  -8.7199790E-07   2.7250270E-07   6.1622680E-07   8.2482220E-07   3.7519660E-07   6.9174170E-07
  2.2456340E-06   2.6000060E-06   2.1542730E-06   5.7383820E-07  -5.2893650E-07  -1.2726410E-06  -1.4332090E-06  -1.0686190E-06  -1.2603250E-06  -6.2094890E-07
 -2.1702780E-07  -2.0928430E-09   4.2880150E-08  -1.5873340E-08  -6.7470000E-08  -1.0284050E-07  -8.5190610E-08  -6.8746290E-08  -8.1423460E-08  -9.5847190E-08
 -9.5414800E-08  -8.7402310E-08  -8.0780330E-08  -7.9862810E-08  -8.0194160E-08  -7.8888900E-08  -7.6047780E-08  -7.1460000E-08  -6.6509530E-08  -6.1741510E-08
 -5.7356800E-08  -5.3514960E-08  -4.9761550E-08  -4.6128670E-08
