Tom Lund and Greg Poulos.  64X64X64 dynamic Smagorinsky model with Sullivans surface layer correction.  Revised 08/18/03.         
 861
  0.0000000E+00  0.4818048E+02  0.9727691E+02  0.1463290E+03  0.1953677E+03  0.2444099E+03  0.2934343E+03  0.3423476E+03  0.3911439E+03  0.4396220E+03
  0.4875151E+03  0.5346554E+03  0.5809984E+03  0.6257454E+03  0.6701130E+03  0.7136798E+03  0.7563645E+03  0.8002666E+03  0.8425547E+03  0.8847677E+03
  0.9287949E+03  0.9719182E+03  0.1014521E+04  0.1057631E+04  0.1100690E+04  0.1141996E+04  0.1184352E+04  0.1227296E+04  0.1270878E+04  0.1315977E+04
  0.1360576E+04  0.1406136E+04  0.1450790E+04  0.1495549E+04  0.1540916E+04  0.1586361E+04  0.1631882E+04  0.1677585E+04  0.1722052E+04  0.1766463E+04
  0.1810256E+04  0.1854753E+04  0.1897974E+04  0.1943502E+04  0.1988670E+04  0.2034107E+04  0.2078485E+04  0.2122591E+04  0.2166469E+04  0.2209662E+04
  0.2254325E+04  0.2299691E+04  0.2345122E+04  0.2390511E+04  0.2436561E+04  0.2482771E+04  0.2528335E+04  0.2573899E+04  0.2619677E+04  0.2665014E+04
  0.2710243E+04  0.2754955E+04  0.2800034E+04  0.2845535E+04  0.2891489E+04  0.2937485E+04  0.2984019E+04  0.3030589E+04  0.3077036E+04  0.3123956E+04
  0.3170120E+04  0.3216612E+04  0.3263449E+04  0.3310253E+04  0.3357128E+04  0.3403861E+04  0.3450578E+04  0.3496722E+04  0.3542217E+04  0.3588426E+04
  0.3634579E+04  0.3680605E+04  0.3727203E+04  0.3772759E+04  0.3818240E+04  0.3864157E+04  0.3910144E+04  0.3956403E+04  0.4002685E+04  0.4048373E+04
  0.4093664E+04  0.4138495E+04  0.4183386E+04  0.4227911E+04  0.4273042E+04  0.4317582E+04  0.4363371E+04  0.4408814E+04  0.4454714E+04  0.4500622E+04
  0.4547004E+04  0.4593434E+04  0.4639739E+04  0.4686426E+04  0.4733043E+04  0.4779600E+04  0.4825475E+04  0.4871010E+04  0.4916501E+04  0.4961306E+04
  0.5007906E+04  0.5054459E+04  0.5101068E+04  0.5147184E+04  0.5193485E+04  0.5240145E+04  0.5286553E+04  0.5333268E+04  0.5379768E+04  0.5425636E+04
  0.5471925E+04  0.5518440E+04  0.5565313E+04  0.5612119E+04  0.5659115E+04  0.5705842E+04  0.5752001E+04  0.5798024E+04  0.5844435E+04  0.5891034E+04
  0.5937520E+04  0.5983688E+04  0.6030313E+04  0.6077417E+04  0.6124187E+04  0.6170540E+04  0.6216227E+04  0.6262368E+04  0.6308477E+04  0.6354989E+04
  0.6401266E+04  0.6447768E+04  0.6493677E+04  0.6539204E+04  0.6585391E+04  0.6631901E+04  0.6678220E+04  0.6724321E+04  0.6770528E+04  0.6816904E+04
  0.6863622E+04  0.6910327E+04  0.6957068E+04  0.7003776E+04  0.7050036E+04  0.7096450E+04  0.7143109E+04  0.7189625E+04  0.7234586E+04  0.7280685E+04
  0.7326462E+04  0.7372101E+04  0.7418870E+04  0.7465137E+04  0.7511421E+04  0.7557482E+04  0.7603231E+04  0.7648971E+04  0.7695507E+04  0.7742373E+04
  0.7788687E+04  0.7834716E+04  0.7880713E+04  0.7926797E+04  0.7973012E+04  0.8019550E+04  0.8065192E+04  0.8111610E+04  0.8158111E+04  0.8204462E+04
  0.8250925E+04  0.8296933E+04  0.8343045E+04  0.8389150E+04  0.8435485E+04  0.8481714E+04  0.8527870E+04  0.8574195E+04  0.8620503E+04  0.8666574E+04
  0.8712804E+04  0.8758975E+04  0.8805432E+04  0.8851088E+04  0.8897257E+04  0.8943915E+04  0.8989798E+04  0.9035586E+04  0.9080830E+04  0.9127082E+04
  0.9173377E+04  0.9219526E+04  0.9266174E+04  0.9312830E+04  0.9359369E+04  0.9406169E+04  0.9452597E+04  0.9499026E+04  0.9544850E+04  0.9590540E+04
  0.9636232E+04  0.9680214E+04  0.9724417E+04  0.9770767E+04  0.9817331E+04  0.9863783E+04  0.9910004E+04  0.9956532E+04  0.1000302E+05  0.1004956E+05
  0.1009591E+05  0.1014250E+05  0.1018928E+05  0.1023613E+05  0.1028290E+05  0.1032924E+05  0.1037584E+05  0.1042264E+05  0.1046926E+05  0.1051621E+05
  0.1056326E+05  0.1061040E+05  0.1065780E+05  0.1070498E+05  0.1075198E+05  0.1079875E+05  0.1084569E+05  0.1089253E+05  0.1093961E+05  0.1098679E+05
  0.1103385E+05  0.1108088E+05  0.1112799E+05  0.1117554E+05  0.1122296E+05  0.1126999E+05  0.1131734E+05  0.1136483E+05  0.1141226E+05  0.1145947E+05
  0.1150648E+05  0.1155329E+05  0.1160048E+05  0.1164746E+05  0.1169443E+05  0.1174148E+05  0.1178843E+05  0.1183536E+05  0.1188141E+05  0.1192782E+05
  0.1197448E+05  0.1202159E+05  0.1206824E+05  0.1211503E+05  0.1216198E+05  0.1220901E+05  0.1225596E+05  0.1230285E+05  0.1234985E+05  0.1239674E+05
  0.1244332E+05  0.1248972E+05  0.1253610E+05  0.1258308E+05  0.1262955E+05  0.1267560E+05  0.1272286E+05  0.1276978E+05  0.1281664E+05  0.1286340E+05
  0.1290979E+05  0.1295618E+05  0.1300224E+05  0.1304824E+05  0.1309408E+05  0.1314021E+05  0.1318694E+05  0.1323376E+05  0.1327985E+05  0.1332598E+05
  0.1337233E+05  0.1341871E+05  0.1346489E+05  0.1351100E+05  0.1355746E+05  0.1360297E+05  0.1364814E+05  0.1369348E+05  0.1373834E+05  0.1378224E+05
  0.1382785E+05  0.1387327E+05  0.1391864E+05  0.1396438E+05  0.1400994E+05  0.1405538E+05  0.1410082E+05  0.1414656E+05  0.1419172E+05  0.1423455E+05
  0.1427968E+05  0.1432535E+05  0.1437063E+05  0.1441587E+05  0.1446072E+05  0.1450585E+05  0.1455091E+05  0.1459568E+05  0.1464002E+05  0.1468369E+05
  0.1472772E+05  0.1477223E+05  0.1481562E+05  0.1485959E+05  0.1490388E+05  0.1494815E+05  0.1499246E+05  0.1503566E+05  0.1507892E+05  0.1512348E+05
  0.1516797E+05  0.1521217E+05  0.1525561E+05  0.1529949E+05  0.1534361E+05  0.1538690E+05  0.1543014E+05  0.1547306E+05  0.1551612E+05  0.1555987E+05
  0.1560372E+05  0.1564743E+05  0.1569112E+05  0.1573502E+05  0.1577838E+05  0.1582197E+05  0.1586509E+05  0.1590816E+05  0.1595134E+05  0.1599458E+05
  0.1603692E+05  0.1608002E+05  0.1612327E+05  0.1616635E+05  0.1620963E+05  0.1625199E+05  0.1629409E+05  0.1633673E+05  0.1638020E+05  0.1642312E+05
  0.1646585E+05  0.1650797E+05  0.1655058E+05  0.1659343E+05  0.1663602E+05  0.1667874E+05  0.1672142E+05  0.1676407E+05  0.1680654E+05  0.1684915E+05
  0.1689123E+05  0.1693350E+05  0.1697627E+05  0.1701905E+05  0.1706148E+05  0.1710360E+05  0.1714588E+05  0.1718811E+05  0.1723051E+05  0.1727271E+05
  0.1731465E+05  0.1735677E+05  0.1739722E+05  0.1743887E+05  0.1748015E+05  0.1752203E+05  0.1756380E+05  0.1760515E+05  0.1764680E+05  0.1768837E+05
  0.1773011E+05  0.1777188E+05  0.1781349E+05  0.1785475E+05  0.1789539E+05  0.1793595E+05  0.1797663E+05  0.1801725E+05  0.1805829E+05  0.1809901E+05
  0.1813947E+05  0.1817964E+05  0.1822019E+05  0.1826014E+05  0.1829993E+05  0.1834012E+05  0.1838086E+05  0.1842199E+05  0.1846234E+05  0.1850252E+05
  0.1854226E+05  0.1858154E+05  0.1862162E+05  0.1866205E+05  0.1870227E+05  0.1874235E+05  0.1878225E+05  0.1882233E+05  0.1886227E+05  0.1890232E+05
  0.1894278E+05  0.1898300E+05  0.1902300E+05  0.1906295E+05  0.1910246E+05  0.1914210E+05  0.1918177E+05  0.1922179E+05  0.1926144E+05  0.1930131E+05
  0.1934108E+05  0.1938056E+05  0.1942045E+05  0.1945993E+05  0.1949945E+05  0.1953898E+05  0.1957845E+05  0.1961809E+05  0.1965752E+05  0.1969677E+05
  0.1973581E+05  0.1977426E+05  0.1981301E+05  0.1985240E+05  0.1989135E+05  0.1992983E+05  0.1996869E+05  0.2000760E+05  0.2004620E+05  0.2008524E+05
  0.2012433E+05  0.2016341E+05  0.2020216E+05  0.2024033E+05  0.2027847E+05  0.2031714E+05  0.2035578E+05  0.2039447E+05  0.2043313E+05  0.2047203E+05
  0.2051090E+05  0.2054967E+05  0.2058839E+05  0.2062727E+05  0.2066578E+05  0.2070404E+05  0.2074219E+05  0.2078001E+05  0.2081778E+05  0.2085581E+05
  0.2089381E+05  0.2093155E+05  0.2096972E+05  0.2100780E+05  0.2104512E+05  0.2108252E+05  0.2111966E+05  0.2115719E+05  0.2119468E+05  0.2123238E+05
  0.2126985E+05  0.2130715E+05  0.2134481E+05  0.2138223E+05  0.2141938E+05  0.2145682E+05  0.2149463E+05  0.2153250E+05  0.2157055E+05  0.2160842E+05
  0.2164603E+05  0.2168349E+05  0.2172089E+05  0.2175838E+05  0.2179562E+05  0.2183288E+05  0.2187023E+05  0.2190749E+05  0.2194476E+05  0.2198171E+05
  0.2201818E+05  0.2205520E+05  0.2209224E+05  0.2212915E+05  0.2216554E+05  0.2220196E+05  0.2223868E+05  0.2227537E+05  0.2231160E+05  0.2234816E+05
  0.2238487E+05  0.2242201E+05  0.2245924E+05  0.2249616E+05  0.2253279E+05  0.2256908E+05  0.2260512E+05  0.2264146E+05  0.2267833E+05  0.2271501E+05
  0.2275134E+05  0.2278733E+05  0.2282339E+05  0.2285920E+05  0.2289549E+05  0.2293193E+05  0.2296838E+05  0.2300500E+05  0.2304169E+05  0.2307791E+05
  0.2311351E+05  0.2314884E+05  0.2318440E+05  0.2322046E+05  0.2325661E+05  0.2329289E+05  0.2332929E+05  0.2336536E+05  0.2340122E+05  0.2343701E+05
  0.2347324E+05  0.2350912E+05  0.2354506E+05  0.2358105E+05  0.2361720E+05  0.2365337E+05  0.2368944E+05  0.2372521E+05  0.2376093E+05  0.2379622E+05
  0.2383140E+05  0.2386653E+05  0.2390048E+05  0.2393388E+05  0.2396778E+05  0.2400267E+05  0.2403766E+05  0.2407251E+05  0.2410746E+05  0.2414304E+05
  0.2417841E+05  0.2421375E+05  0.2424908E+05  0.2428426E+05  0.2431939E+05  0.2435456E+05  0.2438960E+05  0.2442450E+05  0.2445956E+05  0.2449456E+05
  0.2452950E+05  0.2456446E+05  0.2459922E+05  0.2463370E+05  0.2466839E+05  0.2470318E+05  0.2473820E+05  0.2477300E+05  0.2480754E+05  0.2484245E+05
  0.2487739E+05  0.2491232E+05  0.2494713E+05  0.2498217E+05  0.2501719E+05  0.2505229E+05  0.2508739E+05  0.2512232E+05  0.2515710E+05  0.2519169E+05
  0.2522624E+05  0.2526099E+05  0.2529566E+05  0.2533040E+05  0.2536495E+05  0.2539971E+05  0.2543383E+05  0.2546775E+05  0.2550183E+05  0.2553644E+05
  0.2557102E+05  0.2560552E+05  0.2564005E+05  0.2567424E+05  0.2570805E+05  0.2574183E+05  0.2577604E+05  0.2581008E+05  0.2584424E+05  0.2587826E+05
  0.2591190E+05  0.2594599E+05  0.2598014E+05  0.2601429E+05  0.2604843E+05  0.2608243E+05  0.2611587E+05  0.2614978E+05  0.2618405E+05  0.2621811E+05
  0.2625195E+05  0.2628558E+05  0.2631923E+05  0.2635295E+05  0.2638686E+05  0.2642069E+05  0.2645438E+05  0.2648801E+05  0.2652186E+05  0.2655558E+05
  0.2658951E+05  0.2662335E+05  0.2665679E+05  0.2669040E+05  0.2672429E+05  0.2675799E+05  0.2679153E+05  0.2682538E+05  0.2685935E+05  0.2689337E+05
  0.2692686E+05  0.2696032E+05  0.2699414E+05  0.2702767E+05  0.2706129E+05  0.2709443E+05  0.2712802E+05  0.2716179E+05  0.2719546E+05  0.2722894E+05
  0.2726235E+05  0.2729581E+05  0.2732939E+05  0.2736273E+05  0.2739605E+05  0.2742923E+05  0.2746277E+05  0.2749640E+05  0.2753005E+05  0.2756362E+05
  0.2759729E+05  0.2763086E+05  0.2766460E+05  0.2769809E+05  0.2773148E+05  0.2776500E+05  0.2779849E+05  0.2783131E+05  0.2786444E+05  0.2789784E+05
  0.2793130E+05  0.2796478E+05  0.2799797E+05  0.2803118E+05  0.2806406E+05  0.2809685E+05  0.2813001E+05  0.2816260E+05  0.2819434E+05  0.2822678E+05
  0.2825932E+05  0.2829178E+05  0.2832364E+05  0.2835562E+05  0.2838827E+05  0.2842106E+05  0.2845414E+05  0.2848741E+05  0.2852039E+05  0.2855355E+05
  0.2858665E+05  0.2862038E+05  0.2865409E+05  0.2868762E+05  0.2872094E+05  0.2875462E+05  0.2878804E+05  0.2882127E+05  0.2885481E+05  0.2888813E+05
  0.2892138E+05  0.2895488E+05  0.2898823E+05  0.2902113E+05  0.2905439E+05  0.2908768E+05  0.2912099E+05  0.2915414E+05  0.2918754E+05  0.2922101E+05
  0.2925478E+05  0.2928842E+05  0.2932165E+05  0.2935477E+05  0.2938745E+05  0.2942015E+05  0.2945332E+05  0.2948650E+05  0.2951960E+05  0.2955278E+05
  0.2958630E+05  0.2961992E+05  0.2965343E+05  0.2968698E+05  0.2972046E+05  0.2975403E+05  0.2978727E+05  0.2982036E+05  0.2985330E+05  0.2988662E+05
  0.2992033E+05  0.2995417E+05  0.2998790E+05  0.3002142E+05  0.3005485E+05  0.3008842E+05  0.3012217E+05  0.3015588E+05  0.3018971E+05  0.3022325E+05
  0.3025648E+05  0.3028998E+05  0.3032385E+05  0.3035769E+05  0.3039130E+05  0.3042506E+05  0.3045893E+05  0.3049247E+05  0.3052583E+05  0.3055924E+05
  0.3059291E+05  0.3062677E+05  0.3066048E+05  0.3069385E+05  0.3072708E+05  0.3076055E+05  0.3079411E+05  0.3082794E+05  0.3086189E+05  0.3089566E+05
  0.3092923E+05  0.3096251E+05  0.3099572E+05  0.3102915E+05  0.3106253E+05  0.3109587E+05  0.3112904E+05  0.3116237E+05  0.3119574E+05  0.3122923E+05
  0.3126280E+05  0.3129610E+05  0.3132951E+05  0.3136303E+05  0.3139631E+05  0.3142933E+05  0.3146248E+05  0.3149583E+05  0.3152901E+05  0.3156246E+05
  0.3159586E+05  0.3162923E+05  0.3166228E+05  0.3169543E+05  0.3172844E+05  0.3176164E+05  0.3179460E+05  0.3182752E+05  0.3186050E+05  0.3189341E+05
  0.3192607E+05  0.3195879E+05  0.3199145E+05  0.3202442E+05  0.3205760E+05  0.3209084E+05  0.3212403E+05  0.3215718E+05  0.3219027E+05  0.3222333E+05
  0.3225611E+05  0.3228933E+05  0.3232235E+05  0.3235488E+05  0.3238776E+05  0.3242084E+05  0.3245380E+05  0.3248679E+05  0.3251981E+05  0.3255297E+05
  0.3258597E+05  0.3261871E+05  0.3265124E+05  0.3268413E+05  0.3271724E+05  0.3275006E+05  0.3278309E+05  0.3281627E+05  0.3284917E+05  0.3288193E+05
  0.3291449E+05  0.3294716E+05  0.3298023E+05  0.3301347E+05  0.3304657E+05  0.3307940E+05  0.3311223E+05  0.3314512E+05  0.3317772E+05  0.3321014E+05
  0.3324251E+05  0.3327498E+05  0.3330732E+05  0.3333988E+05  0.3337257E+05  0.3340540E+05  0.3343818E+05  0.3347098E+05  0.3350375E+05  0.3353667E+05
  0.3356933E+05  0.3360232E+05  0.3363526E+05  0.3366789E+05  0.3370084E+05  0.3373355E+05  0.3376593E+05  0.3379872E+05  0.3383173E+05  0.3386449E+05
  0.3389706E+05  0.3392978E+05  0.3396251E+05  0.3399505E+05  0.3402756E+05  0.3406026E+05  0.3409321E+05  0.3412601E+05  0.3415873E+05  0.3419132E+05
  0.3422383E+05
  0.6578947E+01  0.6578947E+01  0.6578947E+01  0.3289474E+02  0.3289474E+02  0.3947368E+02  0.3947368E+02  0.4605263E+02  0.4605263E+02  0.4605263E+02
  0.5263158E+02  0.5263158E+02  0.5921053E+02  0.6578947E+02  0.6578947E+02  0.7236842E+02  0.7236842E+02  0.8552632E+02  0.9868421E+02  0.9868421E+02
  0.1118421E+03  0.1315789E+03  0.1447368E+03  0.1578947E+03  0.1513158E+03  0.1381579E+03  0.1513158E+03  0.1644737E+03  0.1447368E+03  0.1513158E+03
  0.1447368E+03  0.1315789E+03  0.1381579E+03  0.1381579E+03  0.1447368E+03  0.1513158E+03  0.1513158E+03  0.1447368E+03  0.1644737E+03  0.1776316E+03
  0.1644737E+03  0.1776316E+03  0.1842105E+03  0.1776316E+03  0.1578947E+03  0.1578947E+03  0.1578947E+03  0.1710526E+03  0.1776316E+03  0.1644737E+03
  0.1644737E+03  0.1710526E+03  0.1710526E+03  0.1710526E+03  0.1710526E+03  0.1710526E+03  0.1710526E+03  0.1644737E+03  0.1513158E+03  0.1513158E+03
  0.1644737E+03  0.1513158E+03  0.1513158E+03  0.1578947E+03  0.1644737E+03  0.1644737E+03  0.1644737E+03  0.1644737E+03  0.1776316E+03  0.1710526E+03
  0.1710526E+03  0.1644737E+03  0.1710526E+03  0.1776316E+03  0.1776316E+03  0.1710526E+03  0.1644737E+03  0.1710526E+03  0.1842105E+03  0.1842105E+03
  0.1842105E+03  0.1710526E+03  0.1776316E+03  0.1842105E+03  0.1907895E+03  0.1907895E+03  0.1842105E+03  0.1842105E+03  0.1842105E+03  0.1776316E+03
  0.1842105E+03  0.1907895E+03  0.1973684E+03  0.1842105E+03  0.1842105E+03  0.1776316E+03  0.1842105E+03  0.1907895E+03  0.1907895E+03  0.1907895E+03
  0.1907895E+03  0.1907895E+03  0.1907895E+03  0.1907895E+03  0.1907895E+03  0.1907895E+03  0.1907895E+03  0.1907895E+03  0.1973684E+03  0.1907895E+03
  0.1907895E+03  0.1907895E+03  0.1907895E+03  0.1842105E+03  0.1776316E+03  0.1842105E+03  0.1776316E+03  0.1842105E+03  0.1907895E+03  0.1907895E+03
  0.1842105E+03  0.1842105E+03  0.1842105E+03  0.1842105E+03  0.1907895E+03  0.1907895E+03  0.1907895E+03  0.1907895E+03  0.1907895E+03  0.1842105E+03
  0.1973684E+03  0.1973684E+03  0.1973684E+03  0.1973684E+03  0.1842105E+03  0.1907895E+03  0.1907895E+03  0.1973684E+03  0.2039474E+03  0.1973684E+03
  0.1973684E+03  0.1710526E+03  0.1842105E+03  0.1907895E+03  0.1907895E+03  0.2039474E+03  0.2039474E+03  0.1973684E+03  0.1973684E+03  0.1907895E+03
  0.1842105E+03  0.2039474E+03  0.1907895E+03  0.1907895E+03  0.2039474E+03  0.2039474E+03  0.2039474E+03  0.2039474E+03  0.2105263E+03  0.2039474E+03
  0.1907895E+03  0.1973684E+03  0.2039474E+03  0.2039474E+03  0.1973684E+03  0.1907895E+03  0.2039474E+03  0.2039474E+03  0.2039474E+03  0.1973684E+03
  0.2039474E+03  0.2039474E+03  0.2105263E+03  0.2039474E+03  0.2039474E+03  0.2105263E+03  0.2105263E+03  0.2105263E+03  0.2105263E+03  0.2105263E+03
  0.2105263E+03  0.2171053E+03  0.2105263E+03  0.2105263E+03  0.2039474E+03  0.2105263E+03  0.2039474E+03  0.2039474E+03  0.2105263E+03  0.2105263E+03
  0.2105263E+03  0.2171053E+03  0.2105263E+03  0.2105263E+03  0.2105263E+03  0.1973684E+03  0.2105263E+03  0.2105263E+03  0.2105263E+03  0.2105263E+03
  0.2171053E+03  0.2171053E+03  0.2039474E+03  0.2171053E+03  0.2171053E+03  0.2171053E+03  0.2236842E+03  0.2236842E+03  0.2236842E+03  0.2171053E+03
  0.2105263E+03  0.2105263E+03  0.2105263E+03  0.2171053E+03  0.2171053E+03  0.2171053E+03  0.2171053E+03  0.2236842E+03  0.2171053E+03  0.2171053E+03
  0.2105263E+03  0.2171053E+03  0.2105263E+03  0.1973684E+03  0.2171053E+03  0.2105263E+03  0.2039474E+03  0.2039474E+03  0.2105263E+03  0.2039474E+03
  0.2105263E+03  0.2105263E+03  0.2236842E+03  0.2171053E+03  0.2171053E+03  0.2105263E+03  0.1973684E+03  0.2039474E+03  0.2171053E+03  0.2105263E+03
  0.1973684E+03  0.1907895E+03  0.1907895E+03  0.1973684E+03  0.2105263E+03  0.2105263E+03  0.2039474E+03  0.1907895E+03  0.2039474E+03  0.2039474E+03
  0.1973684E+03  0.1973684E+03  0.2105263E+03  0.2105263E+03  0.2171053E+03  0.2039474E+03  0.2039474E+03  0.1907895E+03  0.1973684E+03  0.2105263E+03
  0.2171053E+03  0.2171053E+03  0.2105263E+03  0.1973684E+03  0.2039474E+03  0.2105263E+03  0.2302632E+03  0.2171053E+03  0.2105263E+03  0.2039474E+03
  0.2039474E+03  0.2039474E+03  0.2171053E+03  0.2105263E+03  0.2105263E+03  0.2039474E+03  0.2039474E+03  0.2039474E+03  0.2171053E+03  0.1842105E+03
  0.1973684E+03  0.2236842E+03  0.2236842E+03  0.2171053E+03  0.2105263E+03  0.2171053E+03  0.2105263E+03  0.2039474E+03  0.2302632E+03  0.2039474E+03
  0.2171053E+03  0.2171053E+03  0.2171053E+03  0.2236842E+03  0.2302632E+03  0.2236842E+03  0.2105263E+03  0.2039474E+03  0.2039474E+03  0.2171053E+03
  0.2236842E+03  0.1907895E+03  0.1907895E+03  0.2236842E+03  0.2171053E+03  0.2171053E+03  0.2105263E+03  0.2105263E+03  0.1842105E+03  0.2302632E+03
  0.2039474E+03  0.2105263E+03  0.2236842E+03  0.1907895E+03  0.1973684E+03  0.1776316E+03  0.1907895E+03  0.2236842E+03  0.2368421E+03  0.2368421E+03
  0.1907895E+03  0.1973684E+03  0.1973684E+03  0.2039474E+03  0.2236842E+03  0.2236842E+03  0.2434211E+03  0.2171053E+03  0.2171053E+03  0.2434211E+03
  0.2236842E+03  0.2105263E+03  0.1907895E+03  0.1973684E+03  0.2039474E+03  0.2236842E+03  0.2302632E+03  0.2368421E+03  0.1973684E+03  0.2105263E+03
  0.2171053E+03  0.2171053E+03  0.2105263E+03  0.2302632E+03  0.1973684E+03  0.2171053E+03  0.2236842E+03  0.2236842E+03  0.2236842E+03  0.2236842E+03
  0.2171053E+03  0.2039474E+03  0.2105263E+03  0.2236842E+03  0.2236842E+03  0.2171053E+03  0.2105263E+03  0.1973684E+03  0.2105263E+03  0.2171053E+03
  0.2171053E+03  0.2171053E+03  0.2171053E+03  0.2105263E+03  0.2171053E+03  0.2236842E+03  0.2302632E+03  0.1842105E+03  0.1842105E+03  0.2236842E+03
  0.2236842E+03  0.1973684E+03  0.2236842E+03  0.2302632E+03  0.2368421E+03  0.1907895E+03  0.2171053E+03  0.2171053E+03  0.2236842E+03  0.2302632E+03
  0.1842105E+03  0.1907895E+03  0.2039474E+03  0.2039474E+03  0.2236842E+03  0.2236842E+03  0.2302632E+03  0.1973684E+03  0.1842105E+03  0.1907895E+03
  0.2039474E+03  0.2236842E+03  0.1907895E+03  0.1842105E+03  0.2105263E+03  0.2302632E+03  0.2302632E+03  0.1907895E+03  0.1907895E+03  0.2105263E+03
  0.2105263E+03  0.2039474E+03  0.1973684E+03  0.2039474E+03  0.2105263E+03  0.2105263E+03  0.2039474E+03  0.2039474E+03  0.2105263E+03  0.2171053E+03
  0.2105263E+03  0.2105263E+03  0.2039474E+03  0.2171053E+03  0.2236842E+03  0.2236842E+03  0.2236842E+03  0.1973684E+03  0.2039474E+03  0.2105263E+03
  0.2105263E+03  0.1842105E+03  0.2039474E+03  0.1973684E+03  0.2105263E+03  0.1907895E+03  0.1907895E+03  0.1907895E+03  0.2171053E+03  0.2302632E+03
  0.1907895E+03  0.1842105E+03  0.1842105E+03  0.2236842E+03  0.2368421E+03  0.2302632E+03  0.1907895E+03  0.1907895E+03  0.2105263E+03  0.2302632E+03
  0.2302632E+03  0.1907895E+03  0.1842105E+03  0.2039474E+03  0.2105263E+03  0.2039474E+03  0.2039474E+03  0.2039474E+03  0.2039474E+03  0.2171053E+03
  0.2171053E+03  0.1842105E+03  0.1776316E+03  0.2171053E+03  0.2236842E+03  0.1776316E+03  0.1842105E+03  0.1973684E+03  0.1973684E+03  0.2171053E+03
  0.2302632E+03  0.1973684E+03  0.1842105E+03  0.2105263E+03  0.2236842E+03  0.1973684E+03  0.1907895E+03  0.1907895E+03  0.2236842E+03  0.2236842E+03
  0.2039474E+03  0.1842105E+03  0.1842105E+03  0.1973684E+03  0.2105263E+03  0.2105263E+03  0.2105263E+03  0.1907895E+03  0.1973684E+03  0.2105263E+03
  0.2171053E+03  0.1973684E+03  0.1776316E+03  0.1842105E+03  0.2039474E+03  0.1973684E+03  0.1973684E+03  0.1973684E+03  0.2105263E+03  0.2105263E+03
  0.1973684E+03  0.1842105E+03  0.2105263E+03  0.2171053E+03  0.2105263E+03  0.1907895E+03  0.2105263E+03  0.2236842E+03  0.2236842E+03  0.1973684E+03
  0.1973684E+03  0.2039474E+03  0.2171053E+03  0.2236842E+03  0.2236842E+03  0.1973684E+03  0.1842105E+03  0.2105263E+03  0.2236842E+03  0.2236842E+03
  0.1973684E+03  0.1973684E+03  0.2171053E+03  0.2236842E+03  0.2236842E+03  0.1973684E+03  0.1973684E+03  0.1907895E+03  0.2236842E+03  0.2039474E+03
  0.2039474E+03  0.1907895E+03  0.2039474E+03  0.2171053E+03  0.2171053E+03  0.1907895E+03  0.1907895E+03  0.2039474E+03  0.2105263E+03  0.1907895E+03
  0.1907895E+03  0.1973684E+03  0.2039474E+03  0.2236842E+03  0.1973684E+03  0.1973684E+03  0.1973684E+03  0.1973684E+03  0.1973684E+03  0.2039474E+03
  0.2236842E+03  0.2105263E+03  0.1842105E+03  0.1907895E+03  0.1907895E+03  0.1907895E+03  0.2039474E+03  0.2039474E+03  0.2105263E+03  0.2039474E+03
  0.2171053E+03  0.2236842E+03  0.1973684E+03  0.1907895E+03  0.1776316E+03  0.2039474E+03  0.1973684E+03  0.1973684E+03  0.2105263E+03  0.2236842E+03
  0.1907895E+03  0.1973684E+03  0.2171053E+03  0.1973684E+03  0.2039474E+03  0.2039474E+03  0.2105263E+03  0.2039474E+03  0.2236842E+03  0.2171053E+03
  0.1842105E+03  0.1973684E+03  0.2236842E+03  0.2236842E+03  0.1907895E+03  0.1907895E+03  0.2039474E+03  0.2236842E+03  0.2302632E+03  0.2039474E+03
  0.1907895E+03  0.1973684E+03  0.2171053E+03  0.1776316E+03  0.1776316E+03  0.1973684E+03  0.2105263E+03  0.2302632E+03  0.1973684E+03  0.1973684E+03
  0.2039474E+03  0.2236842E+03  0.2565790E+03  0.2565790E+03  0.2171053E+03  0.1907895E+03  0.1907895E+03  0.2171053E+03  0.2105263E+03  0.1973684E+03
  0.1907895E+03  0.1973684E+03  0.2105263E+03  0.2105263E+03  0.1907895E+03  0.1907895E+03  0.2039474E+03  0.1973684E+03  0.1973684E+03  0.2039474E+03
  0.2236842E+03  0.1973684E+03  0.2039474E+03  0.2171053E+03  0.1973684E+03  0.1973684E+03  0.1973684E+03  0.2039474E+03  0.2105263E+03  0.2105263E+03
  0.1973684E+03  0.2039474E+03  0.2236842E+03  0.2236842E+03  0.2039474E+03  0.1842105E+03  0.1842105E+03  0.2039474E+03  0.2105263E+03  0.1973684E+03
  0.2039474E+03  0.2105263E+03  0.2039474E+03  0.1907895E+03  0.1973684E+03  0.1973684E+03  0.1973684E+03  0.2039474E+03  0.2039474E+03  0.2105263E+03
  0.1973684E+03  0.1973684E+03  0.2105263E+03  0.2039474E+03  0.2039474E+03  0.2039474E+03  0.2105263E+03  0.2171053E+03  0.2236842E+03  0.2039474E+03
  0.1973684E+03  0.1973684E+03  0.1973684E+03  0.2105263E+03  0.1973684E+03  0.1973684E+03  0.2039474E+03  0.2236842E+03  0.2171053E+03  0.1973684E+03
  0.1907895E+03  0.1907895E+03  0.1973684E+03  0.2105263E+03  0.2171053E+03  0.2171053E+03  0.2236842E+03  0.2236842E+03  0.1907895E+03  0.1973684E+03
  0.1973684E+03  0.1973684E+03  0.2039474E+03  0.2105263E+03  0.2236842E+03  0.2368421E+03  0.2434211E+03  0.2565790E+03  0.2565790E+03  0.2368421E+03
  0.2105263E+03  0.2697368E+03  0.2302632E+03  0.2302632E+03  0.2171053E+03  0.2105263E+03  0.2039474E+03  0.2171053E+03  0.2105263E+03  0.2105263E+03
  0.2171053E+03  0.1973684E+03  0.1973684E+03  0.2039474E+03  0.2039474E+03  0.2039474E+03  0.2105263E+03  0.2105263E+03  0.2105263E+03  0.2171053E+03
  0.2236842E+03  0.2236842E+03  0.2171053E+03  0.2236842E+03  0.2236842E+03  0.2302632E+03  0.2236842E+03  0.2236842E+03  0.2171053E+03  0.2171053E+03
  0.2171053E+03  0.2171053E+03  0.2236842E+03  0.2236842E+03  0.2302632E+03  0.2171053E+03  0.2171053E+03  0.2236842E+03  0.2236842E+03  0.2039474E+03
  0.2039474E+03  0.2105263E+03  0.2171053E+03  0.1907895E+03  0.1973684E+03  0.2039474E+03  0.2236842E+03  0.2236842E+03  0.2039474E+03  0.2039474E+03
  0.2039474E+03  0.1973684E+03  0.2105263E+03  0.2105263E+03  0.2171053E+03  0.2039474E+03  0.1907895E+03  0.1907895E+03  0.1907895E+03  0.2105263E+03
  0.2105263E+03  0.2302632E+03  0.1842105E+03  0.2105263E+03  0.2105263E+03  0.1842105E+03  0.1710526E+03  0.1907895E+03  0.1842105E+03  0.1842105E+03
  0.1973684E+03  0.1973684E+03  0.1973684E+03  0.1973684E+03  0.1907895E+03  0.1907895E+03  0.1907895E+03  0.1907895E+03  0.2039474E+03  0.1907895E+03
  0.1907895E+03  0.1973684E+03  0.1973684E+03  0.1907895E+03  0.1907895E+03  0.1973684E+03  0.2039474E+03  0.2105263E+03  0.1907895E+03  0.1907895E+03
  0.2039474E+03  0.2039474E+03  0.2039474E+03  0.1907895E+03  0.1907895E+03  0.1907895E+03  0.1973684E+03  0.2039474E+03  0.1973684E+03  0.1973684E+03
  0.1973684E+03  0.1973684E+03  0.2171053E+03  0.2171053E+03  0.2039474E+03  0.1973684E+03  0.1973684E+03  0.1973684E+03  0.2105263E+03  0.2105263E+03
  0.1973684E+03  0.1973684E+03  0.2039474E+03  0.2039474E+03  0.2039474E+03  0.2039474E+03  0.1973684E+03  0.1973684E+03  0.2039474E+03  0.2105263E+03
  0.2105263E+03  0.2039474E+03  0.1973684E+03  0.2171053E+03  0.2105263E+03  0.2039474E+03  0.1973684E+03  0.2039474E+03  0.2171053E+03  0.2039474E+03
  0.1973684E+03  0.2039474E+03  0.2302632E+03  0.2039474E+03  0.1907895E+03  0.2105263E+03  0.2105263E+03  0.2105263E+03  0.2039474E+03  0.1973684E+03
  0.2105263E+03  0.2236842E+03  0.2171053E+03  0.2039474E+03  0.2039474E+03  0.2039474E+03  0.2105263E+03  0.2105263E+03  0.2105263E+03  0.2039474E+03
  0.2105263E+03  0.2236842E+03  0.2171053E+03  0.1973684E+03  0.1907895E+03  0.2105263E+03  0.1973684E+03  0.1973684E+03  0.1973684E+03  0.2105263E+03
  0.2236842E+03  0.2302632E+03  0.1842105E+03  0.1907895E+03  0.2039474E+03  0.2236842E+03  0.2236842E+03  0.2171053E+03  0.2039474E+03  0.2105263E+03
  0.2302632E+03  0.2039474E+03  0.2039474E+03  0.2039474E+03  0.2302632E+03  0.2302632E+03  0.2039474E+03  0.2039474E+03  0.2236842E+03  0.2302632E+03
  0.2105263E+03
  0.7984222E-13 -0.1875370E-03 -0.2646896E-03 -0.3074234E-03 -0.3341910E-03 -0.3523260E-03 -0.3654931E-03 -0.3762993E-03 -0.3871370E-03 -0.4057656E-03
 -0.4551075E-03 -0.5656313E-03 -0.6925844E-03 -0.8178257E-03 -0.9162223E-03 -0.1025009E-02 -0.1135767E-02 -0.1266554E-02 -0.1399252E-02 -0.1545979E-02
 -0.1668047E-02 -0.1751351E-02 -0.1868416E-02 -0.1952175E-02 -0.2002503E-02 -0.2017684E-02 -0.2143238E-02 -0.2296187E-02 -0.2339016E-02 -0.2353109E-02
 -0.2356869E-02 -0.2371570E-02 -0.2429523E-02 -0.2532441E-02 -0.2586006E-02 -0.2644843E-02 -0.2694872E-02 -0.2839824E-02 -0.2940287E-02 -0.3108069E-02
 -0.3155259E-02 -0.3180928E-02 -0.3177567E-02 -0.3234887E-02 -0.3350174E-02 -0.3510530E-02 -0.3526028E-02 -0.3499639E-02 -0.3533632E-02 -0.3564258E-02
 -0.3554067E-02 -0.3577446E-02 -0.3550386E-02 -0.3552940E-02 -0.3602337E-02 -0.3707080E-02 -0.3794588E-02 -0.3882228E-02 -0.3899087E-02 -0.4014218E-02
 -0.4136630E-02 -0.4206232E-02 -0.4195582E-02 -0.4196776E-02 -0.4221652E-02 -0.4262112E-02 -0.4247900E-02 -0.4280378E-02 -0.4329000E-02 -0.4407029E-02
 -0.4396187E-02 -0.4348414E-02 -0.4365684E-02 -0.4360058E-02 -0.4418504E-02 -0.4585003E-02 -0.4719458E-02 -0.4747464E-02 -0.4721993E-02 -0.4632021E-02
 -0.4610652E-02 -0.4611522E-02 -0.4540384E-02 -0.4529761E-02 -0.4552039E-02 -0.4579739E-02 -0.4607826E-02 -0.4672446E-02 -0.4733871E-02 -0.4798881E-02
 -0.4823489E-02 -0.4834571E-02 -0.4847107E-02 -0.4880567E-02 -0.4878477E-02 -0.4917467E-02 -0.5068441E-02 -0.5107134E-02 -0.5147246E-02 -0.5231443E-02
 -0.5191583E-02 -0.5179597E-02 -0.5179517E-02 -0.5107095E-02 -0.5151152E-02 -0.5199245E-02 -0.5267456E-02 -0.5349072E-02 -0.5403255E-02 -0.5400120E-02
 -0.5343079E-02 -0.5245581E-02 -0.5270033E-02 -0.5377496E-02 -0.5447676E-02 -0.5490886E-02 -0.5527380E-02 -0.5531320E-02 -0.5490999E-02 -0.5432852E-02
 -0.5436322E-02 -0.5442405E-02 -0.5409119E-02 -0.5427235E-02 -0.5499260E-02 -0.5536655E-02 -0.5572467E-02 -0.5596387E-02 -0.5571734E-02 -0.5459175E-02
 -0.5464984E-02 -0.5522849E-02 -0.5545779E-02 -0.5578225E-02 -0.5645840E-02 -0.5650290E-02 -0.5636328E-02 -0.5686313E-02 -0.5633224E-02 -0.5586955E-02
 -0.5602789E-02 -0.5692341E-02 -0.5671795E-02 -0.5658853E-02 -0.5715484E-02 -0.5770595E-02 -0.5757040E-02 -0.5819973E-02 -0.5808975E-02 -0.5861557E-02
 -0.5946033E-02 -0.6032869E-02 -0.6197411E-02 -0.6268897E-02 -0.6236072E-02 -0.6260623E-02 -0.6218696E-02 -0.6121518E-02 -0.6135745E-02 -0.6152587E-02
 -0.6151928E-02 -0.6110477E-02 -0.6110241E-02 -0.6172506E-02 -0.6199393E-02 -0.6202086E-02 -0.6229087E-02 -0.6253980E-02 -0.6207381E-02 -0.6164004E-02
 -0.6205971E-02 -0.6212391E-02 -0.6140880E-02 -0.6100938E-02 -0.6103286E-02 -0.6073371E-02 -0.6103489E-02 -0.6084414E-02 -0.6100579E-02 -0.6173574E-02
 -0.6360510E-02 -0.6513481E-02 -0.6564054E-02 -0.6624707E-02 -0.6624845E-02 -0.6592539E-02 -0.6601435E-02 -0.6672442E-02 -0.6744265E-02 -0.6735165E-02
 -0.6726497E-02 -0.6744192E-02 -0.6709556E-02 -0.6637486E-02 -0.6648829E-02 -0.6672383E-02 -0.6641934E-02 -0.6725240E-02 -0.6771669E-02 -0.6752800E-02
 -0.6769581E-02 -0.6842287E-02 -0.6914427E-02 -0.6840380E-02 -0.6801446E-02 -0.6846035E-02 -0.6902614E-02 -0.7020708E-02 -0.7038274E-02 -0.7141991E-02
 -0.7236175E-02 -0.7229908E-02 -0.7141134E-02 -0.7150674E-02 -0.7133391E-02 -0.7101061E-02 -0.7011427E-02 -0.6829699E-02 -0.6767121E-02 -0.6756031E-02
 -0.6772255E-02 -0.6865029E-02 -0.6926536E-02 -0.6952761E-02 -0.7111408E-02 -0.7214699E-02 -0.7181249E-02 -0.7166334E-02 -0.7193154E-02 -0.7306050E-02
 -0.7308089E-02 -0.7503931E-02 -0.7582854E-02 -0.7485153E-02 -0.7519707E-02 -0.7562558E-02 -0.7532222E-02 -0.7524976E-02 -0.7491422E-02 -0.7643642E-02
 -0.7751716E-02 -0.7922562E-02 -0.8002003E-02 -0.8019104E-02 -0.8030602E-02 -0.8080098E-02 -0.8255582E-02 -0.8490360E-02 -0.8579131E-02 -0.8665575E-02
 -0.8636552E-02 -0.8503690E-02 -0.8506436E-02 -0.8571043E-02 -0.8571572E-02 -0.8613995E-02 -0.8669687E-02 -0.8633898E-02 -0.8617168E-02 -0.8662610E-02
 -0.8549725E-02 -0.8472635E-02 -0.8421514E-02 -0.8356739E-02 -0.8364230E-02 -0.8382957E-02 -0.8385125E-02 -0.8390667E-02 -0.8297350E-02 -0.8323743E-02
 -0.8380821E-02 -0.8471620E-02 -0.8416944E-02 -0.8537952E-02 -0.8551768E-02 -0.8675337E-02 -0.8638590E-02 -0.8704312E-02 -0.8771369E-02 -0.8828789E-02
 -0.8869346E-02 -0.9101417E-02 -0.9113952E-02 -0.9107833E-02 -0.9117898E-02 -0.9148567E-02 -0.9114094E-02 -0.9126554E-02 -0.9188958E-02 -0.9165405E-02
 -0.9126437E-02 -0.9082263E-02 -0.9287554E-02 -0.9533966E-02 -0.9556796E-02 -0.9638291E-02 -0.9584967E-02 -0.9603262E-02 -0.9490833E-02 -0.9535797E-02
 -0.9520599E-02 -0.9440606E-02 -0.9201780E-02 -0.9179118E-02 -0.9166361E-02 -0.9109565E-02 -0.9232140E-02 -0.9527455E-02 -0.9868657E-02 -0.1009134E-01
 -0.1020681E-01 -0.1033327E-01 -0.1044106E-01 -0.1030972E-01 -0.1009548E-01 -0.9830252E-02 -0.9781449E-02 -0.9680599E-02 -0.9689458E-02 -0.9703266E-02
 -0.9872754E-02 -0.9888323E-02 -0.9989216E-02 -0.1014961E-01 -0.1022349E-01 -0.1037787E-01 -0.1047393E-01 -0.1026881E-01 -0.1034561E-01 -0.1034992E-01
 -0.1036595E-01 -0.1045193E-01 -0.1066966E-01 -0.1076223E-01 -0.1081299E-01 -0.1082275E-01 -0.1092223E-01 -0.1088727E-01 -0.1082776E-01 -0.1071493E-01
 -0.1051738E-01 -0.1041230E-01 -0.1036546E-01 -0.1026790E-01 -0.1017285E-01 -0.9983257E-02 -0.1000171E-01 -0.9957056E-02 -0.9996623E-02 -0.9988660E-02
 -0.1001335E-01 -0.1007854E-01 -0.1015457E-01 -0.1020987E-01 -0.1019944E-01 -0.1032888E-01 -0.1033464E-01 -0.1046363E-01 -0.1066845E-01 -0.1097054E-01
 -0.1121254E-01 -0.1131292E-01 -0.1131893E-01 -0.1127390E-01 -0.1106264E-01 -0.1098445E-01 -0.1113402E-01 -0.1115027E-01 -0.1121488E-01 -0.1116033E-01
 -0.1105027E-01 -0.1090485E-01 -0.1084220E-01 -0.1075188E-01 -0.1062941E-01 -0.1065188E-01 -0.1069167E-01 -0.1059927E-01 -0.1070171E-01 -0.1072627E-01
 -0.1068240E-01 -0.1070171E-01 -0.1075137E-01 -0.1082547E-01 -0.1085111E-01 -0.1081912E-01 -0.1086004E-01 -0.1083831E-01 -0.1090898E-01 -0.1099827E-01
 -0.1104348E-01 -0.1103745E-01 -0.1111317E-01 -0.1142268E-01 -0.1177986E-01 -0.1191118E-01 -0.1194823E-01 -0.1193728E-01 -0.1174615E-01 -0.1164785E-01
 -0.1166367E-01 -0.1160810E-01 -0.1162666E-01 -0.1154972E-01 -0.1147436E-01 -0.1147457E-01 -0.1141300E-01 -0.1149322E-01 -0.1155853E-01 -0.1158578E-01
 -0.1148546E-01 -0.1142980E-01 -0.1145590E-01 -0.1140671E-01 -0.1127294E-01 -0.1105829E-01 -0.1095387E-01 -0.1095565E-01 -0.1115876E-01 -0.1115698E-01
 -0.1119768E-01 -0.1133392E-01 -0.1143481E-01 -0.1157931E-01 -0.1190585E-01 -0.1172856E-01 -0.1168021E-01 -0.1168782E-01 -0.1161833E-01 -0.1167420E-01
 -0.1193019E-01 -0.1210495E-01 -0.1205404E-01 -0.1191144E-01 -0.1190351E-01 -0.1189017E-01 -0.1197874E-01 -0.1205270E-01 -0.1214242E-01 -0.1227261E-01
 -0.1221050E-01 -0.1214019E-01 -0.1208066E-01 -0.1208078E-01 -0.1217642E-01 -0.1223374E-01 -0.1206294E-01 -0.1201719E-01 -0.1217145E-01 -0.1209296E-01
 -0.1223170E-01 -0.1252379E-01 -0.1267115E-01 -0.1268014E-01 -0.1270030E-01 -0.1259125E-01 -0.1267933E-01 -0.1243956E-01 -0.1225935E-01 -0.1210222E-01
 -0.1200044E-01 -0.1189129E-01 -0.1182645E-01 -0.1179664E-01 -0.1195022E-01 -0.1246284E-01 -0.1248648E-01 -0.1237082E-01 -0.1232236E-01 -0.1233994E-01
 -0.1220001E-01 -0.1212234E-01 -0.1225450E-01 -0.1225370E-01 -0.1221939E-01 -0.1231828E-01 -0.1232866E-01 -0.1239666E-01 -0.1260988E-01 -0.1280065E-01
 -0.1287453E-01 -0.1283888E-01 -0.1278216E-01 -0.1264166E-01 -0.1257672E-01 -0.1241650E-01 -0.1233777E-01 -0.1221611E-01 -0.1229192E-01 -0.1228529E-01
 -0.1226012E-01 -0.1221111E-01 -0.1210037E-01 -0.1201898E-01 -0.1184857E-01 -0.1165300E-01 -0.1170019E-01 -0.1176621E-01 -0.1161621E-01 -0.1146151E-01
 -0.1137212E-01 -0.1146675E-01 -0.1153433E-01 -0.1146294E-01 -0.1135493E-01 -0.1136847E-01 -0.1143052E-01 -0.1147282E-01 -0.1135591E-01 -0.1141167E-01
 -0.1134409E-01 -0.1130100E-01 -0.1138661E-01 -0.1154624E-01 -0.1161783E-01 -0.1168186E-01 -0.1192902E-01 -0.1223175E-01 -0.1227090E-01 -0.1221485E-01
 -0.1217299E-01 -0.1209403E-01 -0.1211286E-01 -0.1216236E-01 -0.1226260E-01 -0.1226594E-01 -0.1216182E-01 -0.1215386E-01 -0.1242653E-01 -0.1255136E-01
 -0.1277358E-01 -0.1288750E-01 -0.1295587E-01 -0.1297391E-01 -0.1276854E-01 -0.1261712E-01 -0.1259727E-01 -0.1255427E-01 -0.1232470E-01 -0.1221807E-01
 -0.1200196E-01 -0.1179773E-01 -0.1161110E-01 -0.1144521E-01 -0.1139195E-01 -0.1141968E-01 -0.1163474E-01 -0.1174455E-01 -0.1192709E-01 -0.1215429E-01
 -0.1217175E-01 -0.1224528E-01 -0.1231101E-01 -0.1221954E-01 -0.1220603E-01 -0.1234436E-01 -0.1257127E-01 -0.1262683E-01 -0.1252981E-01 -0.1243685E-01
 -0.1241702E-01 -0.1228218E-01 -0.1233248E-01 -0.1242491E-01 -0.1239965E-01 -0.1230069E-01 -0.1224481E-01 -0.1221052E-01 -0.1211799E-01 -0.1199183E-01
 -0.1190077E-01 -0.1184671E-01 -0.1185490E-01 -0.1197178E-01 -0.1201814E-01 -0.1202558E-01 -0.1213362E-01 -0.1211149E-01 -0.1213863E-01 -0.1221515E-01
 -0.1233320E-01 -0.1256556E-01 -0.1272729E-01 -0.1300190E-01 -0.1305126E-01 -0.1289142E-01 -0.1276988E-01 -0.1277979E-01 -0.1270395E-01 -0.1271812E-01
 -0.1288280E-01 -0.1290527E-01 -0.1285776E-01 -0.1251366E-01 -0.1243149E-01 -0.1231502E-01 -0.1234902E-01 -0.1231225E-01 -0.1244544E-01 -0.1254240E-01
 -0.1277893E-01 -0.1282407E-01 -0.1270000E-01 -0.1284494E-01 -0.1319063E-01 -0.1328647E-01 -0.1331138E-01 -0.1337089E-01 -0.1336007E-01 -0.1332855E-01
 -0.1343092E-01 -0.1339907E-01 -0.1320129E-01 -0.1313803E-01 -0.1313632E-01 -0.1303164E-01 -0.1297587E-01 -0.1283180E-01 -0.1285379E-01 -0.1278591E-01
 -0.1289802E-01 -0.1297372E-01 -0.1300520E-01 -0.1283813E-01 -0.1278572E-01 -0.1289582E-01 -0.1279419E-01 -0.1293886E-01 -0.1309050E-01 -0.1310815E-01
 -0.1299526E-01 -0.1294706E-01 -0.1289732E-01 -0.1316854E-01 -0.1316253E-01 -0.1322344E-01 -0.1334418E-01 -0.1332777E-01 -0.1324795E-01 -0.1328388E-01
 -0.1329008E-01 -0.1330973E-01 -0.1331610E-01 -0.1356549E-01 -0.1374566E-01 -0.1387154E-01 -0.1411433E-01 -0.1427831E-01 -0.1442001E-01 -0.1456957E-01
 -0.1457812E-01 -0.1429563E-01 -0.1402849E-01 -0.1395823E-01 -0.1390730E-01 -0.1399913E-01 -0.1390869E-01 -0.1405079E-01 -0.1408115E-01 -0.1399454E-01
 -0.1392755E-01 -0.1383763E-01 -0.1365687E-01 -0.1348747E-01 -0.1331387E-01 -0.1322259E-01 -0.1320017E-01 -0.1319020E-01 -0.1336742E-01 -0.1358541E-01
 -0.1380494E-01 -0.1381660E-01 -0.1376807E-01 -0.1368072E-01 -0.1358591E-01 -0.1359617E-01 -0.1360105E-01 -0.1370293E-01 -0.1366196E-01 -0.1354602E-01
 -0.1333506E-01 -0.1317747E-01 -0.1305229E-01 -0.1327056E-01 -0.1333904E-01 -0.1328344E-01 -0.1354196E-01 -0.1365443E-01 -0.1368792E-01 -0.1390612E-01
 -0.1396440E-01 -0.1371863E-01 -0.1352341E-01 -0.1336291E-01 -0.1328459E-01 -0.1307164E-01 -0.1307056E-01 -0.1303654E-01 -0.1312491E-01 -0.1320477E-01
 -0.1330411E-01 -0.1347291E-01 -0.1341970E-01 -0.1338761E-01 -0.1328946E-01 -0.1312765E-01 -0.1287488E-01 -0.1273748E-01 -0.1252170E-01 -0.1240682E-01
 -0.1229415E-01 -0.1234481E-01 -0.1234290E-01 -0.1230954E-01 -0.1246345E-01 -0.1253060E-01 -0.1251646E-01 -0.1263187E-01 -0.1253888E-01 -0.1245601E-01
 -0.1234351E-01 -0.1216431E-01 -0.1201641E-01 -0.1180928E-01 -0.1185725E-01 -0.1183012E-01 -0.1196849E-01 -0.1220171E-01 -0.1225958E-01 -0.1221352E-01
 -0.1231375E-01 -0.1236464E-01 -0.1231640E-01 -0.1230219E-01 -0.1228571E-01 -0.1233897E-01 -0.1233856E-01 -0.1227684E-01 -0.1226356E-01 -0.1232848E-01
 -0.1255852E-01 -0.1274414E-01 -0.1275142E-01 -0.1277509E-01 -0.1294481E-01 -0.1315892E-01 -0.1314977E-01 -0.1319580E-01 -0.1303071E-01 -0.1284074E-01
 -0.1263958E-01 -0.1247445E-01 -0.1236490E-01 -0.1239762E-01 -0.1234999E-01 -0.1242175E-01 -0.1245853E-01 -0.1254749E-01 -0.1265117E-01 -0.1282094E-01
 -0.1286000E-01 -0.1282287E-01 -0.1274321E-01 -0.1262822E-01 -0.1267701E-01 -0.1264827E-01 -0.1270077E-01 -0.1269608E-01 -0.1263034E-01 -0.1264067E-01
 -0.1257857E-01 -0.1260481E-01 -0.1267941E-01 -0.1255270E-01 -0.1265381E-01 -0.1289637E-01 -0.1284342E-01 -0.1283178E-01 -0.1275758E-01 -0.1260069E-01
 -0.1250495E-01 -0.1238217E-01 -0.1229909E-01 -0.1229609E-01 -0.1224261E-01 -0.1236456E-01 -0.1248617E-01 -0.1253665E-01 -0.1247996E-01 -0.1242867E-01
 -0.1244265E-01 -0.1258725E-01 -0.1265641E-01 -0.1257721E-01 -0.1240631E-01 -0.1230600E-01 -0.1226275E-01 -0.1222692E-01 -0.1231165E-01 -0.1232107E-01
 -0.1230305E-01 -0.1230861E-01 -0.1245696E-01 -0.1251720E-01 -0.1266512E-01 -0.1284252E-01 -0.1294268E-01 -0.1295093E-01 -0.1295282E-01 -0.1284909E-01
 -0.1263269E-01 -0.1262986E-01 -0.1263650E-01 -0.1255936E-01 -0.1260725E-01 -0.1268483E-01 -0.1272000E-01 -0.1276157E-01 -0.1281449E-01 -0.1300150E-01
 -0.1327264E-01 -0.1339367E-01 -0.1375751E-01 -0.1403575E-01 -0.1427634E-01 -0.1420159E-01 -0.1423753E-01 -0.1417242E-01 -0.1419282E-01 -0.1424718E-01
 -0.1418803E-01 -0.1439142E-01 -0.1443341E-01 -0.1456778E-01 -0.1486291E-01 -0.1484377E-01 -0.1477738E-01 -0.1459715E-01 -0.1418415E-01 -0.1399296E-01
 -0.1397249E-01 -0.1376754E-01 -0.1363312E-01 -0.1360577E-01 -0.1374824E-01 -0.1375379E-01 -0.1352615E-01 -0.1328537E-01 -0.1333498E-01 -0.1345786E-01
 -0.1361795E-01 -0.1353544E-01 -0.1353082E-01 -0.1367197E-01 -0.1373889E-01 -0.1366553E-01 -0.1350241E-01 -0.1348466E-01 -0.1341483E-01 -0.1344935E-01
 -0.1354064E-01
  0.9297418E+00  0.6455136E+00  0.5532609E+00  0.5010416E+00  0.4654787E+00  0.4388911E+00  0.4178846E+00  0.4007122E+00  0.3864207E+00  0.3748144E+00
  0.3665251E+00  0.3615513E+00  0.3599074E+00  0.3574841E+00  0.3558643E+00  0.3567401E+00  0.3584999E+00  0.3632014E+00  0.3695985E+00  0.3790173E+00
  0.3860311E+00  0.3909100E+00  0.3968058E+00  0.3990559E+00  0.3958517E+00  0.3925200E+00  0.3942081E+00  0.3979904E+00  0.3972381E+00  0.3921449E+00
  0.3837894E+00  0.3766614E+00  0.3748134E+00  0.3756531E+00  0.3740111E+00  0.3710436E+00  0.3683871E+00  0.3674284E+00  0.3675073E+00  0.3663886E+00
  0.3624133E+00  0.3569698E+00  0.3519406E+00  0.3476875E+00  0.3468728E+00  0.3444420E+00  0.3418651E+00  0.3364984E+00  0.3328697E+00  0.3295620E+00
  0.3255208E+00  0.3228953E+00  0.3192625E+00  0.3147606E+00  0.3125191E+00  0.3116489E+00  0.3111787E+00  0.3111912E+00  0.3089506E+00  0.3082480E+00
  0.3082534E+00  0.3081572E+00  0.3069480E+00  0.3046089E+00  0.3019771E+00  0.2998814E+00  0.2979360E+00  0.2972807E+00  0.2974150E+00  0.2973084E+00
  0.2951796E+00  0.2923340E+00  0.2900266E+00  0.2881896E+00  0.2869933E+00  0.2870642E+00  0.2893114E+00  0.2884643E+00  0.2854726E+00  0.2815000E+00
  0.2781341E+00  0.2753491E+00  0.2723161E+00  0.2710750E+00  0.2704966E+00  0.2693155E+00  0.2681805E+00  0.2675621E+00  0.2673443E+00  0.2669799E+00
  0.2652206E+00  0.2639222E+00  0.2633840E+00  0.2635239E+00  0.2639218E+00  0.2643816E+00  0.2648903E+00  0.2648714E+00  0.2637608E+00  0.2637259E+00
  0.2630085E+00  0.2618075E+00  0.2607357E+00  0.2586894E+00  0.2581178E+00  0.2581982E+00  0.2584198E+00  0.2580145E+00  0.2580527E+00  0.2573446E+00
  0.2562668E+00  0.2546368E+00  0.2534918E+00  0.2540106E+00  0.2558016E+00  0.2567352E+00  0.2564995E+00  0.2557236E+00  0.2542427E+00  0.2526386E+00
  0.2512028E+00  0.2491077E+00  0.2472973E+00  0.2468462E+00  0.2465138E+00  0.2465274E+00  0.2472373E+00  0.2476335E+00  0.2470935E+00  0.2455368E+00
  0.2442931E+00  0.2433804E+00  0.2430173E+00  0.2425972E+00  0.2426444E+00  0.2427556E+00  0.2425161E+00  0.2421587E+00  0.2411573E+00  0.2403208E+00
  0.2405532E+00  0.2419979E+00  0.2418927E+00  0.2408466E+00  0.2409933E+00  0.2409097E+00  0.2403383E+00  0.2398558E+00  0.2398752E+00  0.2400728E+00
  0.2414243E+00  0.2427908E+00  0.2442887E+00  0.2444434E+00  0.2443737E+00  0.2453913E+00  0.2447998E+00  0.2430741E+00  0.2420784E+00  0.2422423E+00
  0.2422361E+00  0.2411583E+00  0.2400338E+00  0.2399832E+00  0.2401069E+00  0.2401764E+00  0.2400845E+00  0.2399645E+00  0.2404148E+00  0.2405257E+00
  0.2408137E+00  0.2406628E+00  0.2398544E+00  0.2386727E+00  0.2370418E+00  0.2359787E+00  0.2355692E+00  0.2349600E+00  0.2351623E+00  0.2360112E+00
  0.2384168E+00  0.2409747E+00  0.2422997E+00  0.2429568E+00  0.2434281E+00  0.2435818E+00  0.2432059E+00  0.2434868E+00  0.2439753E+00  0.2438569E+00
  0.2436832E+00  0.2433062E+00  0.2432844E+00  0.2426384E+00  0.2420493E+00  0.2412613E+00  0.2416384E+00  0.2421993E+00  0.2430351E+00  0.2423430E+00
  0.2424203E+00  0.2434411E+00  0.2441136E+00  0.2440081E+00  0.2433260E+00  0.2431281E+00  0.2431815E+00  0.2443112E+00  0.2451793E+00  0.2461504E+00
  0.2477618E+00  0.2484223E+00  0.2478786E+00  0.2468442E+00  0.2461153E+00  0.2452776E+00  0.2438329E+00  0.2420845E+00  0.2416273E+00  0.2414393E+00
  0.2416461E+00  0.2416729E+00  0.2420477E+00  0.2427851E+00  0.2433252E+00  0.2444436E+00  0.2448994E+00  0.2455476E+00  0.2460078E+00  0.2464301E+00
  0.2474047E+00  0.2488606E+00  0.2492404E+00  0.2485420E+00  0.2486444E+00  0.2490971E+00  0.2494290E+00  0.2499860E+00  0.2499476E+00  0.2505235E+00
  0.2512953E+00  0.2529777E+00  0.2540478E+00  0.2542804E+00  0.2543442E+00  0.2558872E+00  0.2585980E+00  0.2607054E+00  0.2611507E+00  0.2628343E+00
  0.2638635E+00  0.2638380E+00  0.2631731E+00  0.2642451E+00  0.2654219E+00  0.2653357E+00  0.2652971E+00  0.2648310E+00  0.2645647E+00  0.2639661E+00
  0.2624208E+00  0.2610597E+00  0.2595027E+00  0.2587521E+00  0.2584554E+00  0.2580792E+00  0.2576793E+00  0.2574604E+00  0.2569876E+00  0.2566042E+00
  0.2570948E+00  0.2580752E+00  0.2579479E+00  0.2586359E+00  0.2595134E+00  0.2599546E+00  0.2593400E+00  0.2592339E+00  0.2602393E+00  0.2622172E+00
  0.2631297E+00  0.2663856E+00  0.2682759E+00  0.2681618E+00  0.2679717E+00  0.2674386E+00  0.2667279E+00  0.2665273E+00  0.2667204E+00  0.2662297E+00
  0.2659631E+00  0.2660350E+00  0.2668542E+00  0.2691525E+00  0.2716468E+00  0.2721981E+00  0.2727167E+00  0.2724468E+00  0.2716919E+00  0.2712489E+00
  0.2707651E+00  0.2704759E+00  0.2687339E+00  0.2669008E+00  0.2654478E+00  0.2645151E+00  0.2658580E+00  0.2673478E+00  0.2702619E+00  0.2720078E+00
  0.2731455E+00  0.2757621E+00  0.2774198E+00  0.2767715E+00  0.2752255E+00  0.2733988E+00  0.2724176E+00  0.2715033E+00  0.2706348E+00  0.2706784E+00
  0.2718952E+00  0.2732624E+00  0.2741070E+00  0.2747281E+00  0.2761016E+00  0.2773870E+00  0.2780653E+00  0.2781497E+00  0.2784766E+00  0.2778089E+00
  0.2770848E+00  0.2773246E+00  0.2804830E+00  0.2831101E+00  0.2833140E+00  0.2834039E+00  0.2850805E+00  0.2862456E+00  0.2871065E+00  0.2865081E+00
  0.2842859E+00  0.2819679E+00  0.2803221E+00  0.2786599E+00  0.2773127E+00  0.2759447E+00  0.2753891E+00  0.2753871E+00  0.2757683E+00  0.2755531E+00
  0.2756962E+00  0.2756710E+00  0.2755204E+00  0.2754486E+00  0.2752099E+00  0.2752110E+00  0.2763217E+00  0.2776677E+00  0.2802199E+00  0.2828353E+00
  0.2849693E+00  0.2859933E+00  0.2867349E+00  0.2860883E+00  0.2857736E+00  0.2847245E+00  0.2852387E+00  0.2861315E+00  0.2866142E+00  0.2861503E+00
  0.2846835E+00  0.2830220E+00  0.2809860E+00  0.2796803E+00  0.2789681E+00  0.2790218E+00  0.2781752E+00  0.2778068E+00  0.2779528E+00  0.2790105E+00
  0.2794227E+00  0.2798850E+00  0.2805111E+00  0.2811910E+00  0.2818476E+00  0.2824172E+00  0.2819187E+00  0.2812935E+00  0.2814335E+00  0.2819953E+00
  0.2820425E+00  0.2815072E+00  0.2823861E+00  0.2859254E+00  0.2889063E+00  0.2908934E+00  0.2925127E+00  0.2930800E+00  0.2920481E+00  0.2906855E+00
  0.2897662E+00  0.2892139E+00  0.2887043E+00  0.2886068E+00  0.2877943E+00  0.2863097E+00  0.2849095E+00  0.2853387E+00  0.2865450E+00  0.2873061E+00
  0.2872097E+00  0.2872881E+00  0.2868941E+00  0.2858891E+00  0.2844846E+00  0.2824882E+00  0.2810650E+00  0.2806935E+00  0.2817391E+00  0.2826106E+00
  0.2836957E+00  0.2852588E+00  0.2860542E+00  0.2861430E+00  0.2870899E+00  0.2877479E+00  0.2877213E+00  0.2874362E+00  0.2881802E+00  0.2895565E+00
  0.2918158E+00  0.2935875E+00  0.2944144E+00  0.2934704E+00  0.2925821E+00  0.2912774E+00  0.2905376E+00  0.2919342E+00  0.2931538E+00  0.2938908E+00
  0.2928010E+00  0.2924207E+00  0.2923471E+00  0.2918273E+00  0.2916968E+00  0.2923031E+00  0.2923348E+00  0.2924769E+00  0.2927600E+00  0.2928567E+00
  0.2935104E+00  0.2942630E+00  0.2954839E+00  0.2959159E+00  0.2956643E+00  0.2946912E+00  0.2936762E+00  0.2919765E+00  0.2911526E+00  0.2902187E+00
  0.2893562E+00  0.2878723E+00  0.2870497E+00  0.2860904E+00  0.2868842E+00  0.2893405E+00  0.2911124E+00  0.2902584E+00  0.2898597E+00  0.2900889E+00
  0.2894497E+00  0.2891854E+00  0.2895057E+00  0.2893961E+00  0.2893255E+00  0.2903249E+00  0.2911086E+00  0.2918335E+00  0.2930085E+00  0.2945316E+00
  0.2959424E+00  0.2975570E+00  0.2973633E+00  0.2965293E+00  0.2960339E+00  0.2941955E+00  0.2928492E+00  0.2910449E+00  0.2904872E+00  0.2899478E+00
  0.2894567E+00  0.2888536E+00  0.2884865E+00  0.2876769E+00  0.2860442E+00  0.2845527E+00  0.2839258E+00  0.2837085E+00  0.2825994E+00  0.2815724E+00
  0.2812965E+00  0.2814899E+00  0.2809318E+00  0.2801659E+00  0.2793389E+00  0.2788086E+00  0.2788657E+00  0.2791966E+00  0.2787029E+00  0.2786292E+00
  0.2783294E+00  0.2781345E+00  0.2781742E+00  0.2795008E+00  0.2796315E+00  0.2801774E+00  0.2831666E+00  0.2868674E+00  0.2886848E+00  0.2892885E+00
  0.2878101E+00  0.2870776E+00  0.2867783E+00  0.2869690E+00  0.2875879E+00  0.2877572E+00  0.2872153E+00  0.2865757E+00  0.2881604E+00  0.2899641E+00
  0.2916925E+00  0.2933704E+00  0.2948625E+00  0.2955643E+00  0.2943657E+00  0.2929125E+00  0.2922771E+00  0.2917837E+00  0.2903682E+00  0.2887296E+00
  0.2864726E+00  0.2843717E+00  0.2820891E+00  0.2798166E+00  0.2786554E+00  0.2786076E+00  0.2792159E+00  0.2803820E+00  0.2821411E+00  0.2848813E+00
  0.2861502E+00  0.2870314E+00  0.2874575E+00  0.2875616E+00  0.2871968E+00  0.2876759E+00  0.2888243E+00  0.2899093E+00  0.2891828E+00  0.2887502E+00
  0.2882833E+00  0.2877775E+00  0.2874377E+00  0.2876763E+00  0.2868312E+00  0.2860162E+00  0.2858241E+00  0.2858620E+00  0.2852607E+00  0.2841530E+00
  0.2830113E+00  0.2827965E+00  0.2828243E+00  0.2832967E+00  0.2837220E+00  0.2839072E+00  0.2835666E+00  0.2836536E+00  0.2845495E+00  0.2849631E+00
  0.2851265E+00  0.2865286E+00  0.2885960E+00  0.2908883E+00  0.2915894E+00  0.2912273E+00  0.2907893E+00  0.2911304E+00  0.2912497E+00  0.2911239E+00
  0.2916656E+00  0.2920541E+00  0.2911049E+00  0.2897246E+00  0.2886262E+00  0.2886742E+00  0.2885883E+00  0.2882527E+00  0.2884946E+00  0.2894440E+00
  0.2908641E+00  0.2912930E+00  0.2912933E+00  0.2920014E+00  0.2942140E+00  0.2951944E+00  0.2959238E+00  0.2967561E+00  0.2970452E+00  0.2963127E+00
  0.2963998E+00  0.2961974E+00  0.2949735E+00  0.2948221E+00  0.2948581E+00  0.2943788E+00  0.2935864E+00  0.2923907E+00  0.2917907E+00  0.2917166E+00
  0.2922993E+00  0.2921496E+00  0.2920101E+00  0.2910328E+00  0.2907608E+00  0.2909212E+00  0.2909887E+00  0.2919100E+00  0.2929159E+00  0.2921153E+00
  0.2904044E+00  0.2893816E+00  0.2895639E+00  0.2913034E+00  0.2923781E+00  0.2931878E+00  0.2932311E+00  0.2923664E+00  0.2917730E+00  0.2912731E+00
  0.2912386E+00  0.2917679E+00  0.2930487E+00  0.2949870E+00  0.2961193E+00  0.2972404E+00  0.2987907E+00  0.3010295E+00  0.3034451E+00  0.3054771E+00
  0.3055146E+00  0.3038449E+00  0.3026669E+00  0.3013078E+00  0.3001231E+00  0.2997545E+00  0.2995400E+00  0.2997565E+00  0.2994227E+00  0.2984367E+00
  0.2985025E+00  0.2980462E+00  0.2965158E+00  0.2949609E+00  0.2930297E+00  0.2925825E+00  0.2920504E+00  0.2920715E+00  0.2925589E+00  0.2935369E+00
  0.2953481E+00  0.2966641E+00  0.2969886E+00  0.2962749E+00  0.2951269E+00  0.2941591E+00  0.2932130E+00  0.2930224E+00  0.2926633E+00  0.2920478E+00
  0.2904905E+00  0.2895099E+00  0.2889856E+00  0.2894579E+00  0.2903576E+00  0.2917134E+00  0.2929649E+00  0.2938183E+00  0.2949290E+00  0.2960189E+00
  0.2955393E+00  0.2940815E+00  0.2926705E+00  0.2914296E+00  0.2907472E+00  0.2900185E+00  0.2895092E+00  0.2888246E+00  0.2893158E+00  0.2899401E+00
  0.2909658E+00  0.2915872E+00  0.2913771E+00  0.2909018E+00  0.2896412E+00  0.2878140E+00  0.2858609E+00  0.2839931E+00  0.2819872E+00  0.2802650E+00
  0.2795399E+00  0.2793629E+00  0.2794165E+00  0.2798911E+00  0.2805076E+00  0.2808705E+00  0.2813226E+00  0.2815208E+00  0.2808491E+00  0.2800105E+00
  0.2785049E+00  0.2768164E+00  0.2754427E+00  0.2740144E+00  0.2736859E+00  0.2733296E+00  0.2742590E+00  0.2757078E+00  0.2774477E+00  0.2784873E+00
  0.2792745E+00  0.2796470E+00  0.2797960E+00  0.2798714E+00  0.2799509E+00  0.2800736E+00  0.2798080E+00  0.2792969E+00  0.2791958E+00  0.2794717E+00
  0.2806017E+00  0.2822006E+00  0.2821074E+00  0.2818451E+00  0.2831059E+00  0.2844650E+00  0.2850394E+00  0.2849658E+00  0.2840494E+00  0.2831107E+00
  0.2817463E+00  0.2803401E+00  0.2793178E+00  0.2789757E+00  0.2786304E+00  0.2784078E+00  0.2784442E+00  0.2788015E+00  0.2793676E+00  0.2804352E+00
  0.2806992E+00  0.2806263E+00  0.2799504E+00  0.2802739E+00  0.2807588E+00  0.2812219E+00  0.2815025E+00  0.2809029E+00  0.2799250E+00  0.2792432E+00
  0.2788785E+00  0.2796683E+00  0.2801190E+00  0.2803342E+00  0.2807596E+00  0.2821853E+00  0.2825644E+00  0.2818891E+00  0.2806244E+00  0.2794646E+00
  0.2784239E+00  0.2766707E+00  0.2760596E+00  0.2762296E+00  0.2764857E+00  0.2770416E+00  0.2772537E+00  0.2776985E+00  0.2781265E+00  0.2782182E+00
  0.2781453E+00  0.2778316E+00  0.2774035E+00  0.2764630E+00  0.2759087E+00  0.2750482E+00  0.2743880E+00  0.2740609E+00  0.2745866E+00  0.2747556E+00
  0.2747080E+00  0.2748744E+00  0.2754200E+00  0.2759979E+00  0.2767918E+00  0.2777407E+00  0.2785060E+00  0.2792236E+00  0.2795245E+00  0.2791144E+00
  0.2782924E+00  0.2776354E+00  0.2768776E+00  0.2768831E+00  0.2771357E+00  0.2785590E+00  0.2791670E+00  0.2791604E+00  0.2791303E+00  0.2802878E+00
  0.2819448E+00  0.2837486E+00  0.2872438E+00  0.2902656E+00  0.2926485E+00  0.2932529E+00  0.2933822E+00  0.2929977E+00  0.2930700E+00  0.2935909E+00
  0.2932848E+00  0.2936731E+00  0.2943986E+00  0.2960257E+00  0.2980718E+00  0.2994991E+00  0.2995067E+00  0.2984768E+00  0.2964894E+00  0.2947344E+00
  0.2938860E+00  0.2925306E+00  0.2912270E+00  0.2901140E+00  0.2888140E+00  0.2872714E+00  0.2854560E+00  0.2839271E+00  0.2831690E+00  0.2830774E+00
  0.2837327E+00  0.2831381E+00  0.2833635E+00  0.2843652E+00  0.2849181E+00  0.2847927E+00  0.2840490E+00  0.2837493E+00  0.2836485E+00  0.2842876E+00
  0.2845181E+00
 -0.6759369E+15  0.9631213E+05  0.4296399E+05  0.2747490E+05  0.2026545E+05  0.1611303E+05  0.1340731E+05  0.1148196E+05  0.1000848E+05  0.8714154E+04
  0.7265219E+04  0.5610842E+04  0.4520135E+04  0.3751120E+04  0.3302965E+04  0.2974266E+04  0.2724141E+04  0.2540215E+04  0.2422961E+04  0.2364968E+04
  0.2315850E+04  0.2290386E+04  0.2245494E+04  0.2185919E+04  0.2080060E+04  0.2012723E+04  0.1919366E+04  0.1843580E+04  0.1799580E+04  0.1720875E+04
  0.1610628E+04  0.1513104E+04  0.1455378E+04  0.1405637E+04  0.1358550E+04  0.1296960E+04  0.1245738E+04  0.1172947E+04  0.1133600E+04  0.1062642E+04
  0.1013045E+04  0.9602676E+03  0.9212235E+03  0.8724886E+03  0.8365561E+03  0.7816770E+03  0.7609043E+03  0.7311009E+03  0.7008948E+03  0.6743635E+03
  0.6517216E+03  0.6319223E+03  0.6154882E+03  0.5893926E+03  0.5689800E+03  0.5482980E+03  0.5332326E+03  0.5212575E+03  0.5078737E+03  0.4899497E+03
  0.4754758E+03  0.4671704E+03  0.4628642E+03  0.4522343E+03  0.4380173E+03  0.4248889E+03  0.4180675E+03  0.4121638E+03  0.4080868E+03  0.4004307E+03
  0.3928569E+03  0.3857971E+03  0.3752432E+03  0.3686329E+03  0.3592459E+03  0.3464567E+03  0.3445532E+03  0.3395206E+03  0.3308411E+03  0.3233824E+03
  0.3133661E+03  0.3039894E+03  0.2986615E+03  0.2952874E+03  0.2919651E+03  0.2864144E+03  0.2810848E+03  0.2752841E+03  0.2710491E+03  0.2662854E+03
  0.2597240E+03  0.2553414E+03  0.2531262E+03  0.2517917E+03  0.2530423E+03  0.2523504E+03  0.2462496E+03  0.2443316E+03  0.2393908E+03  0.2354444E+03
  0.2353213E+03  0.2326493E+03  0.2298074E+03  0.2276216E+03  0.2241822E+03  0.2223160E+03  0.2200027E+03  0.2156281E+03  0.2135606E+03  0.2119304E+03
  0.2115130E+03  0.2113594E+03  0.2075534E+03  0.2046572E+03  0.2063243E+03  0.2069499E+03  0.2050180E+03  0.2030183E+03  0.2009768E+03  0.1993071E+03
  0.1958034E+03  0.1907313E+03  0.1877515E+03  0.1861025E+03  0.1829241E+03  0.1817187E+03  0.1821151E+03  0.1822098E+03  0.1818216E+03  0.1820850E+03
  0.1791415E+03  0.1752852E+03  0.1737803E+03  0.1718751E+03  0.1699158E+03  0.1700155E+03  0.1699328E+03  0.1676955E+03  0.1671845E+03  0.1668210E+03
  0.1668325E+03  0.1671843E+03  0.1675711E+03  0.1657848E+03  0.1644423E+03  0.1627023E+03  0.1619278E+03  0.1592140E+03  0.1595541E+03  0.1585139E+03
  0.1589159E+03  0.1593032E+03  0.1579616E+03  0.1564572E+03  0.1571462E+03  0.1584935E+03  0.1584110E+03  0.1575465E+03  0.1552574E+03  0.1551472E+03
  0.1551518E+03  0.1541286E+03  0.1519884E+03  0.1503602E+03  0.1499396E+03  0.1500047E+03  0.1491831E+03  0.1483666E+03  0.1503235E+03  0.1515909E+03
  0.1511072E+03  0.1506675E+03  0.1508912E+03  0.1496454E+03  0.1465422E+03  0.1452915E+03  0.1438233E+03  0.1431576E+03  0.1431475E+03  0.1429923E+03
  0.1430771E+03  0.1442623E+03  0.1455252E+03  0.1453690E+03  0.1462138E+03  0.1472087E+03  0.1463308E+03  0.1452758E+03  0.1445954E+03  0.1445800E+03
  0.1444574E+03  0.1434106E+03  0.1441121E+03  0.1445195E+03  0.1432247E+03  0.1413298E+03  0.1426444E+03  0.1418608E+03  0.1423517E+03  0.1415335E+03
  0.1413178E+03  0.1415898E+03  0.1412770E+03  0.1426213E+03  0.1422381E+03  0.1409671E+03  0.1399039E+03  0.1394764E+03  0.1406167E+03  0.1402278E+03
  0.1411385E+03  0.1423936E+03  0.1432193E+03  0.1412451E+03  0.1403367E+03  0.1395411E+03  0.1388425E+03  0.1394926E+03  0.1399863E+03  0.1398891E+03
  0.1399129E+03  0.1380680E+03  0.1374795E+03  0.1382166E+03  0.1360370E+03  0.1359469E+03  0.1373456E+03  0.1387271E+03  0.1389886E+03  0.1375467E+03
  0.1391462E+03  0.1379213E+03  0.1371116E+03  0.1377370E+03  0.1372734E+03  0.1372426E+03  0.1383468E+03  0.1394099E+03  0.1399698E+03  0.1381328E+03
  0.1374697E+03  0.1372249E+03  0.1375939E+03  0.1376780E+03  0.1375843E+03  0.1392453E+03  0.1406628E+03  0.1401444E+03  0.1394061E+03  0.1407020E+03
  0.1428398E+03  0.1450294E+03  0.1438892E+03  0.1445569E+03  0.1464878E+03  0.1456245E+03  0.1446258E+03  0.1444611E+03  0.1443054E+03  0.1425763E+03
  0.1419366E+03  0.1410109E+03  0.1393437E+03  0.1392087E+03  0.1386061E+03  0.1376934E+03  0.1370190E+03  0.1365798E+03  0.1373564E+03  0.1363090E+03
  0.1361586E+03  0.1362461E+03  0.1369283E+03  0.1360707E+03  0.1372383E+03  0.1359746E+03  0.1355868E+03  0.1343980E+03  0.1349283E+03  0.1371304E+03
  0.1379334E+03  0.1394681E+03  0.1422623E+03  0.1421764E+03  0.1417175E+03  0.1404012E+03  0.1398117E+03  0.1393060E+03  0.1386610E+03  0.1382514E+03
  0.1384250E+03  0.1392111E+03  0.1373955E+03  0.1373324E+03  0.1408487E+03  0.1405099E+03  0.1421008E+03  0.1414093E+03  0.1418984E+03  0.1405396E+03
  0.1400121E+03  0.1407464E+03  0.1416274E+03  0.1390914E+03  0.1370225E+03  0.1364286E+03  0.1366779E+03  0.1346804E+03  0.1343223E+03  0.1339205E+03
  0.1340738E+03  0.1362753E+03  0.1373154E+03  0.1380921E+03  0.1386726E+03  0.1395971E+03  0.1387886E+03  0.1388273E+03  0.1373736E+03  0.1372443E+03
  0.1367156E+03  0.1385698E+03  0.1384461E+03  0.1371865E+03  0.1382481E+03  0.1381024E+03  0.1378423E+03  0.1407237E+03  0.1401721E+03  0.1391083E+03
  0.1378100E+03  0.1370314E+03  0.1388739E+03  0.1415844E+03  0.1412245E+03  0.1412315E+03  0.1424437E+03  0.1446601E+03  0.1467716E+03  0.1473917E+03
  0.1466932E+03  0.1445786E+03  0.1427036E+03  0.1415121E+03  0.1407725E+03  0.1413337E+03  0.1402224E+03  0.1408483E+03  0.1408741E+03  0.1406566E+03
  0.1405286E+03  0.1395813E+03  0.1383092E+03  0.1374527E+03  0.1372357E+03  0.1355176E+03  0.1370886E+03  0.1373869E+03  0.1384991E+03  0.1384920E+03
  0.1385931E+03  0.1388496E+03  0.1398582E+03  0.1394690E+03  0.1416640E+03  0.1411068E+03  0.1399669E+03  0.1410792E+03  0.1409776E+03  0.1409800E+03
  0.1402056E+03  0.1396022E+03  0.1374006E+03  0.1366321E+03  0.1371533E+03  0.1369430E+03  0.1351952E+03  0.1358328E+03  0.1347447E+03  0.1359767E+03
  0.1371412E+03  0.1375743E+03  0.1378599E+03  0.1379142E+03  0.1385544E+03  0.1398083E+03  0.1385454E+03  0.1379015E+03  0.1372129E+03  0.1369155E+03
  0.1364236E+03  0.1357223E+03  0.1360642E+03  0.1374174E+03  0.1374619E+03  0.1387709E+03  0.1406637E+03  0.1416136E+03  0.1424030E+03  0.1416043E+03
  0.1400747E+03  0.1399419E+03  0.1389812E+03  0.1397654E+03  0.1394986E+03  0.1373485E+03  0.1360731E+03  0.1357351E+03  0.1366870E+03  0.1374551E+03
  0.1385162E+03  0.1393048E+03  0.1384164E+03  0.1375574E+03  0.1371484E+03  0.1368878E+03  0.1361146E+03  0.1355534E+03  0.1345789E+03  0.1358533E+03
  0.1369248E+03  0.1375272E+03  0.1374572E+03  0.1358683E+03  0.1334581E+03  0.1364091E+03  0.1369358E+03  0.1364402E+03  0.1383249E+03  0.1396447E+03
  0.1398720E+03  0.1403788E+03  0.1421661E+03  0.1424885E+03  0.1412927E+03  0.1395673E+03  0.1374825E+03  0.1386189E+03  0.1393262E+03  0.1388906E+03
  0.1380498E+03  0.1383089E+03  0.1388855E+03  0.1381447E+03  0.1368759E+03  0.1370858E+03  0.1390721E+03  0.1398053E+03  0.1384346E+03  0.1394711E+03
  0.1388146E+03  0.1366227E+03  0.1367216E+03  0.1372247E+03  0.1366578E+03  0.1364848E+03  0.1341410E+03  0.1343663E+03  0.1351906E+03  0.1356321E+03
  0.1355666E+03  0.1347169E+03  0.1342977E+03  0.1332916E+03  0.1326770E+03  0.1305155E+03  0.1326764E+03  0.1327417E+03  0.1327154E+03  0.1328409E+03
  0.1334783E+03  0.1339659E+03  0.1329620E+03  0.1328196E+03  0.1330952E+03  0.1333996E+03  0.1343695E+03  0.1346333E+03  0.1339619E+03  0.1340342E+03
  0.1351892E+03  0.1377954E+03  0.1381367E+03  0.1385002E+03  0.1385188E+03  0.1377084E+03  0.1366932E+03  0.1355185E+03  0.1339100E+03  0.1332372E+03
  0.1328336E+03  0.1325347E+03  0.1332385E+03  0.1330145E+03  0.1326432E+03  0.1327706E+03  0.1313630E+03  0.1303262E+03  0.1304671E+03  0.1307917E+03
  0.1314326E+03  0.1306170E+03  0.1290808E+03  0.1288254E+03  0.1289025E+03  0.1280171E+03  0.1274004E+03  0.1273832E+03  0.1280130E+03  0.1272864E+03
  0.1276320E+03  0.1278495E+03  0.1269426E+03  0.1269872E+03  0.1263818E+03  0.1264267E+03  0.1278124E+03  0.1296004E+03  0.1316580E+03  0.1330936E+03
  0.1315142E+03  0.1313646E+03  0.1307506E+03  0.1304784E+03  0.1302509E+03  0.1304456E+03  0.1308205E+03  0.1300336E+03  0.1293019E+03  0.1304349E+03
  0.1304712E+03  0.1315624E+03  0.1328751E+03  0.1336401E+03  0.1341442E+03  0.1337534E+03  0.1330944E+03  0.1328750E+03  0.1333897E+03  0.1322887E+03
  0.1315373E+03  0.1308917E+03  0.1298186E+03  0.1285430E+03  0.1275429E+03  0.1271676E+03  0.1256363E+03  0.1260276E+03  0.1264493E+03  0.1277361E+03
  0.1292650E+03  0.1296795E+03  0.1295623E+03  0.1306741E+03  0.1303216E+03  0.1295071E+03  0.1286986E+03  0.1295817E+03  0.1296059E+03  0.1299895E+03
  0.1295665E+03  0.1303007E+03  0.1293101E+03  0.1286681E+03  0.1277972E+03  0.1277303E+03  0.1280548E+03  0.1284656E+03  0.1286314E+03  0.1284761E+03
  0.1279052E+03  0.1281965E+03  0.1281456E+03  0.1275316E+03  0.1276125E+03  0.1277836E+03  0.1261904E+03  0.1265374E+03  0.1274545E+03  0.1272093E+03
  0.1262085E+03  0.1257111E+03  0.1268198E+03  0.1271229E+03  0.1275600E+03  0.1286611E+03  0.1293005E+03  0.1296554E+03  0.1305898E+03  0.1302753E+03
  0.1293294E+03  0.1296207E+03  0.1288353E+03  0.1305039E+03  0.1298781E+03  0.1311718E+03  0.1306938E+03  0.1306274E+03  0.1295550E+03  0.1298269E+03
  0.1293086E+03  0.1294244E+03  0.1306891E+03  0.1301590E+03  0.1296511E+03  0.1300068E+03  0.1307279E+03  0.1312473E+03  0.1317378E+03  0.1310750E+03
  0.1301906E+03  0.1302329E+03  0.1305522E+03  0.1309789E+03  0.1310440E+03  0.1314536E+03  0.1309553E+03  0.1308141E+03  0.1297880E+03  0.1303777E+03
  0.1300205E+03  0.1290635E+03  0.1285666E+03  0.1289365E+03  0.1291022E+03  0.1282120E+03  0.1293204E+03  0.1290930E+03  0.1289212E+03  0.1276948E+03
  0.1265541E+03  0.1256878E+03  0.1264110E+03  0.1260523E+03  0.1275107E+03  0.1279808E+03  0.1268790E+03  0.1259147E+03  0.1259036E+03  0.1249188E+03
  0.1248162E+03  0.1253126E+03  0.1269094E+03  0.1270646E+03  0.1268488E+03  0.1271308E+03  0.1269090E+03  0.1282927E+03  0.1301147E+03  0.1313835E+03
  0.1313548E+03  0.1317662E+03  0.1327198E+03  0.1315989E+03  0.1305291E+03  0.1291956E+03  0.1297568E+03  0.1287232E+03  0.1280170E+03  0.1275409E+03
  0.1282391E+03  0.1284815E+03  0.1281871E+03  0.1277657E+03  0.1269060E+03  0.1271980E+03  0.1267201E+03  0.1268433E+03  0.1257895E+03  0.1250163E+03
  0.1253197E+03  0.1268953E+03  0.1277608E+03  0.1276519E+03  0.1270542E+03  0.1257136E+03  0.1244597E+03  0.1232936E+03  0.1232092E+03  0.1234815E+03
  0.1234390E+03  0.1236544E+03  0.1241634E+03  0.1227210E+03  0.1232329E+03  0.1254903E+03  0.1246857E+03  0.1247426E+03  0.1258538E+03  0.1252576E+03
  0.1241295E+03  0.1244928E+03  0.1244808E+03  0.1243803E+03  0.1242368E+03  0.1253137E+03  0.1246651E+03  0.1241057E+03  0.1239002E+03  0.1239497E+03
  0.1243346E+03  0.1235650E+03  0.1237870E+03  0.1234774E+03  0.1227794E+03  0.1219551E+03  0.1218352E+03  0.1207512E+03  0.1202477E+03  0.1191510E+03
  0.1193122E+03  0.1185969E+03  0.1186836E+03  0.1196127E+03  0.1189180E+03  0.1187404E+03  0.1194494E+03  0.1186085E+03  0.1186348E+03  0.1183575E+03
  0.1175199E+03  0.1170953E+03  0.1167806E+03  0.1169898E+03  0.1160980E+03  0.1159104E+03  0.1157430E+03  0.1153395E+03  0.1169821E+03  0.1187482E+03
  0.1187832E+03  0.1187683E+03  0.1194242E+03  0.1196587E+03  0.1199215E+03  0.1195610E+03  0.1192251E+03  0.1191691E+03  0.1191686E+03  0.1188928E+03
  0.1181364E+03  0.1184172E+03  0.1182324E+03  0.1176845E+03  0.1177071E+03  0.1174676E+03  0.1182629E+03  0.1177590E+03  0.1181041E+03  0.1186672E+03
  0.1188211E+03  0.1186004E+03  0.1183470E+03  0.1176013E+03  0.1176172E+03  0.1166575E+03  0.1163588E+03  0.1159792E+03  0.1157308E+03  0.1155125E+03
  0.1154873E+03  0.1157314E+03  0.1156155E+03  0.1170732E+03  0.1172289E+03  0.1180778E+03  0.1179419E+03  0.1172332E+03  0.1166169E+03  0.1156723E+03
  0.1157885E+03  0.1165320E+03  0.1164073E+03  0.1178536E+03  0.1174449E+03  0.1170003E+03  0.1179569E+03  0.1172194E+03  0.1163214E+03  0.1163156E+03
  0.1159016E+03  0.1148536E+03  0.1148649E+03  0.1151052E+03  0.1159299E+03  0.1154803E+03  0.1146183E+03  0.1147072E+03  0.1157619E+03  0.1163546E+03
  0.1161326E+03  0.1144105E+03  0.1132601E+03  0.1128180E+03  0.1136856E+03  0.1135432E+03  0.1131252E+03  0.1130513E+03  0.1129207E+03  0.1130429E+03
  0.1131496E+03  0.1133040E+03  0.1126228E+03  0.1127878E+03  0.1124351E+03  0.1120263E+03  0.1120808E+03  0.1128775E+03  0.1132262E+03  0.1136386E+03
  0.1145670E+03  0.1137830E+03  0.1127946E+03  0.1134941E+03  0.1133728E+03  0.1144243E+03  0.1148568E+03  0.1144745E+03  0.1139650E+03  0.1137289E+03
  0.1133931E+03  0.1145389E+03  0.1156814E+03  0.1170046E+03  0.1178891E+03  0.1192454E+03  0.1191017E+03  0.1191791E+03  0.1190959E+03  0.1192753E+03
  0.1193983E+03  0.1181791E+03  0.1187108E+03  0.1195767E+03  0.1196493E+03  0.1215329E+03  0.1220883E+03  0.1223250E+03  0.1233888E+03  0.1228668E+03
  0.1219872E+03  0.1220982E+03  0.1216609E+03  0.1205132E+03  0.1176683E+03  0.1157462E+03  0.1154769E+03  0.1156908E+03  0.1143396E+03  0.1131856E+03
  0.1126336E+03  0.1126092E+03  0.1129170E+03  0.1129406E+03  0.1130472E+03  0.1135041E+03  0.1139778E+03  0.1137670E+03  0.1142373E+03  0.1147160E+03
  0.1142201E+03
  0.0000000E+00  0.4665691E-01  0.6830860E-01  0.8740259E-01  0.8964697E-01  0.1575186E+00  0.2755618E+00  0.3926511E+00  0.7399099E+00  0.9552077E+00
  0.1255242E+01  0.1639631E+01  0.1629932E+01  0.1795303E+01  0.1719751E+01  0.1656184E+01  0.1606651E+01  0.1632324E+01  0.1977683E+01  0.1950460E+01
  0.2026511E+01  0.1962754E+01  0.2217860E+01  0.1944860E+01  0.2001474E+01  0.1881463E+01  0.1725917E+01  0.1801291E+01  0.1822398E+01  0.1663705E+01
  0.1794653E+01  0.1523668E+01  0.1688651E+01  0.1653326E+01  0.1882343E+01  0.1969268E+01  0.1949342E+01  0.1755799E+01  0.1651184E+01  0.1604838E+01
  0.1685772E+01  0.1740833E+01  0.1519387E+01  0.1559676E+01  0.1621268E+01  0.1452721E+01  0.1507001E+01  0.1248646E+01  0.1370468E+01  0.1351376E+01
  0.1231016E+01  0.1218010E+01  0.1370963E+01  0.1518726E+01  0.1185180E+01  0.1344685E+01  0.1299562E+01  0.1382349E+01  0.1468579E+01  0.1448253E+01
  0.1220559E+01  0.1320143E+01  0.1739027E+01  0.1499667E+01  0.1508996E+01  0.1433139E+01  0.1431373E+01  0.1195263E+01  0.1226544E+01  0.1624756E+01
  0.1152364E+01  0.1236424E+01  0.1220080E+01  0.1247096E+01  0.1177484E+01  0.1385411E+01  0.1287338E+01  0.1397151E+01  0.1441722E+01  0.1165184E+01
  0.1382128E+01  0.1284186E+01  0.1279076E+01  0.1312638E+01  0.1308899E+01  0.1035863E+01  0.1123736E+01  0.1154362E+01  0.1299581E+01  0.1274505E+01
  0.1422103E+01  0.1380284E+01  0.1251231E+01  0.1034314E+01  0.1106793E+01  0.1239472E+01  0.1183998E+01  0.1158055E+01  0.1164812E+01  0.9998875E+00
  0.1076944E+01  0.1044585E+01  0.1223060E+01  0.1019240E+01  0.1099485E+01  0.1059378E+01  0.1274559E+01  0.1266478E+01  0.1004932E+01  0.9946469E+00
  0.1085122E+01  0.1157468E+01  0.1087597E+01  0.1087401E+01  0.1173552E+01  0.9929807E+00  0.1101549E+01  0.1135213E+01  0.1118807E+01  0.1144669E+01
  0.1074779E+01  0.1193313E+01  0.1201231E+01  0.1044015E+01  0.1110830E+01  0.1054473E+01  0.1130886E+01  0.1158085E+01  0.9992046E+00  0.1012116E+01
  0.1003963E+01  0.1136117E+01  0.1069681E+01  0.9673203E+00  0.1082380E+01  0.8709363E+00  0.1064801E+01  0.1008411E+01  0.9763466E+00  0.1104281E+01
  0.1019395E+01  0.1018081E+01  0.1071651E+01  0.1105463E+01  0.1072375E+01  0.9348094E+00  0.1023232E+01  0.1137483E+01  0.9989395E+00  0.1139071E+01
  0.1209372E+01  0.1380593E+01  0.1377755E+01  0.1190208E+01  0.1171862E+01  0.1295987E+01  0.1212621E+01  0.1090077E+01  0.1062827E+01  0.1107793E+01
  0.1054885E+01  0.1002845E+01  0.9411753E+00  0.1016479E+01  0.9227596E+00  0.9361672E+00  0.9009046E+00  0.8923803E+00  0.9222064E+00  0.1064844E+01
  0.9820270E+00  0.9143795E+00  0.1069697E+01  0.9154684E+00  0.1010336E+01  0.9364479E+00  0.8817250E+00  0.9487134E+00  0.9494714E+00  0.9758570E+00
  0.9507115E+00  0.9936514E+00  0.9501267E+00  0.1146860E+01  0.1124083E+01  0.1062999E+01  0.1012775E+01  0.9771129E+00  0.1002147E+01  0.1012560E+01
  0.1036337E+01  0.9426471E+00  0.1082782E+01  0.1003445E+01  0.9912036E+00  0.1025748E+01  0.9673626E+00  0.9938844E+00  0.1188376E+01  0.1012950E+01
  0.1094983E+01  0.1118984E+01  0.1041543E+01  0.9758676E+00  0.1045531E+01  0.9848579E+00  0.1027841E+01  0.1212716E+01  0.1109299E+01  0.1037428E+01
  0.1051683E+01  0.9109008E+00  0.1106170E+01  0.1073290E+01  0.9277678E+00  0.9162313E+00  0.8469231E+00  0.1076538E+01  0.8564410E+00  0.9563484E+00
  0.1189571E+01  0.1021854E+01  0.9713903E+00  0.1186488E+01  0.1133573E+01  0.9481775E+00  0.1125126E+01  0.1062977E+01  0.1094016E+01  0.1144080E+01
  0.1001147E+01  0.1276230E+01  0.1020589E+01  0.1029309E+01  0.1072013E+01  0.1083625E+01  0.9873960E+00  0.1108079E+01  0.1194061E+01  0.1142991E+01
  0.1011667E+01  0.1119739E+01  0.1182354E+01  0.1169750E+01  0.9825905E+00  0.1229352E+01  0.1244431E+01  0.1222402E+01  0.1217540E+01  0.1099335E+01
  0.1054640E+01  0.1124876E+01  0.1148061E+01  0.1256803E+01  0.1332696E+01  0.1205516E+01  0.1136801E+01  0.1156717E+01  0.1149529E+01  0.1023513E+01
  0.1087728E+01  0.1187063E+01  0.1072733E+01  0.9492347E+00  0.1101614E+01  0.1106341E+01  0.1026523E+01  0.1006196E+01  0.9840658E+00  0.1178394E+01
  0.1059676E+01  0.1084833E+01  0.9840173E+00  0.1141893E+01  0.9646896E+00  0.9706241E+00  0.1132924E+01  0.1072420E+01  0.1195523E+01  0.1108327E+01
  0.1316194E+01  0.1323951E+01  0.1213462E+01  0.1197719E+01  0.1226387E+01  0.1046788E+01  0.1019413E+01  0.1120434E+01  0.1093756E+01  0.1034857E+01
  0.1328167E+01  0.1143930E+01  0.1594406E+01  0.1431677E+01  0.1395806E+01  0.1238494E+01  0.1285257E+01  0.1114048E+01  0.1138007E+01  0.1237566E+01
  0.1318462E+01  0.1171261E+01  0.1087064E+01  0.1059094E+01  0.1125055E+01  0.1125510E+01  0.1144218E+01  0.1119462E+01  0.1178474E+01  0.1117003E+01
  0.1280614E+01  0.1309298E+01  0.1236142E+01  0.1255852E+01  0.1203195E+01  0.1041521E+01  0.1119196E+01  0.1286886E+01  0.1095371E+01  0.1219284E+01
  0.1172327E+01  0.1214694E+01  0.1188223E+01  0.1376187E+01  0.1346345E+01  0.1208267E+01  0.1230427E+01  0.1054725E+01  0.1206748E+01  0.1268846E+01
  0.1319339E+01  0.1246411E+01  0.1513983E+01  0.1227005E+01  0.1323517E+01  0.1181258E+01  0.1317889E+01  0.1255530E+01  0.1460867E+01  0.1322848E+01
  0.1075235E+01  0.1277534E+01  0.1077501E+01  0.1159235E+01  0.1251769E+01  0.1197257E+01  0.1234559E+01  0.1137194E+01  0.1151744E+01  0.1120724E+01
  0.1230813E+01  0.1185605E+01  0.1099806E+01  0.1132775E+01  0.1188136E+01  0.1122649E+01  0.1212271E+01  0.1168851E+01  0.1207399E+01  0.1276887E+01
  0.1423888E+01  0.1443103E+01  0.1328016E+01  0.1258945E+01  0.1176722E+01  0.1150319E+01  0.1287491E+01  0.1260407E+01  0.1192887E+01  0.1060962E+01
  0.1163690E+01  0.1088168E+01  0.1360935E+01  0.1096476E+01  0.1008199E+01  0.1184910E+01  0.1097661E+01  0.9814204E+00  0.1231321E+01  0.1252538E+01
  0.1126961E+01  0.1114917E+01  0.1093083E+01  0.1313405E+01  0.1143287E+01  0.1146915E+01  0.1250878E+01  0.1265174E+01  0.1067279E+01  0.1137455E+01
  0.1385068E+01  0.1205116E+01  0.1310726E+01  0.1373751E+01  0.1241139E+01  0.1388707E+01  0.1345371E+01  0.1384198E+01  0.1402824E+01  0.1368270E+01
  0.1245708E+01  0.1163284E+01  0.1283815E+01  0.1221157E+01  0.1448959E+01  0.1188073E+01  0.1160768E+01  0.1185270E+01  0.1223327E+01  0.1215941E+01
  0.1396124E+01  0.1189394E+01  0.1147245E+01  0.1217934E+01  0.1321361E+01  0.1134830E+01  0.1124513E+01  0.1296093E+01  0.1138894E+01  0.1058591E+01
  0.1186085E+01  0.1226248E+01  0.1031189E+01  0.1208924E+01  0.1217402E+01  0.1154532E+01  0.1324155E+01  0.1436343E+01  0.1164702E+01  0.1331775E+01
  0.1193562E+01  0.1473742E+01  0.1668428E+01  0.1546948E+01  0.1420245E+01  0.1442309E+01  0.1202633E+01  0.1403043E+01  0.1224248E+01  0.1193663E+01
  0.1099011E+01  0.1139099E+01  0.1292021E+01  0.1284758E+01  0.1218110E+01  0.1243983E+01  0.1289467E+01  0.1471608E+01  0.1320069E+01  0.1439505E+01
  0.1265057E+01  0.1303843E+01  0.1582281E+01  0.1683280E+01  0.1138671E+01  0.1492785E+01  0.1541546E+01  0.1323468E+01  0.1284427E+01  0.1074944E+01
  0.1132237E+01  0.1173312E+01  0.1213797E+01  0.1216275E+01  0.1347230E+01  0.1364416E+01  0.1282455E+01  0.1382942E+01  0.1702153E+01  0.1560533E+01
  0.1318006E+01  0.1265137E+01  0.1145800E+01  0.1201638E+01  0.1296651E+01  0.1325959E+01  0.1237604E+01  0.1280581E+01  0.1115199E+01  0.1251683E+01
  0.1196170E+01  0.1257753E+01  0.1270088E+01  0.1122124E+01  0.1344882E+01  0.1360060E+01  0.1189483E+01  0.1271169E+01  0.1269248E+01  0.1238974E+01
  0.1023249E+01  0.1196032E+01  0.1129912E+01  0.1143318E+01  0.1266430E+01  0.1418025E+01  0.1396880E+01  0.1092528E+01  0.1287705E+01  0.1189718E+01
  0.1110514E+01  0.1175607E+01  0.1128770E+01  0.9728239E+00  0.1216244E+01  0.1203872E+01  0.1087052E+01  0.1074874E+01  0.1133749E+01  0.1027932E+01
  0.1286776E+01  0.1148382E+01  0.1200870E+01  0.1187094E+01  0.1284720E+01  0.1141098E+01  0.1359390E+01  0.1301798E+01  0.1309932E+01  0.1381405E+01
  0.1247488E+01  0.1237726E+01  0.1355037E+01  0.1190536E+01  0.1540345E+01  0.1360759E+01  0.1339988E+01  0.1184893E+01  0.1222179E+01  0.1294771E+01
  0.1252643E+01  0.1191044E+01  0.1235995E+01  0.1312567E+01  0.1127876E+01  0.1255787E+01  0.1265204E+01  0.1213355E+01  0.1388424E+01  0.1151983E+01
  0.1085915E+01  0.1148199E+01  0.1071764E+01  0.1116752E+01  0.1026804E+01  0.1147574E+01  0.1113731E+01  0.1182177E+01  0.1185506E+01  0.1217016E+01
  0.1499498E+01  0.1122370E+01  0.1166293E+01  0.1314606E+01  0.1405629E+01  0.1229337E+01  0.1576868E+01  0.1297248E+01  0.1358508E+01  0.1084171E+01
  0.1165500E+01  0.1070501E+01  0.1149078E+01  0.1236495E+01  0.1179633E+01  0.1139806E+01  0.1204121E+01  0.1230104E+01  0.1090399E+01  0.1244976E+01
  0.1223711E+01  0.1158425E+01  0.1193009E+01  0.1188325E+01  0.1180287E+01  0.1622836E+01  0.1159474E+01  0.1186331E+01  0.1144279E+01  0.1323263E+01
  0.1448137E+01  0.1292156E+01  0.1266873E+01  0.1280271E+01  0.1204592E+01  0.1191911E+01  0.1173186E+01  0.1192501E+01  0.1205874E+01  0.1253498E+01
  0.1373007E+01  0.1347997E+01  0.1201928E+01  0.1319308E+01  0.1389131E+01  0.1368492E+01  0.1199878E+01  0.1258048E+01  0.1354701E+01  0.1239756E+01
  0.1276519E+01  0.1258297E+01  0.1278344E+01  0.1441438E+01  0.1288145E+01  0.1222015E+01  0.1488087E+01  0.1169170E+01  0.1419239E+01  0.1398418E+01
  0.1227585E+01  0.1372404E+01  0.1103028E+01  0.1138885E+01  0.1366379E+01  0.1326134E+01  0.1108618E+01  0.1233890E+01  0.1198924E+01  0.1132146E+01
  0.1156156E+01  0.1395582E+01  0.1266258E+01  0.1233879E+01  0.1380118E+01  0.1163598E+01  0.1364246E+01  0.1207051E+01  0.1307355E+01  0.1385815E+01
  0.1241377E+01  0.1082755E+01  0.1333014E+01  0.1404501E+01  0.1125349E+01  0.1253275E+01  0.1210017E+01  0.1132471E+01  0.1413851E+01  0.1424601E+01
  0.1287057E+01  0.1487972E+01  0.1517561E+01  0.1283821E+01  0.1255251E+01  0.1464202E+01  0.1246597E+01  0.1454567E+01  0.1253734E+01  0.1374194E+01
  0.1549779E+01  0.1223692E+01  0.1230212E+01  0.1305474E+01  0.1412284E+01  0.1424827E+01  0.1633580E+01  0.1200488E+01  0.1471779E+01  0.1511870E+01
  0.1353902E+01  0.1569141E+01  0.1369936E+01  0.1366374E+01  0.1237824E+01  0.1330063E+01  0.1402188E+01  0.1466278E+01  0.1625115E+01  0.1529923E+01
  0.1435630E+01  0.1264481E+01  0.1356479E+01  0.1355415E+01  0.1229889E+01  0.1252630E+01  0.1192420E+01  0.1378407E+01  0.1244374E+01  0.1114882E+01
  0.1300475E+01  0.1076345E+01  0.1362324E+01  0.1508311E+01  0.1430675E+01  0.1257726E+01  0.1477046E+01  0.1506423E+01  0.1340199E+01  0.1352186E+01
  0.1352387E+01  0.1114464E+01  0.1335891E+01  0.1338848E+01  0.1235274E+01  0.1150267E+01  0.1234670E+01  0.1333718E+01  0.1168894E+01  0.1189874E+01
  0.1322268E+01  0.1235552E+01  0.1150719E+01  0.1041376E+01  0.1241334E+01  0.1073077E+01  0.1105127E+01  0.1029921E+01  0.1083394E+01  0.1053616E+01
  0.1133403E+01  0.1313303E+01  0.1250443E+01  0.1173976E+01  0.1238890E+01  0.1253917E+01  0.1151792E+01  0.1174007E+01  0.1064477E+01  0.1028692E+01
  0.1076601E+01  0.1238026E+01  0.1062587E+01  0.1055454E+01  0.1271942E+01  0.1172091E+01  0.1051303E+01  0.1440212E+01  0.1137362E+01  0.1348162E+01
  0.1274790E+01  0.1156951E+01  0.1140957E+01  0.1187376E+01  0.1385948E+01  0.1203309E+01  0.1234346E+01  0.1141704E+01  0.1043506E+01  0.1126440E+01
  0.1326289E+01  0.1119096E+01  0.1561322E+01  0.1231332E+01  0.1148601E+01  0.1256410E+01  0.1140672E+01  0.1196693E+01  0.1314315E+01  0.1110732E+01
  0.1155983E+01  0.1151401E+01  0.1164127E+01  0.1028537E+01  0.1076816E+01  0.1045539E+01  0.1247492E+01  0.1069366E+01  0.1088067E+01  0.1148448E+01
  0.1202458E+01  0.1085428E+01  0.1104453E+01  0.1298793E+01  0.1139358E+01  0.1338647E+01  0.1432996E+01  0.1316154E+01  0.1165239E+01  0.1141832E+01
  0.1097857E+01  0.1125523E+01  0.1141739E+01  0.1021423E+01  0.1262568E+01  0.1207731E+01  0.1306382E+01  0.1127056E+01  0.1067647E+01  0.1122420E+01
  0.1109735E+01  0.1179878E+01  0.1138123E+01  0.1166164E+01  0.1179474E+01  0.1355472E+01  0.1267430E+01  0.1257954E+01  0.1070056E+01  0.1275930E+01
  0.1300693E+01  0.1210609E+01  0.1131124E+01  0.1160530E+01  0.1121922E+01  0.1140686E+01  0.1131125E+01  0.1245886E+01  0.1181727E+01  0.1175632E+01
  0.1136600E+01  0.1171829E+01  0.1308257E+01  0.1163731E+01  0.1260999E+01  0.1191729E+01  0.1275452E+01  0.1173043E+01  0.1044278E+01  0.1151546E+01
  0.1200281E+01  0.1191508E+01  0.1093803E+01  0.1145613E+01  0.1322118E+01  0.1183305E+01  0.1508150E+01  0.1287992E+01  0.1432464E+01  0.1337401E+01
  0.1469295E+01  0.1353164E+01  0.1601666E+01  0.1495418E+01  0.1451275E+01  0.1229832E+01  0.1444902E+01  0.1503080E+01  0.1345021E+01  0.1240848E+01
  0.1333196E+01  0.1240623E+01  0.1440436E+01  0.1735921E+01  0.1544511E+01  0.1367566E+01  0.1309597E+01  0.1319875E+01  0.1329177E+01  0.1411010E+01
  0.1481418E+01  0.1469695E+01  0.1375542E+01  0.1521265E+01  0.1264676E+01  0.1112176E+01  0.1207950E+01  0.1293732E+01  0.1310342E+01  0.1205422E+01
  0.1253118E+01  0.1227541E+01  0.1270388E+01  0.1291801E+01  0.1185709E+01  0.1140097E+01  0.1125626E+01  0.1153229E+01  0.1145968E+01  0.1308727E+01
  0.1161993E+01
