Tom Lund and Greg Poulos.  64X64X64 dynamic Smagorinsky model with Sullivans surface layer correction.  Revised 08/18/03.         
 63
  0.6250000E+01  0.1250000E+02  0.1875000E+02  0.2500000E+02  0.3125000E+02  0.3750000E+02  0.4375000E+02  0.5000000E+02  0.5625000E+02  0.6250000E+02
  0.6875000E+02  0.7500000E+02  0.8125000E+02  0.8750000E+02  0.9375000E+02  0.1000000E+03  0.1062500E+03  0.1125000E+03  0.1187500E+03  0.1250000E+03
  0.1312500E+03  0.1375000E+03  0.1437500E+03  0.1500000E+03  0.1562500E+03  0.1625000E+03  0.1687500E+03  0.1750000E+03  0.1812500E+03  0.1875000E+03
  0.1937500E+03  0.2000000E+03  0.2062500E+03  0.2125000E+03  0.2187500E+03  0.2250000E+03  0.2312500E+03  0.2375000E+03  0.2437500E+03  0.2500000E+03
  0.2562500E+03  0.2625000E+03  0.2687500E+03  0.2750000E+03  0.2812500E+03  0.2875000E+03  0.2937500E+03  0.3000000E+03  0.3062500E+03  0.3125000E+03
  0.3187500E+03  0.3250000E+03  0.3312500E+03  0.3375000E+03  0.3437500E+03  0.3500000E+03  0.3562500E+03  0.3625000E+03  0.3687500E+03  0.3750000E+03
  0.3812500E+03  0.3875000E+03  0.3937500E+03
 -0.2660140E-01 -0.4544954E-01 -0.4662051E-01 -0.4786897E-01 -0.4792287E-01 -0.4718304E-01 -0.4573050E-01 -0.4402468E-01 -0.4204359E-01 -0.4053720E-01
 -0.3856370E-01 -0.3689853E-01 -0.3512905E-01 -0.3320518E-01 -0.3100653E-01 -0.2950756E-01 -0.2925229E-01 -0.2715129E-01 -0.2454595E-01 -0.2203878E-01
 -0.1955284E-01 -0.1722162E-01 -0.1519336E-01 -0.1320598E-01 -0.1122134E-01 -0.9347705E-02 -0.7608499E-02 -0.5956565E-02 -0.4488981E-02 -0.3270200E-02
 -0.2272773E-02 -0.1541173E-02 -0.1017224E-02 -0.6854369E-03 -0.5349063E-03 -0.4910753E-03 -0.4786560E-03 -0.5026915E-03 -0.5827090E-03 -0.6865336E-03
 -0.6706961E-03 -0.5680831E-03 -0.5315009E-03 -0.5477971E-03 -0.5596765E-03 -0.5599865E-03 -0.5597101E-03 -0.5608849E-03 -0.5628437E-03 -0.5647016E-03
 -0.5660212E-03 -0.5661671E-03 -0.5656206E-03 -0.5648403E-03 -0.5644977E-03 -0.5648997E-03 -0.5653185E-03 -0.5662608E-03 -0.5666830E-03 -0.5673044E-03
 -0.5672503E-03 -0.5671218E-03 -0.5653519E-03
 -0.4020834E-01 -0.1985808E-01 -0.1698977E-01 -0.1394628E-01 -0.1188852E-01 -0.1054065E-01 -0.9820295E-02 -0.9208474E-02 -0.8836585E-02 -0.8029621E-02
 -0.7660789E-02 -0.6996738E-02 -0.6476579E-02 -0.6067555E-02 -0.5879239E-02 -0.4896768E-02 -0.2614575E-02 -0.2135358E-02 -0.2069873E-02 -0.1939584E-02
 -0.1855127E-02 -0.1712184E-02 -0.1459202E-02 -0.1234091E-02 -0.1015899E-02 -0.8048086E-03 -0.6452983E-03 -0.5093585E-03 -0.3752058E-03 -0.2375324E-03
 -0.1339737E-03 -0.2060164E-04  0.5205982E-04  0.8880102E-04  0.1067048E-03  0.1085482E-03  0.9131616E-04  0.7020679E-04  0.4176383E-04  0.1850754E-04
 -0.9300501E-06 -0.4142478E-05 -0.3477695E-06  0.2260971E-06  0.1113234E-06  0.1539085E-07 -0.3280512E-08 -0.4610231E-08 -0.2189382E-08 -0.1418166E-08
  0.7094945E-09  0.1775769E-08  0.7973253E-08  0.3566685E-08 -0.2536594E-08 -0.1029043E-07 -0.9664905E-08 -0.2748540E-08 -0.2146501E-08  0.9480617E-08
 -0.1687495E-07  0.3258571E-07 -0.3880875E-07
 -0.1766381E-01 -0.2819928E-01 -0.2627581E-01 -0.2431492E-01 -0.2212461E-01 -0.1988991E-01 -0.1747304E-01 -0.1468527E-01 -0.1204753E-01 -0.9791933E-02
 -0.7963179E-02 -0.6267131E-02 -0.4709932E-02 -0.3042572E-02 -0.1440221E-02 -0.7116280E-04  0.1311619E-02  0.2411157E-02  0.3355278E-02  0.4042474E-02
  0.4692822E-02  0.5134261E-02  0.5543741E-02  0.5712986E-02  0.5696497E-02  0.5549400E-02  0.5165594E-02  0.4732448E-02  0.4219591E-02  0.3681384E-02
  0.3069267E-02  0.2432752E-02  0.1835749E-02  0.1333358E-02  0.9038676E-03  0.5695512E-03  0.3640531E-03  0.2337382E-03  0.1366684E-03  0.8207090E-04
  0.7739377E-04  0.1024476E-03  0.1104196E-03  0.1106436E-03  0.1107038E-03  0.1085622E-03  0.1060714E-03  0.1043199E-03  0.1033850E-03  0.1029729E-03
  0.1027556E-03  0.1018508E-03  0.1005405E-03  0.9940731E-04  0.9870743E-04  0.9823287E-04  0.9773579E-04  0.9715922E-04  0.9685839E-04  0.9657579E-04
  0.9659372E-04  0.9588716E-04  0.9581787E-04
 -0.2759731E-01 -0.1231075E-01 -0.9761872E-02 -0.7489234E-02 -0.5685390E-02 -0.4247450E-02 -0.3264942E-02 -0.2834600E-02 -0.2450475E-02 -0.1932852E-02
 -0.1270027E-02 -0.7354540E-03 -0.2777277E-03 -0.7750213E-04  0.2301781E-04  0.2389618E-03  0.3061130E-03  0.3737531E-03  0.4662689E-03  0.6291100E-03
  0.6617064E-03  0.7714498E-03  0.7376471E-03  0.7522743E-03  0.7694943E-03  0.6974701E-03  0.7125451E-03  0.7020305E-03  0.6587298E-03  0.5708345E-03
  0.4808480E-03  0.3866033E-03  0.2946026E-03  0.2103466E-03  0.1388195E-03  0.8742575E-04  0.4590590E-04  0.1990863E-04  0.6103013E-05  0.3527314E-05
  0.1146108E-05 -0.2147988E-07 -0.4463253E-07 -0.1010949E-06 -0.4434689E-07 -0.5776710E-09  0.7029174E-08  0.3706193E-08  0.5857915E-09 -0.1960862E-08
 -0.3313489E-08 -0.8995485E-09 -0.1756314E-08  0.1624093E-08  0.4841102E-10  0.3054174E-08 -0.1781953E-08  0.4348045E-08  0.4321830E-09  0.4215818E-08
 -0.5335258E-09 -0.1285575E-07 -0.1678491E-07
 -0.1021945E-01 -0.1049588E-01 -0.1030258E-01 -0.1014788E-01 -0.9939706E-02 -0.9714249E-02 -0.9451523E-02 -0.9181548E-02 -0.8885957E-02 -0.8615841E-02
 -0.8346919E-02 -0.8069077E-02 -0.7787855E-02 -0.7499765E-02 -0.7199408E-02 -0.6920267E-02 -0.6604107E-02 -0.6293641E-02 -0.5944961E-02 -0.5582443E-02
 -0.5226964E-02 -0.4898876E-02 -0.4591182E-02 -0.4287673E-02 -0.3955032E-02 -0.3624404E-02 -0.3271872E-02 -0.2923907E-02 -0.2583685E-02 -0.2255166E-02
 -0.1935714E-02 -0.1630970E-02 -0.1338187E-02 -0.1064390E-02 -0.8146136E-03 -0.6066736E-03 -0.4539176E-03 -0.3350668E-03 -0.2462278E-03 -0.1689986E-03
 -0.8298637E-04 -0.3180996E-05  0.4515729E-04  0.5545933E-04  0.3739543E-04  0.1092950E-04 -0.7332586E-05 -0.1211250E-04 -0.8388305E-05 -0.3800540E-05
 -0.1625299E-05 -0.1359946E-05 -0.1670582E-05 -0.1655326E-05 -0.1378886E-05 -0.1396227E-05 -0.1855637E-05 -0.2445354E-05 -0.2564449E-05 -0.1714023E-05
  0.4741578E-06  0.4383813E-05  0.1066917E-04
 -0.2483855E-02 -0.1840012E-02 -0.1668614E-02 -0.1465320E-02 -0.1321792E-02 -0.1197712E-02 -0.1110414E-02 -0.1027987E-02 -0.9785182E-03 -0.9158044E-03
 -0.8583414E-03 -0.8140949E-03 -0.7777637E-03 -0.7435715E-03 -0.7244134E-03 -0.6776744E-03 -0.6555565E-03 -0.6150073E-03 -0.6062653E-03 -0.5992929E-03
 -0.5877529E-03 -0.5611874E-03 -0.5328870E-03 -0.4939644E-03 -0.4617464E-03 -0.4175797E-03 -0.3904937E-03 -0.3615556E-03 -0.3356806E-03 -0.3035779E-03
 -0.2676494E-03 -0.2286504E-03 -0.1920458E-03 -0.1602178E-03 -0.1285592E-03 -0.9812587E-04 -0.7310922E-04 -0.5179262E-04 -0.2805917E-04 -0.1089733E-04
 -0.6499554E-05 -0.3966404E-05 -0.1601186E-05 -0.7369336E-06 -0.4653368E-06 -0.4536915E-06 -0.4434586E-06 -0.3910541E-06 -0.3328789E-06 -0.2820865E-06
 -0.2517608E-06 -0.2065367E-06 -0.1691904E-06 -0.1527853E-06 -0.1448879E-06 -0.1394910E-06 -0.1314556E-06 -0.1386440E-06 -0.1521506E-06 -0.1708751E-06
 -0.1913813E-06 -0.2297933E-06 -0.2224235E-06
 -0.4302191E+03 -0.2978227E+03 -0.1957056E+03 -0.1038262E+03 -0.2077532E+02  0.5642276E+02  0.1305008E+03  0.2027278E+03  0.2735643E+03  0.3423863E+03
  0.4093909E+03  0.4747451E+03  0.5374438E+03  0.5981216E+03  0.6577159E+03  0.7140010E+03  0.7734309E+03  0.8342079E+03  0.8910228E+03  0.9475798E+03
  0.1003324E+04  0.1059627E+04  0.1114764E+04  0.1167194E+04  0.1216462E+04  0.1261455E+04  0.1302201E+04  0.1339193E+04  0.1371938E+04  0.1399010E+04
  0.1419307E+04  0.1429411E+04  0.1425579E+04  0.1407586E+04  0.1374543E+04  0.1325795E+04  0.1264565E+04  0.1195278E+04  0.1124803E+04  0.1069746E+04
  0.1050377E+04  0.1059249E+04  0.1068688E+04  0.1069894E+04  0.1068532E+04  0.1067941E+04  0.1067967E+04  0.1068157E+04  0.1068380E+04  0.1068608E+04
  0.1068816E+04  0.1069040E+04  0.1069249E+04  0.1069445E+04  0.1069679E+04  0.1069950E+04  0.1070251E+04  0.1070508E+04  0.1070759E+04  0.1070934E+04
  0.1071208E+04  0.1071425E+04  0.1071631E+04
  0.8297069E-04  0.1209471E-03  0.1168671E-03  0.1086669E-03  0.1016790E-03  0.9692651E-04  0.9341838E-04  0.8919540E-04  0.8516435E-04  0.8108218E-04
  0.7646766E-04  0.7285560E-04  0.6915333E-04  0.6619645E-04  0.6365025E-04  0.6019914E-04  0.5627003E-04  0.5177732E-04  0.4861192E-04  0.4753265E-04
  0.4554869E-04  0.4136875E-04  0.3661791E-04  0.3173006E-04  0.2697694E-04  0.2223994E-04  0.1748074E-04  0.1315279E-04  0.9530538E-05  0.6219321E-05
  0.3112515E-05  0.7322648E-06 -0.7246180E-06 -0.1268900E-05 -0.1237731E-05 -0.9384929E-06 -0.6007587E-06 -0.3180917E-06 -0.1184328E-06 -0.2009538E-07
  0.9237582E-08  0.9643381E-08  0.2429040E-08 -0.9810753E-10 -0.3311497E-11  0.1822877E-09  0.2706021E-09  0.2816875E-09  0.2022810E-09  0.6502349E-10
 -0.3483880E-10 -0.8081049E-10 -0.5966699E-10 -0.1134665E-11  0.1412089E-10 -0.2497643E-10 -0.5003221E-10  0.9944500E-11  0.1090396E-09  0.1798412E-09
  0.2496924E-09  0.3191533E-09  0.3066747E-09
  0.4595493E+03  0.5472900E+03  0.6086199E+03  0.6599948E+03  0.7024115E+03  0.7366245E+03  0.7639447E+03  0.7871547E+03  0.8080440E+03  0.8261103E+03
  0.8398084E+03  0.8486057E+03  0.8531402E+03  0.8547846E+03  0.8550719E+03  0.8536083E+03  0.8482688E+03  0.8394152E+03  0.8282377E+03  0.8125940E+03
  0.7932044E+03  0.7699933E+03  0.7433143E+03  0.7141643E+03  0.6803768E+03  0.6436689E+03  0.6035364E+03  0.5574901E+03  0.5056547E+03  0.4493977E+03
  0.3894587E+03  0.3261634E+03  0.2625275E+03  0.2012953E+03  0.1445472E+03  0.9501002E+02  0.5592326E+02  0.2902088E+02  0.1364028E+02  0.4566840E+01
 -0.6280773E+00 -0.1495444E+01 -0.1138111E+01 -0.5852052E+00  0.4430693E-01  0.2162720E+00  0.7778277E-01 -0.5710988E-01 -0.1040064E+00 -0.8376321E-01
 -0.2662108E-01  0.3184700E-02  0.1839592E-01  0.6784470E-02 -0.2318799E-01 -0.5162049E-01 -0.6132640E-01 -0.8622000E-01 -0.1317042E+00 -0.1721774E+00
 -0.1961538E+00 -0.1472842E+00 -0.4260583E-01
  0.5574354E-04  0.7906828E-04  0.7080147E-04  0.6065961E-04  0.5064290E-04  0.4079542E-04  0.3271493E-04  0.2535616E-04  0.1831906E-04  0.1201469E-04
  0.6209277E-05  0.9979429E-06 -0.3056951E-05 -0.5300970E-05 -0.6837981E-05 -0.8921123E-05 -0.1205920E-04 -0.1495389E-04 -0.1746934E-04 -0.2097950E-04
 -0.2392285E-04 -0.2514642E-04 -0.2577751E-04 -0.2578575E-04 -0.2483083E-04 -0.2394675E-04 -0.2317607E-04 -0.2179272E-04 -0.1987119E-04 -0.1694278E-04
 -0.1324189E-04 -0.9687298E-05 -0.6571732E-05 -0.4054071E-05 -0.2192390E-05 -0.1007055E-05 -0.3715864E-06 -0.9246135E-07 -0.7643039E-08  0.3252770E-09
 -0.3357455E-08 -0.2856932E-08 -0.8765320E-09  0.5580270E-10  0.1746075E-10  0.4585595E-10  0.8280450E-10  0.1012036E-09  0.7236068E-10  0.1406016E-10
 -0.3878310E-11  0.2569061E-10  0.5794346E-10  0.5294176E-10  0.3450837E-10  0.3711046E-10  0.3624594E-10  0.1280023E-10 -0.6594686E-11  0.9092806E-11
 -0.2068894E-11 -0.5340713E-10 -0.5148092E-10
